-4.216463202e-03	-4.207767500e-08
-4.213137195e-03	-4.159525441e-08
-4.209473123e-03	-4.112387928e-08
-4.206697889e-03	-4.065377342e-08
-4.203016111e-03	-4.018253084e-08
-4.200017416e-03	-3.971121466e-08
-4.196802335e-03	-3.924023176e-08
-4.193522746e-03	-3.876796752e-08
-4.190140094e-03	-3.829685481e-08
-4.186685309e-03	-3.781394329e-08
-4.183080223e-03	-3.734313514e-08
-4.180513585e-03	-3.687213577e-08
-4.176515724e-03	-3.640123950e-08
-4.173427099e-03	-3.592909218e-08
-4.169332193e-03	-3.545793094e-08
-4.165949720e-03	-3.498692321e-08
-4.162664582e-03	-3.451582077e-08
-4.158853345e-03	-3.403251429e-08
-4.155359236e-03	-3.356184118e-08
-4.151194503e-03	-3.308938453e-08
-4.147734360e-03	-3.261861646e-08
-4.144238952e-03	-3.214731870e-08
-4.140056449e-03	-3.167664867e-08
-4.136318579e-03	-3.120548871e-08
-4.132818619e-03	-3.073443534e-08
-4.128396013e-03	-3.025172077e-08
-4.124371203e-03	-2.977932361e-08
-4.120815811e-03	-2.930829288e-08
-4.116516028e-03	-2.883732363e-08
-4.112669050e-03	-2.836637241e-08
-4.108533883e-03	-2.789569408e-08
-4.104912667e-03	-2.742417999e-08
-4.099795487e-03	-2.694012458e-08
-4.096109336e-03	-2.646896686e-08
-4.092215140e-03	-2.599823151e-08
-4.087394227e-03	-2.552703889e-08
-4.082893145e-03	-2.505582484e-08
-4.078242006e-03	-2.458468058e-08
-4.073459360e-03	-2.411370150e-08
-4.068807310e-03	-2.364221575e-08
-4.063504153e-03	-2.315924419e-08
-4.058514319e-03	-2.268801201e-08
-4.053586857e-03	-2.221724840e-08
-4.048172527e-03	-2.174586984e-08
-4.042442151e-03	-2.127476271e-08
-4.036448047e-03	-2.080240806e-08
-4.031205145e-03	-2.033170133e-08
-4.025316485e-03	-1.986032538e-08
-4.018502619e-03	-1.937763652e-08
-4.012111274e-03	-1.890631620e-08
-4.005426727e-03	-1.843592197e-08
-3.998365395e-03	-1.796370811e-08
-3.991273591e-03	-1.749249087e-08
-3.983368373e-03	-1.702096549e-08
-3.975200301e-03	-1.655054739e-08
-3.966712729e-03	-1.606743256e-08
-3.958111603e-03	-1.559650470e-08
-3.949174596e-03	-1.512544221e-08
-3.939255432e-03	-1.465341165e-08
-3.928727676e-03	-1.418222950e-08
-3.917815207e-03	-1.371120175e-08
-3.906409174e-03	-1.324032879e-08
-3.894241392e-03	-1.276949811e-08
-3.880613946e-03	-1.228666049e-08
-3.866552535e-03	-1.181451345e-08
-3.852090236e-03	-1.134319743e-08
-3.835905171e-03	-1.087235606e-08
-3.818962854e-03	-1.040111364e-08
-3.800184639e-03	-9.929984967e-09
-3.779847399e-03	-9.458816408e-09
-3.757785627e-03	-8.986755251e-09
-3.733543928e-03	-8.527741681e-09
-3.709817101e-03	-8.103700786e-09
-3.685486073e-03	-7.703378237e-09
-3.658815093e-03	-7.314972699e-09
-3.631587471e-03	-6.949900322e-09
-3.603856271e-03	-6.608412579e-09
-3.574250340e-03	-6.278851692e-09
-3.543701639e-03	-5.959860633e-09
-3.512372599e-03	-5.665508924e-09
-3.479817424e-03	-5.382391518e-09
-3.445481524e-03	-5.111798469e-09
-3.409811303e-03	-4.852660572e-09
-3.371702962e-03	-4.605048216e-09
-3.334464183e-03	-4.381695592e-09
-3.293964349e-03	-4.158317726e-09
-3.254274799e-03	-3.957766787e-09
-3.211406351e-03	-3.757867679e-09
-3.166565554e-03	-3.569092446e-09
-3.120969926e-03	-3.392603481e-09
-3.071220331e-03	-3.216232251e-09
-3.024463578e-03	-3.062879842e-09
-2.973112437e-03	-2.908498251e-09
-2.917426983e-03	-2.755496791e-09
-2.866701067e-03	-2.625999712e-09
-2.812007270e-03	-2.496165860e-09
-2.752645590e-03	-2.366564151e-09
-2.693409900e-03	-2.249070727e-09
-2.629441860e-03	-2.131158674e-09
-2.567870738e-03	-2.024982727e-09
-2.509324497e-03	-1.930785546e-09
-2.446225197e-03	-1.837086795e-09
-2.378596083e-03	-1.742483771e-09
-2.306050136e-03	-1.648244604e-09
-2.237916098e-03	-1.565685281e-09
-2.177691866e-03	-1.495525686e-09
-2.101163536e-03	-1.413122186e-09
-2.032032558e-03	-1.342595576e-09
-1.971914646e-03	-1.283756733e-09
-1.895868433e-03	-1.212877528e-09
-1.829642181e-03	-1.154045676e-09
-1.759504929e-03	-1.095292357e-09
-1.687237539e-03	-1.036030038e-09
-1.627959510e-03	-9.891342236e-10
-1.565419024e-03	-9.422671761e-10
-1.501304086e-03	-8.948750083e-10
-1.434786290e-03	-8.477472149e-10
-1.366713644e-03	-8.006298948e-10
-1.315061099e-03	-7.656763587e-10
-1.261421186e-03	-7.301958952e-10
-1.207081453e-03	-6.947142746e-10
-1.151276467e-03	-6.592936076e-10
-1.095169594e-03	-6.239796901e-10
-1.038030611e-03	-5.889606810e-10
-9.998225384e-04	-5.654150729e-10
-9.414344905e-04	-5.298668150e-10
-9.020935950e-04	-5.063209077e-10
-8.626861112e-04	-4.828691762e-10
-8.224092651e-04	-4.590181626e-10
-7.815183983e-04	-4.354292506e-10
-7.415056839e-04	-4.120973783e-10
-7.018271999e-04	-3.891088608e-10
-6.803815639e-04	-3.771435556e-10
-6.389529661e-04	-3.534519567e-10
-6.178330895e-04	-3.416249622e-10
-5.767132429e-04	-3.183455901e-10
-5.561422359e-04	-3.063079230e-10
-5.350686532e-04	-2.946257223e-10
-4.929590898e-04	-2.709141068e-10
-4.722887251e-04	-2.592130184e-10
-4.504367378e-04	-2.472377580e-10
-4.294212561e-04	-2.356829834e-10
-4.085236025e-04	-2.238018419e-10
-3.875435391e-04	-2.120998649e-10
-3.663624100e-04	-2.004652843e-10
-3.451890389e-04	-1.885403849e-10
-3.234122151e-04	-1.768160851e-10
-3.012489881e-04	-1.648503330e-10
-2.804203588e-04	-1.531017381e-10
-2.586902356e-04	-1.412567893e-10
-2.373262937e-04	-1.294782655e-10
-2.163987495e-04	-1.179982388e-10
-1.947448054e-04	-1.059613409e-10
-1.732098251e-04	-9.415327332e-11
-1.515174905e-04	-8.218612626e-11
-1.309669959e-04	-7.080085558e-11
-1.095608545e-04	-5.893545469e-11
-8.726311127e-05	-4.694514044e-11
-6.577956494e-05	-3.539547390e-11
-4.565070295e-05	-2.403833495e-11
-2.409512292e-05	-1.215724870e-11
-2.355964299e-06	-3.740788287e-13
1.953183487e-05	1.143822115e-11
4.095400546e-05	2.329672168e-11
6.238555043e-05	3.515883700e-11
8.376715989e-05	4.693360924e-11
1.057461692e-04	5.872466853e-11
1.261307162e-04	7.014193715e-11
1.476439738e-04	8.217925290e-11
1.702758735e-04	9.425944462e-11
1.920959611e-04	1.060633091e-10
2.132765750e-04	1.177860356e-10
2.343979259e-04	1.294836790e-10
2.546723300e-04	1.410781407e-10
2.767319306e-04	1.531332976e-10
2.977331281e-04	1.646369808e-10
3.195837273e-04	1.766183162e-10
3.408598884e-04	1.882696263e-10
3.622420322e-04	2.001379351e-10
3.839011199e-04	2.118217658e-10
4.055239119e-04	2.238116001e-10
4.274388942e-04	2.356479250e-10
4.483083522e-04	2.474898255e-10
4.689860841e-04	2.589400402e-10
4.899863727e-04	2.708004950e-10
5.111812148e-04	2.826250350e-10
5.534759933e-04	3.062587081e-10
5.752462346e-04	3.183144385e-10
5.954610587e-04	3.298874091e-10
6.363850859e-04	3.529888684e-10
6.573053700e-04	3.648037332e-10
6.989477741e-04	3.886732179e-10
7.185643438e-04	4.001943446e-10
7.602635871e-04	4.239627934e-10
8.017556452e-04	4.475065426e-10
8.419413341e-04	4.711302239e-10
8.825681185e-04	4.947902495e-10
9.221865972e-04	5.182705275e-10
9.615227605e-04	5.416217055e-10
1.000751630e-03	5.652376458e-10
1.059990358e-03	6.009790042e-10
1.097824496e-03	6.245434931e-10
1.154996139e-03	6.598485693e-10
1.211647098e-03	6.952127921e-10
1.265690407e-03	7.302106521e-10
1.318993636e-03	7.654041001e-10
1.371977616e-03	8.011555224e-10
1.441256663e-03	8.483309828e-10
1.492058899e-03	8.837826692e-10
1.556896713e-03	9.307511295e-10
1.621414835e-03	9.780032342e-10
1.683093983e-03	1.025133527e-09
1.742829047e-03	1.072264745e-09
1.814183129e-03	1.130677050e-09
1.883148496e-03	1.189667761e-09
1.948739839e-03	1.248388822e-09
2.011836969e-03	1.307288275e-09
2.083510941e-03	1.378135795e-09
2.141288385e-03	1.437020102e-09
2.217258832e-03	1.519257503e-09
2.278925737e-03	1.589962598e-09
2.346795959e-03	1.672375597e-09
2.410566457e-03	1.755017130e-09
2.469510775e-03	1.837507925e-09
2.533080525e-03	1.931783833e-09
2.593861541e-03	2.026215953e-09
2.656260789e-03	2.132150092e-09
2.715059989e-03	2.237658420e-09
2.775385161e-03	2.355775055e-09
2.831476111e-03	2.473590610e-09
2.883025794e-03	2.591259745e-09
2.935847666e-03	2.720401673e-09
2.989465679e-03	2.862169090e-09
3.038971976e-03	3.004323233e-09
3.084990569e-03	3.146024099e-09
3.133119496e-03	3.311004049e-09
3.178163655e-03	3.475611411e-09
3.222535604e-03	3.652252311e-09
3.263874202e-03	3.829149385e-09
3.304088178e-03	4.017801674e-09
3.343542202e-03	4.217633198e-09
3.381650381e-03	4.429768264e-09
3.418602117e-03	4.653172630e-09
3.454199588e-03	4.888721291e-09
3.488424905e-03	5.136323652e-09
3.520361685e-03	5.383633252e-09
3.552229383e-03	5.653946349e-09
3.583057232e-03	5.936615089e-09
3.613389870e-03	6.243827311e-09
3.641040192e-03	6.550560921e-09
3.668466854e-03	6.880155522e-09
3.694403801e-03	7.221707706e-09
3.719839059e-03	7.586362174e-09
3.744068164e-03	7.963418628e-09
3.767576189e-03	8.363741305e-09
3.790107749e-03	8.776128974e-09
3.812419600e-03	9.212883247e-09
3.833252428e-03	9.683981511e-09
3.852495257e-03	1.015481766e-08
3.870576924e-03	1.062603057e-08
3.887228847e-03	1.109705090e-08
3.902344427e-03	1.156814275e-08
3.916534370e-03	1.203955380e-08
3.929879504e-03	1.251086218e-08
3.942697240e-03	1.298206043e-08
3.954235240e-03	1.346529562e-08
3.965186762e-03	1.393587229e-08
3.975826631e-03	1.440706586e-08
3.985867570e-03	1.487783574e-08
3.995029308e-03	1.535035769e-08
4.003523835e-03	1.582121285e-08
4.011889040e-03	1.629251663e-08
4.019720769e-03	1.676338365e-08
4.027637248e-03	1.724641447e-08
4.034799825e-03	1.771706715e-08
4.041932529e-03	1.818924681e-08
4.048910601e-03	1.866015607e-08
4.055637117e-03	1.913150786e-08
4.061611399e-03	1.960206970e-08
4.067411001e-03	2.007353403e-08
4.073294607e-03	2.055642188e-08
4.078917798e-03	2.102726238e-08
4.083956377e-03	2.149916807e-08
4.089499990e-03	2.197030661e-08
4.094925102e-03	2.244133133e-08
4.100002324e-03	2.291248957e-08
4.104800109e-03	2.338299004e-08
4.109259418e-03	2.385428313e-08
4.113655976e-03	2.433779871e-08
4.118489915e-03	2.480886654e-08
4.123271156e-03	2.527988889e-08
4.127831513e-03	2.575108430e-08
4.131719817e-03	2.622230542e-08
4.135958719e-03	2.669349623e-08
4.140348286e-03	2.716527814e-08
4.144606776e-03	2.763668412e-08
4.149111269e-03	2.811966429e-08
4.152530994e-03	2.859070203e-08
4.156838300e-03	2.906129830e-08
4.160530680e-03	2.953277579e-08
4.164474437e-03	3.000376559e-08
4.168219106e-03	3.047594866e-08
4.172186186e-03	3.094693617e-08
4.175855119e-03	3.142980908e-08
4.179338087e-03	3.190082372e-08
4.183085228e-03	3.237174033e-08
4.186820927e-03	3.284232819e-08
4.190749263e-03	3.331486515e-08
4.194435896e-03	3.378594272e-08
4.197578232e-03	3.425716596e-08
4.201378653e-03	3.472788791e-08
4.205051641e-03	3.521091077e-08
4.208227140e-03	3.568194127e-08
4.211750350e-03	3.615248064e-08
4.215357248e-03	3.662447188e-08
4.219181473e-03	3.709587846e-08
4.222124448e-03	3.756702676e-08
4.225409823e-03	3.803819776e-08
4.228764362e-03	3.850923233e-08
4.232062366e-03	3.899166940e-08
4.235278247e-03	3.946401515e-08
4.238721207e-03	3.993496477e-08
4.241719904e-03	4.040603077e-08
4.245322511e-03	4.087690022e-08
4.248835067e-03	4.134789681e-08
4.252080356e-03	4.181874051e-08
4.255325895e-03	4.230258143e-08