3.9462908432597E-6	0
1.8447136596933E-6	1.01007550314386E-12
2.07700637702146E-6	4.04030201257544E-12
1.31905487137374E-5	9.09067952829474E-12
1.31963040075789E-5	1.61612080503018E-11
2.42725207669992E-5	2.52518875785965E-11
3.56676937826705E-5	3.6362718113179E-11
4.67395999692144E-5	4.94936996540491E-11
5.80108523479339E-5	6.4644832201207E-11
8.01821107074829E-5	8.18161157546526E-11
1.02305955243764E-4	1.01007550314386E-10
1.13302999687903E-4	1.22219135880407E-10
1.35444726748801E-4	1.45450872452716E-10
1.68479845257252E-4	1.70702760031312E-10
1.9044194590947E-4	1.97974798616197E-10
2.12343185080499E-4	2.27266988207368E-10
2.45203101923153E-4	2.58579328804828E-10
2.7837246971103E-4	2.91911820408576E-10
3.11260687777803E-4	3.27264463018611E-10
3.43371159226535E-4	3.64637256634933E-10
3.87728667828924E-4	4.04030201257544E-10
4.21062433673569E-4	4.45443296886442E-10
4.65430593010296E-4	4.88876543521628E-10
5.09132612438634E-4	5.34329941163102E-10
5.52357540851745E-4	5.81803489810863E-10
5.9603425502246E-4	6.31297189464913E-10
6.5042322181057E-4	6.82811040125249E-10
6.9347857838693E-4	7.36345041791874E-10
7.47601990224212E-4	7.91899194464786E-10
7.99549070876537E-4	8.49473498143986E-10
8.53872657182819E-4	9.09067952829474E-10
9.07044274765667E-4	9.70682558521249E-10
9.70714688395446E-4	1.03431731521931E-9
0.00102209258035941	1.09997222292366E-9
0.0010837114257356	1.1676472816343E-9
0.00114582304939859	1.23734249135123E-9
0.00120399816829035	1.30905785207444E-9
0.00127482254670781	1.38279336380394E-9
0.00133464855644547	1.45854902653973E-9
0.00140324431817476	1.53632484028181E-9
0.00147018242682861	1.61612080503018E-9
0.00153529320144798	1.69793692078483E-9
0.0015989851744223	1.78177318754577E-9
0.00166465999362231	1.867629605313E-9
0.00173633727354172	1.95550617408651E-9
0.00179975171067781	2.04540289386632E-9
0.00187113423584151	2.13731976465241E-9
0.00193730792370275	2.23125678644479E-9
0.002012820881896	2.32721395924345E-9
0.00207782274143824	2.42519128304841E-9
0.00214944360392906	2.52518875785965E-9
0.00220954481272315	2.62720638367718E-9
0.0022753667083748	2.731244160501E-9
0.00234055031340858	2.8373020883311E-9
0.00240977941754181	2.9453801671675E-9
0.00247348548385276	3.05547839701018E-9
0.00253728712918928	3.16759677785915E-9
0.00259378876071423	3.2817353097144E-9
0.00265494959557486	3.39789399257594E-9
0.00272105157393412	3.51607282644378E-9
0.00277543397940008	3.6362718113179E-9
0.00283199163011432	3.7584909471983E-9
0.00288826266062756	3.882730234085E-9
0.00294183454362837	4.00898967197798E-9
0.0029976849680736	4.13726926087725E-9
0.00305069886402976	4.26756900078281E-9
0.00310070874655253	4.39988889169465E-9
0.00314775874890074	4.53422893361279E-9
0.00320031075842735	4.67058912653721E-9
0.00324429228215308	4.80896947046792E-9
0.00328821692638144	4.94936996540491E-9
0.00333614403606361	5.0917906113482E-9
0.00337816462725868	5.23623140829777E-9
0.00341894879413189	5.38269235625363E-9
0.00345902597697432	5.53117345521578E-9
0.00349831197334538	5.68167470518421E-9
0.0035365175601612	5.83419610615894E-9
0.0035765466651128	5.98873765813995E-9
0.00361150687106146	6.14529936112724E-9
0.00364649365278638	6.30388121512083E-9
0.00368129645434578	6.4644832201207E-9
0.00371516742085305	6.62710537612687E-9
0.0037459221140864	6.79174768313931E-9
0.00377753088575332	6.95841014115805E-9
0.00380904085689053	7.12709275018308E-9
0.00383674340080233	7.29779551021439E-9
0.0038686431963356	7.47051842125199E-9
0.00389575370232365	7.64526148329588E-9
0.00392179678911475	7.82202469634605E-9
0.00394772242361796	8.00080806040252E-9
0.00397512096625974	8.18161157546527E-9
0.003997186010821	8.3644352415343E-9
0.00402314321626704	8.54927905860963E-9
0.00404517375631599	8.73614302669124E-9
0.00406751424744129	8.92502714577915E-9
0.00409112626590513	9.11593141587334E-9
0.00411027701059652	9.30885583697381E-9
0.0041325238519903	9.50380040908057E-9
0.00415094414611303	9.70076513219363E-9
0.00417086521047168	9.89975000631297E-9
0.0041899285557065	1.01007550314386E-8
0.00420718710950609	1.03037802075705E-8
0.00422519082896997	1.05088255347087E-8
0.00424342732151786	1.07158910128532E-8
0.00426203055224619	1.0924976642004E-8
0.00427856402191651	1.11360824221611E-8
0.00429420588749281	1.13492083533244E-8
0.00430968438833474	1.15643544354941E-8
0.00432291586623137	1.178152066867E-8
0.00433886719878842	1.20007070528522E-8
0.00435273056741039	1.22219135880407E-8
0.00436797061278185	1.24451402742355E-8
0.00438183242105765	1.26703871114366E-8
0.00439729517939327	1.28976540996439E-8
0.00440988764401027	1.31269412388576E-8
0.00442303240207593	1.33582485290776E-8
0.00443429148190262	1.35915759703038E-8
0.00444623754537474	1.38269235625363E-8
0.00445846639168508	1.40642913057751E-8
0.00447034382373772	1.43036792000202E-8
0.0044808202548893	1.45450872452716E-8
0.00449211993200152	1.47885154415293E-8
0.00450241582874469	1.50339637887932E-8
0.00451444013696118	1.52814322870635E-8
0.0045244246392997	1.553092093634E-8
0.0045351042242828	1.57824297366228E-8
0.00454507658289458	1.60359586879119E-8
0.00455492664779627	1.62915077902073E-8
0.00456266670989294	1.6549077043509E-8
0.00457272613344912	1.6808666447817E-8
0.00458136827764406	1.70702760031312E-8
0.00459040134140309	1.73339057094518E-8
0.00459932238032366	1.75995555667786E-8
0.00460699145675676	1.78672255751117E-8
0.00461625358051947	1.81369157344511E-8
0.00462354623693386	1.84086260447968E-8
0.00463183437581165	1.86823565061488E-8
0.00464017259676552	1.89581071185071E-8
0.00464810408158769	1.92358778818717E-8
0.00465601310673947	1.95156687962425E-8
0.00466248208786055	1.97974798616197E-8
0.00466986963155591	2.00813110780031E-8
0.0046772244940712	2.03671624453928E-8
0.00468444326450026	2.06550339637888E-8
0.00469193302482154	2.09449256331911E-8
0.00469804238366578	2.12368374535997E-8
0.00470558342741469	2.15307694250145E-8
0.00471159640287055	2.18267215474357E-8
0.00471866100589864	2.21246938208631E-8
0.00472495241787101	2.24246862452968E-8
0.00473062535311897	2.27266988207368E-8
0.00473634755114176	2.30307315471832E-8
0.00474240710974527	2.33367844246357E-8
0.00474866064751041	2.36448574530946E-8
0.00475444159623066	2.39549506325598E-8
0.00476074350668227	2.42670639630312E-8
0.00476555399358176	2.4581197444509E-8
0.00477125187891261	2.4897351076993E-8
0.00477668441868104	2.52155248604833E-8
0.00478262020996567	2.55357187949799E-8
0.00478838422012018	2.58579328804828E-8
0.00479398036462726	2.6182167116992E-8
0.00479903099650301	2.65084215045075E-8
0.00480507941991277	2.68366960430292E-8
0.00480982979494797	2.71669907325573E-8
0.00481479660494415	2.74993055730916E-8
0.00481861555334149	2.78336405646322E-8
0.00482374222062845	2.81699957071791E-8
0.00482950892937879	2.85083710007323E-8
0.00483485443153882	2.88487664452918E-8
0.00483929402893182	2.91911820408576E-8
0.00484396056545506	2.95356177874296E-8
0.0048484864781642	2.9882073685008E-8
0.00485387698777231	3.02305497335926E-8
0.0048582952542688	3.05810459331835E-8
0.00486285269509494	3.09335622837807E-8
0.00486703894311518	3.12880987853842E-8
0.00487183876986137	3.1644655437994E-8
0.00487641730613859	3.20032322416101E-8
0.0048810225353634	3.23638291962324E-8
0.0048859057401387	3.27264463018611E-8
0.00489030053886381	3.3091083558496E-8
0.00489461748605322	3.34577409661372E-8
0.00489862813432182	3.38264185247847E-8
0.00490281322246347	3.41971162344385E-8
0.00490707975938562	3.45698340950986E-8
0.0049118610793812	3.4944572106765E-8
0.00491577348167311	3.53213302694376E-8
0.00492015260838912	3.57001085831166E-8
0.00492452331994286	3.60809070478018E-8
0.00492848761079472	3.64637256634933E-8
0.00493287642759697	3.68485644301912E-8
0.00493742790663418	3.72354233478952E-8
0.00494135677278678	3.76243024166056E-8
0.00494544217897896	3.80152016363223E-8
0.00494954733106851	3.84081210070453E-8
0.00495358699710664	3.88030605287745E-8
0.00495799636678385	3.92000202015101E-8
0.00496209266972869	3.95990000252519E-8
0.0049664262628994	4E-8