1.439800735e-04	1.191000210e-10
2.920365288e-04	2.359804784e-10
4.381132861e-04	3.513187575e-10
5.841540314e-04	4.706353022e-10
7.276342157e-04	5.907260644e-10
8.689947615e-04	7.051447326e-10
1.007615378e-03	8.220566635e-10
1.143181014e-03	9.404300399e-10
1.275629891e-03	1.059034031e-09
1.404237605e-03	1.174305695e-09
1.528080882e-03	1.292271350e-09
1.649206852e-03	1.410610535e-09
1.764580016e-03	1.528537433e-09
1.876330048e-03	1.644484985e-09
1.983858323e-03	1.761604859e-09
2.085839035e-03	1.879470405e-09
2.184388196e-03	1.997694407e-09
2.287536866e-03	2.125533186e-09
2.375672768e-03	2.244342906e-09
2.460971358e-03	2.362553736e-09
2.541710062e-03	2.479607632e-09
2.618097267e-03	2.594677242e-09
2.691771388e-03	2.713222662e-09
2.761036436e-03	2.832965858e-09
2.827228017e-03	2.948396460e-09
2.891177653e-03	3.064972027e-09
2.950978841e-03	3.187294096e-09
3.008683115e-03	3.303745557e-09
3.063343114e-03	3.418005290e-09
3.114911443e-03	3.535872986e-09
3.165206985e-03	3.654093190e-09
3.212221665e-03	3.772035665e-09
3.257808170e-03	3.888613830e-09
3.301649332e-03	4.006053605e-09
3.342583532e-03	4.125860567e-09
3.382566507e-03	4.242363443e-09
3.420068862e-03	4.357041982e-09
3.456265036e-03	4.475596836e-09
3.491606241e-03	4.592675238e-09
3.524897108e-03	4.711512439e-09
3.557080539e-03	4.825720441e-09
3.588098502e-03	4.945965137e-09
3.617594609e-03	5.063346149e-09
3.646172072e-03	5.180425058e-09
3.673335049e-03	5.296825352e-09
3.699719830e-03	5.416303555e-09
3.725538102e-03	5.533645431e-09
3.749732795e-03	5.649146192e-09
3.775612444e-03	5.776136152e-09
3.798324930e-03	5.896907556e-09
3.819963484e-03	6.017664333e-09
3.841688014e-03	6.130720778e-09
3.862185428e-03	6.248293967e-09
3.881730020e-03	6.367225773e-09
3.901169545e-03	6.485102522e-09
3.919743285e-03	6.600760316e-09
3.937903279e-03	6.719263185e-09
3.955621853e-03	6.837445458e-09
3.971952641e-03	6.952044722e-09
3.988758495e-03	7.070595901e-09
4.004539551e-03	7.188077214e-09
4.019653678e-03	7.307297504e-09
4.034848311e-03	7.424042968e-09
4.048815279e-03	7.540038328e-09
4.063260108e-03	7.661513034e-09
4.076869959e-03	7.776391032e-09
4.090123844e-03	7.892910689e-09
4.103458675e-03	8.010323742e-09
4.115946150e-03	8.128573200e-09
4.127952528e-03	8.244678102e-09
4.140303556e-03	8.362410103e-09
4.151584197e-03	8.479373387e-09
4.163008780e-03	8.600183858e-09
4.174036380e-03	8.715693483e-09
4.184764315e-03	8.831645722e-09
4.195290962e-03	8.950688529e-09
4.205665674e-03	9.069437141e-09
4.215720038e-03	9.185918423e-09
4.226438282e-03	9.313891824e-09
4.235931970e-03	9.432422554e-09
4.245515500e-03	9.550787065e-09
4.254525947e-03	9.669280308e-09
4.263237044e-03	9.780607205e-09
4.272064884e-03	9.902047596e-09
4.280735892e-03	1.001946020e-08
4.288473956e-03	1.013598759e-08
4.296646696e-03	1.025405500e-08
4.304715417e-03	1.037187951e-08
4.312143620e-03	1.049025763e-08
4.319924130e-03	1.060661094e-08
4.327316186e-03	1.072433199e-08
4.334477480e-03	1.084193627e-08
4.341644284e-03	1.095882484e-08
4.348465254e-03	1.107560702e-08
4.355731451e-03	1.119361174e-08
4.362244499e-03	1.131104233e-08
4.368775795e-03	1.142801385e-08
4.375244963e-03	1.154777237e-08
4.381398572e-03	1.166187937e-08
4.387632789e-03	1.178128811e-08
4.393813016e-03	1.189932981e-08
4.399750372e-03	1.201436466e-08
4.405643234e-03	1.213276621e-08
4.411293403e-03	1.225202463e-08
4.416859746e-03	1.236698393e-08
4.422402357e-03	1.248442687e-08
4.427743223e-03	1.260297691e-08
4.433076871e-03	1.272154664e-08
4.438452336e-03	1.283761128e-08
4.444008957e-03	1.296807806e-08
4.449071698e-03	1.308446880e-08
4.453980107e-03	1.320232395e-08
4.458973799e-03	1.331851903e-08
4.463863303e-03	1.343593860e-08
4.468387653e-03	1.355368333e-08
4.473146522e-03	1.367343520e-08
4.477402389e-03	1.378789319e-08
4.481856692e-03	1.390633331e-08
4.486312385e-03	1.402491913e-08
4.490645780e-03	1.414118271e-08
4.494976697e-03	1.425757295e-08
4.499047343e-03	1.437580803e-08
4.503160109e-03	1.449688533e-08
4.507117180e-03	1.461074387e-08
4.511237850e-03	1.472687093e-08
4.515014582e-03	1.484400271e-08
4.519045004e-03	1.496358374e-08
4.522820786e-03	1.508121107e-08
4.526638029e-03	1.519866712e-08
4.530403966e-03	1.531617775e-08
4.534058900e-03	1.543338285e-08
4.537550235e-03	1.555133521e-08
4.541189085e-03	1.566676993e-08
4.544595132e-03	1.578656264e-08
4.548123691e-03	1.590467172e-08
4.551575086e-03	1.602267467e-08
4.554805544e-03	1.613740101e-08
4.558359124e-03	1.625617375e-08
4.561478649e-03	1.637336645e-08
4.564838655e-03	1.648983127e-08
4.568340673e-03	1.661756810e-08
4.571533050e-03	1.673707903e-08
4.574590597e-03	1.685389763e-08
4.577896402e-03	1.697130055e-08
4.581069771e-03	1.708809781e-08
4.584172792e-03	1.720688290e-08
4.586942060e-03	1.732325254e-08
4.589711952e-03	1.743950948e-08
4.592769434e-03	1.755722344e-08
4.595352429e-03	1.767600175e-08
4.598140639e-03	1.779512047e-08
4.600775985e-03	1.791119119e-08
4.603483757e-03	1.803066021e-08
4.606474258e-03	1.814736052e-08
4.609006040e-03	1.826545927e-08
4.611705267e-03	1.838128120e-08
4.614412854e-03	1.849680121e-08
4.616782916e-03	1.861602828e-08
4.619555332e-03	1.873403154e-08
4.622120621e-03	1.885046312e-08
4.624632725e-03	1.896406805e-08
4.627256432e-03	1.908685369e-08
4.629479572e-03	1.920216633e-08
4.632082645e-03	1.931973337e-08
4.634660791e-03	1.944045741e-08
4.636948964e-03	1.955599243e-08
4.639313922e-03	1.967077779e-08
4.641668322e-03	1.979117427e-08
4.643829548e-03	1.990886663e-08
4.646198820e-03	2.002510951e-08
4.648418032e-03	2.013996072e-08
4.650765291e-03	2.027086601e-08
4.653214353e-03	2.038929852e-08
4.655386104e-03	2.050498304e-08
4.657519276e-03	2.062246505e-08
4.659727336e-03	2.074036745e-08
4.661812178e-03	2.085866180e-08
4.664021117e-03	2.097582676e-08
4.666075340e-03	2.109288395e-08
4.668140770e-03	2.121080382e-08
4.670349949e-03	2.132927781e-08
4.672440933e-03	2.144573908e-08
4.674453861e-03	2.156433320e-08
4.676487171e-03	2.168141362e-08
4.678493486e-03	2.179838995e-08
4.680800131e-03	2.191411183e-08
4.682697126e-03	2.203363771e-08
4.684681967e-03	2.215074796e-08
4.686533425e-03	2.226872457e-08
4.688376189e-03	2.238413402e-08
4.690328292e-03	2.250404799e-08
4.692197878e-03	2.262040941e-08
4.694007593e-03	2.273758957e-08
4.695690578e-03	2.285512717e-08
4.697459534e-03	2.297386908e-08
4.699444620e-03	2.309154168e-08
4.701275446e-03	2.320752146e-08
4.702897590e-03	2.332418068e-08
4.704681447e-03	2.344138642e-08
4.706541882e-03	2.355968869e-08
4.708258549e-03	2.367720603e-08
4.710262387e-03	2.380413722e-08
4.711915479e-03	2.392262211e-08
4.713804085e-03	2.404154087e-08
4.715587171e-03	2.415985593e-08
4.717110698e-03	2.427640066e-08
4.718865256e-03	2.439255293e-08
4.720827277e-03	2.451073267e-08
4.722351607e-03	2.463271458e-08
4.724036493e-03	2.474622580e-08
4.725674184e-03	2.486245278e-08
4.727422196e-03	2.498012969e-08
4.728936316e-03	2.509994482e-08
4.730531673e-03	2.521483422e-08
4.732129200e-03	2.533267627e-08
4.733721794e-03	2.545037541e-08
4.735297261e-03	2.556812083e-08
4.737062613e-03	2.568523545e-08
4.738542950e-03	2.580230017e-08
4.740212512e-03	2.592054501e-08
4.741833793e-03	2.603876306e-08
4.743441858e-03	2.615430973e-08
4.744842548e-03	2.627193585e-08
4.746479377e-03	2.638928349e-08
4.748145214e-03	2.650738826e-08
4.749430010e-03	2.662116195e-08
4.751078705e-03	2.674168829e-08
4.752652357e-03	2.685938047e-08
4.754170014e-03	2.697644082e-08
4.755426705e-03	2.709421550e-08
4.756888129e-03	2.721373118e-08
4.758277547e-03	2.732979651e-08
4.759699053e-03	2.745812457e-08
4.761233485e-03	2.757612398e-08
4.762630912e-03	2.769495383e-08
4.763997042e-03	2.781499717e-08
4.765607901e-03	2.792931522e-08
4.766928870e-03	2.804591827e-08
4.768315149e-03	2.816446629e-08
4.769751767e-03	2.828154931e-08
4.771294836e-03	2.839765162e-08
4.772639936e-03	2.851569199e-08
4.773795010e-03	2.863292958e-08
4.775087291e-03	2.875092151e-08
4.776579935e-03	2.886586201e-08
4.777957616e-03	2.898522382e-08
4.779329096e-03	2.910341819e-08
4.780750490e-03	2.921985079e-08
4.782231576e-03	2.933730563e-08
4.783588259e-03	2.945575239e-08
4.784797370e-03	2.957323846e-08
4.786393428e-03	2.968916834e-08
4.787657973e-03	2.980722600e-08
4.788973047e-03	2.992519482e-08
4.790151777e-03	3.004533206e-08
4.791585619e-03	3.015968437e-08
4.792961798e-03	3.027707152e-08
4.794161763e-03	3.039440498e-08
4.795263560e-03	3.051366643e-08
4.796859398e-03	3.062995364e-08
4.797773109e-03	3.074721681e-08
4.799080155e-03	3.086656368e-08
4.800347297e-03	3.098256873e-08
4.801869211e-03	3.111024528e-08
4.802984042e-03	3.122886206e-08
4.804346609e-03	3.134716173e-08
4.805527203e-03	3.146391979e-08
4.806753943e-03	3.157987558e-08
4.808152800e-03	3.169843841e-08
4.809163368e-03	3.181685592e-08
4.810373019e-03	3.193247021e-08
4.811525925e-03	3.205336306e-08
4.812782729e-03	3.216851822e-08
4.814014280e-03	3.228489762e-08
4.815132659e-03	3.240226363e-08
4.816522315e-03	3.252163171e-08
4.817694174e-03	3.263765487e-08
4.818910230e-03	3.275607409e-08
4.820323747e-03	3.287043128e-08
4.821456464e-03	3.299002370e-08
4.822631610e-03	3.310874959e-08
4.823765426e-03	3.322647133e-08
4.825373278e-03	3.334224146e-08
4.826388528e-03	3.346004596e-08
4.827444033e-03	3.357813388e-08
4.828668300e-03	3.369518613e-08
4.830093908e-03	3.381229050e-08
4.831300010e-03	3.393070389e-08
4.832169158e-03	3.404923133e-08
4.833389118e-03	3.416468232e-08
4.834385104e-03	3.428198589e-08
4.835411363e-03	3.440079782e-08
4.836629629e-03	3.451910914e-08
4.838022267e-03	3.463428178e-08
4.839236041e-03	3.476276617e-08
4.840339007e-03	3.488183652e-08
4.841431944e-03	3.499790717e-08
4.842502077e-03	3.511704046e-08
4.843607141e-03	3.523077824e-08
4.844905168e-03	3.535119334e-08
4.846076761e-03	3.546918400e-08
4.847432596e-03	3.558572804e-08
4.848719495e-03	3.570243107e-08
4.849637424e-03	3.582024697e-08
4.850797544e-03	3.593886616e-08
4.851894362e-03	3.605417113e-08
4.853011968e-03	3.617245985e-08
4.853993208e-03	3.629093606e-08
4.855243916e-03	3.640821297e-08
4.856286347e-03	3.652439000e-08
4.857441686e-03	3.664193729e-08
4.858452049e-03	3.676067926e-08
4.859564898e-03	3.687836700e-08
4.860573498e-03	3.699493927e-08
4.861347442e-03	3.711283692e-08
4.862465774e-03	3.723141805e-08
4.863827360e-03	3.734738606e-08
4.864949650e-03	3.746630671e-08
4.866053210e-03	3.758181273e-08
4.867270893e-03	3.769946077e-08
4.868271449e-03	3.781768249e-08
4.869475051e-03	3.793372268e-08
4.870461946e-03	3.805217210e-08
4.871617212e-03	3.816969660e-08
4.872839137e-03	3.829848278e-08
4.873838861e-03	3.841559570e-08
4.875029178e-03	3.853297322e-08
4.875915872e-03	3.865248808e-08
4.877077287e-03	3.876763545e-08
4.878074086e-03	3.888409078e-08
4.879256916e-03	3.900322780e-08
4.880372597e-03	3.912131370e-08
4.881443076e-03	3.923811146e-08
4.882444005e-03	3.935594072e-08
4.883681362e-03	3.947408551e-08
4.884538076e-03	3.959209524e-08
4.885585908e-03	3.970698672e-08
4.886886793e-03	3.982499569e-08
4.887903045e-03	3.994448769e-08
4.888746063e-03	4.006105693e-08
4.889917146e-03	4.017874188e-08
4.890704452e-03	4.029544117e-08
4.891879105e-03	4.041380854e-08
4.892955644e-03	4.053111325e-08
4.893910085e-03	4.064457900e-08
4.894949232e-03	4.076456143e-08
4.896139121e-03	4.088312172e-08
4.897112795e-03	4.099827048e-08
4.898141574e-03	4.111840215e-08
4.899259970e-03	4.123515350e-08
4.900854204e-03	4.135145559e-08
4.901344854e-03	4.146967725e-08
4.902327199e-03	4.158691256e-08
4.903505684e-03	4.170513675e-08
4.904467523e-03	4.182183175e-08
4.905471441e-03	4.195041809e-08
4.906595283e-03	4.206944810e-08
4.907491031e-03	4.218540750e-08
4.908466636e-03	4.230456447e-08
4.909635219e-03	4.242049334e-08