-7.888922447e-04	-4.236768171e-08
-7.879870258e-04	-4.208213117e-08
-7.868209167e-04	-4.179749019e-08
-7.857009514e-04	-4.151521165e-08
-7.846384722e-04	-4.123211141e-08
-7.833041429e-04	-4.094921811e-08
-7.824967536e-04	-4.066409533e-08
-7.815002585e-04	-4.037779385e-08
-7.804223005e-04	-4.009283895e-08
-7.792845972e-04	-3.980846756e-08
-7.783768041e-04	-3.952670268e-08
-7.774234740e-04	-3.924321845e-08
-7.763961002e-04	-3.895770709e-08
-7.753695806e-04	-3.867295728e-08
-7.744545259e-04	-3.838646422e-08
-7.734990826e-04	-3.810245597e-08
-7.723402238e-04	-3.782060054e-08
-7.713140864e-04	-3.753718276e-08
-7.706586742e-04	-3.725296502e-08
-7.697585474e-04	-3.696564024e-08
-7.688565433e-04	-3.667993964e-08
-7.676429751e-04	-3.639747720e-08
-7.667994799e-04	-3.611346308e-08
-7.657934863e-04	-3.583200764e-08
-7.648220022e-04	-3.554642980e-08
-7.638203925e-04	-3.525946586e-08
-7.630812467e-04	-3.497555339e-08
-7.619647886e-04	-3.469349171e-08
-7.610683264e-04	-3.441053253e-08
-7.600294193e-04	-3.412441044e-08
-7.592741653e-04	-3.383776890e-08
-7.583888315e-04	-3.355357060e-08
-7.575527442e-04	-3.326904308e-08
-7.564285973e-04	-3.298694333e-08
-7.555440841e-04	-3.270390310e-08
-7.546866503e-04	-3.241882955e-08
-7.539418391e-04	-3.213451472e-08
-7.527804848e-04	-3.184845961e-08
-7.519646423e-04	-3.156194772e-08
-7.506948921e-04	-3.127820978e-08
-7.497720811e-04	-3.099453613e-08
-7.487957747e-04	-3.071202047e-08
-7.478172088e-04	-3.042888030e-08
-7.468496815e-04	-3.014283385e-08
-7.461311628e-04	-2.985824471e-08
-7.449729673e-04	-2.957166456e-08
-7.442019760e-04	-2.928957144e-08
-7.434666071e-04	-2.900514082e-08
-7.429289771e-04	-2.872219323e-08
-7.417272792e-04	-2.843886493e-08
-7.407169578e-04	-2.815262782e-08
-7.399395030e-04	-2.786697644e-08
-7.388938964e-04	-2.758123601e-08
-7.379655436e-04	-2.729786757e-08
-7.374295435e-04	-2.701555953e-08
-7.363920528e-04	-2.673191044e-08
-7.355843263e-04	-2.644896173e-08
-7.347311078e-04	-2.616374216e-08
-7.341375317e-04	-2.587680891e-08
-7.334340308e-04	-2.559175300e-08
-7.324798128e-04	-2.530622785e-08
-7.315920060e-04	-2.502361973e-08
-7.307295025e-04	-2.474004236e-08
-7.298448994e-04	-2.445694374e-08
-7.292082032e-04	-2.417411024e-08
-7.283279953e-04	-2.388918413e-08
-7.276293505e-04	-2.360293564e-08
-7.266882618e-04	-2.331834642e-08
-7.256071789e-04	-2.303080968e-08
-7.251934686e-04	-2.274928632e-08
-7.244384956e-04	-2.246665499e-08
-7.235703267e-04	-2.218174011e-08
-7.226905796e-04	-2.189665965e-08
-7.220889888e-04	-2.160947213e-08
-7.212330387e-04	-2.132572781e-08
-7.205856525e-04	-2.104241123e-08
-7.197280725e-04	-2.075923237e-08
-7.189637471e-04	-2.047704997e-08
-7.178910611e-04	-2.019099901e-08
-7.171719129e-04	-1.990552461e-08
-7.166251889e-04	-1.961884759e-08
-7.154054494e-04	-1.933416918e-08
-7.148646831e-04	-1.905189063e-08
-7.139901069e-04	-1.876902703e-08
-7.132570986e-04	-1.848674096e-08
-7.126613643e-04	-1.820087265e-08
-7.118294586e-04	-1.791468999e-08
-7.110983500e-04	-1.762963993e-08
-7.101439971e-04	-1.734395905e-08
-7.095227796e-04	-1.705851185e-08
-7.085743057e-04	-1.677700552e-08
-7.077797310e-04	-1.649428083e-08
-7.072414714e-04	-1.621169589e-08
-7.063536759e-04	-1.592501740e-08
-7.055340789e-04	-1.563810260e-08
-7.045063116e-04	-1.535330366e-08
-7.038765174e-04	-1.507010547e-08
-7.029264697e-04	-1.478984389e-08
-7.017617095e-04	-1.450432204e-08
-7.012540477e-04	-1.421749261e-08
-7.004258402e-04	-1.393209894e-08
-6.997219684e-04	-1.364722426e-08
-6.989893423e-04	-1.336567478e-08
-6.982984425e-04	-1.308230714e-08
-6.974720785e-04	-1.279671102e-08
-6.967756931e-04	-1.251184190e-08
-6.960483390e-04	-1.222525426e-08
-6.949191563e-04	-1.194116180e-08
-6.941963210e-04	-1.166019884e-08
-6.932754885e-04	-1.137651970e-08
-6.923899748e-04	-1.109169027e-08
-6.916807523e-04	-1.080485471e-08
-6.909024544e-04	-1.051809063e-08
-6.899047903e-04	-1.023609013e-08
-6.887474491e-04	-9.953356335e-09
-6.877678041e-04	-9.671153459e-09
-6.869837171e-04	-9.384508927e-09
-6.859034098e-04	-9.100417378e-09
-6.851057327e-04	-8.826885240e-09
-6.841309213e-04	-8.563099872e-09
-6.831285584e-04	-8.309419719e-09
-6.821366946e-04	-8.061562992e-09
-6.812542272e-04	-7.817944502e-09
-6.803130711e-04	-7.581672507e-09
-6.794093135e-04	-7.352149341e-09
-6.781935083e-04	-7.131170699e-09
-6.772599847e-04	-6.919457479e-09
-6.762662661e-04	-6.713256217e-09
-6.754464331e-04	-6.513734237e-09
-6.742529861e-04	-6.318566021e-09
-6.733533764e-04	-6.128536282e-09
-6.723031385e-04	-5.942919634e-09
-6.712474038e-04	-5.762096976e-09
-6.700172665e-04	-5.589110256e-09
-6.689561362e-04	-5.422811847e-09
-6.676390842e-04	-5.261421732e-09
-6.664171077e-04	-5.104820515e-09
-6.652220982e-04	-4.949616568e-09
-6.643087971e-04	-4.800282952e-09
-6.629663855e-04	-4.654876871e-09
-6.617296161e-04	-4.516347178e-09
-6.606308962e-04	-4.384738223e-09
-6.593054697e-04	-4.252443255e-09
-6.576639264e-04	-4.123714444e-09
-6.565220302e-04	-3.997444886e-09
-6.551422427e-04	-3.876635279e-09
-6.536312513e-04	-3.762227872e-09
-6.523051278e-04	-3.651540761e-09
-6.505739945e-04	-3.542902133e-09
-6.489949732e-04	-3.437371468e-09
-6.473733601e-04	-3.331552242e-09
-6.457430015e-04	-3.229965613e-09
-6.442590220e-04	-3.131886942e-09
-6.426455023e-04	-3.038150604e-09
-6.408982945e-04	-2.948848205e-09
-6.391440724e-04	-2.861993720e-09
-6.370259597e-04	-2.777822879e-09
-6.353347766e-04	-2.692557035e-09
-6.332954851e-04	-2.609702246e-09
-6.311962346e-04	-2.530099927e-09
-6.291061792e-04	-2.456102317e-09
-6.270037250e-04	-2.384257292e-09
-6.250900507e-04	-2.313647301e-09
-6.229119789e-04	-2.243847155e-09
-6.205085046e-04	-2.176399651e-09
-6.179459151e-04	-2.109211600e-09
-6.154716793e-04	-2.044278776e-09
-6.128246819e-04	-1.983346927e-09
-6.103980175e-04	-1.926207093e-09
-6.078487486e-04	-1.869807005e-09
-6.051773697e-04	-1.814010736e-09
-6.024196944e-04	-1.757674829e-09
-5.997560492e-04	-1.704246869e-09
-5.966746470e-04	-1.651272563e-09
-5.935264514e-04	-1.604861465e-09
-5.903651038e-04	-1.557929703e-09
-5.872106582e-04	-1.511178412e-09
-5.840447019e-04	-1.464670009e-09
-5.807137404e-04	-1.419279023e-09
-5.771087480e-04	-1.375236740e-09
-5.732999918e-04	-1.336753792e-09
-5.696377045e-04	-1.298088906e-09
-5.662587555e-04	-1.258791380e-09
-5.623170643e-04	-1.218708679e-09
-5.582667971e-04	-1.180743036e-09
-5.542697557e-04	-1.145093191e-09
-5.502076294e-04	-1.111724119e-09
-5.459665141e-04	-1.080580961e-09
-5.416744326e-04	-1.049538850e-09
-5.371709771e-04	-1.016803833e-09
-5.328420703e-04	-9.853212102e-10
-5.283324323e-04	-9.551959702e-10
-5.233641653e-04	-9.246565962e-10
-5.184279911e-04	-8.972909082e-10
-5.133658176e-04	-8.705504051e-10
-5.085762248e-04	-8.464417793e-10
-5.032189212e-04	-8.216129460e-10
-4.981355249e-04	-7.978520035e-10
-4.934091285e-04	-7.740661907e-10
-4.880347500e-04	-7.492848222e-10
-4.822241344e-04	-7.250391568e-10
-4.763893397e-04	-7.025864498e-10
-4.712571128e-04	-6.841222225e-10
-4.651532895e-04	-6.641997000e-10
-4.600140933e-04	-6.460916944e-10
-4.538406213e-04	-6.243971667e-10
-4.480379418e-04	-6.042240150e-10
-4.423823608e-04	-5.857460634e-10
-4.364111352e-04	-5.677137221e-10
-4.302590884e-04	-5.508723657e-10
-4.241398425e-04	-5.351885506e-10
-4.183940083e-04	-5.204107978e-10
-4.123168483e-04	-5.052688904e-10
-4.064788050e-04	-4.906858160e-10
-4.006691899e-04	-4.748985795e-10
-3.943152901e-04	-4.591003774e-10
-3.883291927e-04	-4.447722859e-10
-3.817240137e-04	-4.302967014e-10
-3.757844425e-04	-4.177001753e-10
-3.704625366e-04	-4.073233309e-10
-3.636664420e-04	-3.958474570e-10
-3.578146960e-04	-3.851322302e-10
-3.522436916e-04	-3.726588042e-10
-3.458321484e-04	-3.599517675e-10
-3.401624826e-04	-3.482300719e-10
-3.344844985e-04	-3.376563956e-10
-3.285374521e-04	-3.279778162e-10
-3.226063452e-04	-3.198195766e-10
-3.163979815e-04	-3.112746518e-10
-3.111359559e-04	-3.034017074e-10
-3.048192185e-04	-2.927777609e-10
-2.990699783e-04	-2.833856871e-10
-2.943334763e-04	-2.746885549e-10
-2.882926582e-04	-2.650019608e-10
-2.822475236e-04	-2.550695160e-10
-2.770635437e-04	-2.482163283e-10
-2.717271032e-04	-2.430105091e-10
-2.664871323e-04	-2.369616850e-10
-2.607047764e-04	-2.307202430e-10
-2.553514521e-04	-2.238242874e-10
-2.495561579e-04	-2.140145526e-10
-2.434678021e-04	-2.051112585e-10
-2.377908634e-04	-1.974182204e-10
-2.313044558e-04	-1.910880591e-10
-2.252425610e-04	-1.854312051e-10
-2.187172262e-04	-1.799032598e-10
-2.136985662e-04	-1.746304487e-10
-2.071179148e-04	-1.661216798e-10
-2.005557435e-04	-1.578002265e-10
-1.930958060e-04	-1.486645674e-10
-1.855229423e-04	-1.411917357e-10
-1.781129369e-04	-1.353131213e-10
-1.703880962e-04	-1.296356401e-10
-1.627251479e-04	-1.238082912e-10
-1.549687764e-04	-1.161247228e-10
-1.463901551e-04	-1.077352125e-10
-1.378208413e-04	-9.910497915e-11
-1.290985163e-04	-9.101408081e-11
-1.218879245e-04	-8.502202242e-11
-1.126341744e-04	-7.797908025e-11
-1.029242796e-04	-7.135857759e-11
-9.326152910e-05	-6.544333591e-11
-8.278761234e-05	-5.954644573e-11
-7.272935056e-05	-5.270259375e-11
-6.227083384e-05	-4.486582264e-11
-5.184018332e-05	-3.686424309e-11
-4.078236892e-05	-2.829739894e-11
-2.999307729e-05	-1.986584836e-11
-1.874723625e-05	-1.336585563e-11
-7.307736875e-06	-7.310023887e-12
1.735684638e-06	-2.525288099e-12
1.320559066e-05	3.955736178e-12
2.423316703e-05	1.302201116e-11
3.522277161e-05	2.154662299e-11
4.612008835e-05	2.954090386e-11
5.688944986e-05	3.565878031e-11
6.730091215e-05	4.257843627e-11
7.781067616e-05	4.832101787e-11
8.780802346e-05	5.477594379e-11
9.779075759e-05	6.194883646e-11
1.072841638e-04	7.012937369e-11
1.165638917e-04	7.869624112e-11
1.240049107e-04	8.547842089e-11
1.329040215e-04	9.316202420e-11
1.416747724e-04	9.936796224e-11
1.504417800e-04	1.042913325e-10
1.582724426e-04	1.114402861e-10
1.663353086e-04	1.212393522e-10
1.741220530e-04	1.289287759e-10
1.816749304e-04	1.350333820e-10
1.891198613e-04	1.407668839e-10
1.964293055e-04	1.472507950e-10
2.032628661e-04	1.549577553e-10
2.099412234e-04	1.627920237e-10
2.156897891e-04	1.699403138e-10
2.222291414e-04	1.780574735e-10
2.288670876e-04	1.855714258e-10
2.349676062e-04	1.916714572e-10
2.408240284e-04	1.975644943e-10
2.466861048e-04	2.039653493e-10
2.523170795e-04	2.113120138e-10
2.580185233e-04	2.198516944e-10
2.635483860e-04	2.281191990e-10
2.690170420e-04	2.362049638e-10
2.745642943e-04	2.428953803e-10
2.797718128e-04	2.493587166e-10
2.848712949e-04	2.558110816e-10
2.896216681e-04	2.616605768e-10
2.946300090e-04	2.694895719e-10
3.004000448e-04	2.791582452e-10
3.058077414e-04	2.890948806e-10
3.114814652e-04	2.985577762e-10
3.172393384e-04	3.061381734e-10
3.224240041e-04	3.135650420e-10
3.281994693e-04	3.226879604e-10
3.339542288e-04	3.325935211e-10
3.398755785e-04	3.439252488e-10
3.455401522e-04	3.554510320e-10
3.511168108e-04	3.665596549e-10
3.575379087e-04	3.769003085e-10
3.624169229e-04	3.860506581e-10
3.684678578e-04	3.963325438e-10
3.744076201e-04	4.091610391e-10
3.800206992e-04	4.213289794e-10
3.861579530e-04	4.355884900e-10
3.920097440e-04	4.498956982e-10
3.976441471e-04	4.633389774e-10
4.039430452e-04	4.768308389e-10
4.095038878e-04	4.888058876e-10
4.154362648e-04	5.031690234e-10
4.211209260e-04	5.186850849e-10
4.268559128e-04	5.363433653e-10
4.328314774e-04	5.530388817e-10
4.387143045e-04	5.678298001e-10
4.440154148e-04	5.824531104e-10
4.493918953e-04	6.004830596e-10
4.554651771e-04	6.206286287e-10
4.613347512e-04	6.411207927e-10
4.669901860e-04	6.598320929e-10
4.723157340e-04	6.786872892e-10
4.778147291e-04	6.973013143e-10
4.827758132e-04	7.170537842e-10
4.880340843e-04	7.386168771e-10
4.932826995e-04	7.626253757e-10
4.980766313e-04	7.844068242e-10
5.032283724e-04	8.106068166e-10
5.081822398e-04	8.348337521e-10
5.132471224e-04	8.610205265e-10
5.180313758e-04	8.857130535e-10
5.225002655e-04	9.105792475e-10
5.275065155e-04	9.367577978e-10
5.316051073e-04	9.648451601e-10
5.359396233e-04	9.947741154e-10
5.406164360e-04	1.026717190e-09
5.448849454e-04	1.057770214e-09
5.490299284e-04	1.088942496e-09
5.530619628e-04	1.120322716e-09
5.567670554e-04	1.152660630e-09
5.607526537e-04	1.186908363e-09
5.644649742e-04	1.224183692e-09
5.681507999e-04	1.261485765e-09
5.720468643e-04	1.299615663e-09
5.755956072e-04	1.339921300e-09
5.789792661e-04	1.379050654e-09
5.820931545e-04	1.418736321e-09
5.855303202e-04	1.461208901e-09
5.886525044e-04	1.504051253e-09
5.917739129e-04	1.548836768e-09
5.949269647e-04	1.597622421e-09
5.979059510e-04	1.646769436e-09
6.006761374e-04	1.697379297e-09
6.034658269e-04	1.747366784e-09
6.058786762e-04	1.798056395e-09
6.085815521e-04	1.851524742e-09
6.109986842e-04	1.905908219e-09
6.134504832e-04	1.964804908e-09
6.159337006e-04	2.023873326e-09
6.182195726e-04	2.086111734e-09
6.208183015e-04	2.148551816e-09
6.230128973e-04	2.212421989e-09
6.249539658e-04	2.277536541e-09
6.270039249e-04	2.344031746e-09
6.293824670e-04	2.415066267e-09
6.312051799e-04	2.488501144e-09
6.333401203e-04	2.565307004e-09
6.354294900e-04	2.642902655e-09
6.372450538e-04	2.721274812e-09
6.390319307e-04	2.802977869e-09
6.407715846e-04	2.885508356e-09
6.424931069e-04	2.970657728e-09
6.442219358e-04	3.059853063e-09
6.458784745e-04	3.151495886e-09
6.473182097e-04	3.246014767e-09
6.489649013e-04	3.346062763e-09
6.506764642e-04	3.447234869e-09
6.520973372e-04	3.550864772e-09
6.533076456e-04	3.655005380e-09
6.550373626e-04	3.763192455e-09
6.563933306e-04	3.875658258e-09
6.575558314e-04	3.993873785e-09
6.589626983e-04	4.113749351e-09
6.603733758e-04	4.239613698e-09
6.616750840e-04	4.366902065e-09
6.629904162e-04	4.496168267e-09
6.641994543e-04	4.628244501e-09
6.656080972e-04	4.766675516e-09
6.665236466e-04	4.910774659e-09
6.675202204e-04	5.058510473e-09
6.687258301e-04	5.211436536e-09
6.698824069e-04	5.368426766e-09
6.709290702e-04	5.530855384e-09
6.719957760e-04	5.696134660e-09
6.732035889e-04	5.865355062e-09
6.741732407e-04	6.040985753e-09
6.751188482e-04	6.220499605e-09
6.759977971e-04	6.406838370e-09
6.769606819e-04	6.600213331e-09
6.780743972e-04	6.799318378e-09
6.788750982e-04	7.004769458e-09
6.797856229e-04	7.214891428e-09
6.806099073e-04	7.429029263e-09
6.816220834e-04	7.650715832e-09
6.824309903e-04	7.880765429e-09
6.835759216e-04	8.118907240e-09
6.844034883e-04	8.362817538e-09
6.854083467e-04	8.615923911e-09
6.863383743e-04	8.870042468e-09
6.872877475e-04	9.139120221e-09
6.881330412e-04	9.410814224e-09
6.892541754e-04	9.696399334e-09
6.902007160e-04	9.979482272e-09
6.912109474e-04	1.026266873e-08
6.918240490e-04	1.054971636e-08
6.925830125e-04	1.082999818e-08
6.935378825e-04	1.111669324e-08
6.940089664e-04	1.140108414e-08
6.952284698e-04	1.168416216e-08
6.959986405e-04	1.196995094e-08
6.968937876e-04	1.225428389e-08
6.977960390e-04	1.253997799e-08
6.984222136e-04	1.282158071e-08
6.992919450e-04	1.310856940e-08
7.003135074e-04	1.339114661e-08
7.009520583e-04	1.367646473e-08
7.020618505e-04	1.396184017e-08
7.026527175e-04	1.424325915e-08
7.033311287e-04	1.453028484e-08
7.038446245e-04	1.481303041e-08
7.047462126e-04	1.509837484e-08
7.054039405e-04	1.538303658e-08
7.061194692e-04	1.566516671e-08
7.069620426e-04	1.595216597e-08
7.080254548e-04	1.623393243e-08
7.086245838e-04	1.652006649e-08
7.096196064e-04	1.680304161e-08
7.103094496e-04	1.708891703e-08
7.110929520e-04	1.737324421e-08
7.118503867e-04	1.765580332e-08
7.125056191e-04	1.794353461e-08
7.133537792e-04	1.822387993e-08
7.142383711e-04	1.851152088e-08
7.150310011e-04	1.879317880e-08
7.157011727e-04	1.907883603e-08
7.166415420e-04	1.936340055e-08
7.172865002e-04	1.964692997e-08
7.180802881e-04	1.993356631e-08
7.188855754e-04	2.021557200e-08
7.196124686e-04	2.050223671e-08
7.204284235e-04	2.078495178e-08
7.210866122e-04	2.106839733e-08
7.218210593e-04	2.135563043e-08
7.224196713e-04	2.163689249e-08
7.234572632e-04	2.192345334e-08
7.242987012e-04	2.220782661e-08
7.253306052e-04	2.248971447e-08
7.258418641e-04	2.277758105e-08
7.268366730e-04	2.305902654e-08
7.275744362e-04	2.334540471e-08
7.282552192e-04	2.362989091e-08
7.293681027e-04	2.391102913e-08
7.300291017e-04	2.419915435e-08
7.310196728e-04	2.448193886e-08
7.317494100e-04	2.476538202e-08
7.326238063e-04	2.505232198e-08
7.333044882e-04	2.533341515e-08
7.343136068e-04	2.562061856e-08
7.352261773e-04	2.590257375e-08
7.361596559e-04	2.618897949e-08
7.371240020e-04	2.647201511e-08
7.377759746e-04	2.675698678e-08
7.384847249e-04	2.704074953e-08
7.394274098e-04	2.732666593e-08
7.402350240e-04	2.760950711e-08
7.411699976e-04	2.789299304e-08
7.418739706e-04	2.818121819e-08
7.429566272e-04	2.846184009e-08
7.438307876e-04	2.874650046e-08
7.444765664e-04	2.903128889e-08
7.452234347e-04	2.931456710e-08
7.462985374e-04	2.960277739e-08
7.472944255e-04	2.988326491e-08
7.483606817e-04	3.017014584e-08
7.490905088e-04	3.045283739e-08
7.496945164e-04	3.073687415e-08
7.507350646e-04	3.102436576e-08
7.517969031e-04	3.130479114e-08
7.526150275e-04	3.159166291e-08
7.536145239e-04	3.187312456e-08
7.541848201e-04	3.216029245e-08
7.554888102e-04	3.244424903e-08
7.566595505e-04	3.272710143e-08
7.574312050e-04	3.301400372e-08
7.585167731e-04	3.329496257e-08
7.593316039e-04	3.358237209e-08
7.603449716e-04	3.386425559e-08
7.612997517e-04	3.414994907e-08
7.623974262e-04	3.443467782e-08
7.632313778e-04	3.471801812e-08
7.643876624e-04	3.500427690e-08
7.651467383e-04	3.528609373e-08
7.660665704e-04	3.557157079e-08
7.674027545e-04	3.585557171e-08
7.681424173e-04	3.614078080e-08
7.690766491e-04	3.642530187e-08
7.700928832e-04	3.670767507e-08
7.707725983e-04	3.699447834e-08
7.720064676e-04	3.727652760e-08
7.729818073e-04	3.756364213e-08
7.739706249e-04	3.784536268e-08
7.753646322e-04	3.813050777e-08
7.764551013e-04	3.841492053e-08
7.774440987e-04	3.869742911e-08
7.784034988e-04	3.898544180e-08
7.794267922e-04	3.926547686e-08
7.805108764e-04	3.955233848e-08
7.815806398e-04	3.983507640e-08
7.824541706e-04	4.011916685e-08
7.835356807e-04	4.040695092e-08
7.845659210e-04	4.068883955e-08
7.855967233e-04	4.097268802e-08
7.867046833e-04	4.125857550e-08
7.879449599e-04	4.154050880e-08
7.888355657e-04	4.182664581e-08
7.897956515e-04	4.210890394e-08
7.904554477e-04	4.239592497e-08