Voltage	Current	NEPeph	NEPs	NEPa	NEP	NEPph	Sv	NEP^2-NEPph^2
3.80063e-05	3.13445e-11	2.57962e-17	4.6994e-16	2.80627e-15	2.84546e-15	0	2.65645e+06	2.84546e-15
7.60127e-05	6.27787e-11	2.57962e-17	3.32478e-16	1.4037e-15	1.44277e-15	0	5.30106e+06	1.44277e-15
0.000114019	9.40722e-11	2.57754e-17	2.39899e-16	8.27844e-16	8.62289e-16	0	8.98182e+06	8.62289e-16
0.000152025	1.25656e-10	2.57754e-17	2.32164e-16	6.93743e-16	7.32014e-16	0	1.06842e+07	7.32014e-16
0.000190032	1.57034e-10	2.57546e-17	2.08056e-16	5.56719e-16	5.94883e-16	0	1.32803e+07	5.94883e-16
0.000228038	1.88483e-10	2.57339e-17	1.89677e-16	4.63855e-16	5.01798e-16	0	1.58849e+07	5.01798e-16
0.000266045	2.2005e-10	2.57132e-17	1.75111e-16	3.96921e-16	4.34593e-16	0	1.84849e+07	4.34593e-16
0.000304051	2.51155e-10	2.56719e-17	1.62716e-16	3.45844e-16	3.83072e-16	0	2.1139e+07	3.83072e-16
0.000342057	2.83016e-10	2.56513e-17	1.52901e-16	3.0674e-16	3.43695e-16	0	2.3694e+07	3.43695e-16
0.000380064	3.1435e-10	2.56103e-17	1.44096e-16	2.74902e-16	3.11434e-16	0	2.63014e+07	3.11434e-16
0.00041807	3.45828e-10	2.55694e-17	1.36488e-16	2.48864e-16	2.84985e-16	0	2.88812e+07	2.84985e-16
0.000456076	3.77496e-10	2.55286e-17	1.29826e-16	2.27179e-16	2.62901e-16	0	3.14279e+07	2.62901e-16
0.000494083	4.09401e-10	2.5488e-17	1.2393e-16	2.08848e-16	2.44183e-16	0	3.39361e+07	2.44183e-16
0.000532089	4.4049e-10	2.54274e-17	1.18292e-16	1.92793e-16	2.27615e-16	0	3.65205e+07	2.27615e-16
0.000570095	4.71751e-10	2.53672e-17	1.13214e-16	1.78905e-16	2.13232e-16	0	3.90716e+07	2.13232e-16
0.000608102	5.04483e-10	2.53272e-17	1.08957e-16	1.67103e-16	2.01088e-16	0	4.14488e+07	2.01088e-16
0.000646109	5.36302e-10	2.52676e-17	1.04753e-16	1.56421e-16	1.89945e-16	0	4.39105e+07	1.89945e-16
0.000684115	5.67019e-10	2.51886e-17	1.00588e-16	1.46675e-16	1.79627e-16	0	4.64752e+07	1.79627e-16
0.000722121	5.99424e-10	2.51297e-17	9.70689e-17	1.38263e-16	1.70793e-16	0	4.88437e+07	1.70793e-16
0.000760128	6.30662e-10	2.50518e-17	9.35294e-17	1.30471e-16	1.62475e-16	0	5.13214e+07	1.62475e-16
0.000798134	6.63839e-10	2.49937e-17	9.05474e-17	1.23711e-16	1.55331e-16	0	5.3579e+07	1.55331e-16
0.000836141	6.95782e-10	2.49169e-17	8.75079e-17	1.17369e-16	1.48506e-16	0	5.59518e+07	1.48506e-16
0.000874147	7.2811e-10	2.48406e-17	8.46872e-17	1.11622e-16	1.42297e-16	0	5.827e+07	1.42297e-16
0.000912154	7.58979e-10	2.47462e-17	8.18007e-17	1.06175e-16	1.36297e-16	0	6.07247e+07	1.36297e-16
0.00095016	7.92134e-10	2.46713e-17	7.93685e-17	1.01421e-16	1.31127e-16	0	6.29288e+07	1.31127e-16
0.000988167	8.23765e-10	2.45785e-17	7.68527e-17	9.68703e-17	1.26073e-16	0	6.52762e+07	1.26073e-16
0.00102617	8.57936e-10	2.4505e-17	7.47475e-17	9.29007e-17	1.2173e-16	0	6.73519e+07	1.2173e-16
0.00106418	8.90517e-10	2.44139e-17	7.25466e-17	8.90664e-17	1.17439e-16	0	6.95779e+07	1.17439e-16
0.00110219	9.23604e-10	2.43238e-17	7.04891e-17	8.55406e-17	1.13479e-16	0	7.17417e+07	1.13479e-16
0.00114019	9.54874e-10	2.42169e-17	6.83397e-17	8.21103e-17	1.09539e-16	0	7.40763e+07	1.09539e-16
0.0011782	9.89036e-10	2.41288e-17	6.65449e-17	7.9122e-17	1.06164e-16	0	7.6113e+07	1.06164e-16
0.00121621	1.02131e-09	2.40243e-17	6.46513e-17	7.61895e-17	1.02771e-16	0	7.83287e+07	1.02771e-16
0.00125421	1.05413e-09	2.39211e-17	6.28759e-17	7.34764e-17	9.96212e-17	0	8.04833e+07	9.96212e-17
0.00129222	1.08752e-09	2.38192e-17	6.12109e-17	7.09642e-17	9.66956e-17	0	8.2574e+07	9.66956e-17
0.00133023	1.12155e-09	2.37186e-17	5.96492e-17	6.86363e-17	9.39763e-17	0	8.45981e+07	9.39763e-17
0.00136823	1.15626e-09	2.36194e-17	5.81842e-17	6.64781e-17	9.14473e-17	0	8.65532e+07	9.14473e-17
0.00140624	1.18876e-09	2.35052e-17	5.66211e-17	6.43214e-17	8.88576e-17	0	8.87175e+07	8.88576e-17
0.00144425	1.2249e-09	2.34087e-17	5.53362e-17	6.24677e-17	8.66733e-17	0	9.05329e+07	8.66733e-17
0.00148225	1.25875e-09	2.32977e-17	5.39508e-17	6.05988e-17	8.44138e-17	0	9.2565e+07	8.44138e-17
0.00152026	1.29332e-09	2.31885e-17	5.26485e-17	5.886e-17	8.23048e-17	0	9.45302e+07	8.23048e-17
0.00155827	1.32865e-09	2.30809e-17	5.14242e-17	5.7242e-17	8.03357e-17	0	9.64265e+07	8.03357e-17
0.00159628	1.36142e-09	2.29601e-17	5.01053e-17	5.55959e-17	7.82855e-17	0	9.85617e+07	7.82855e-17
0.00163428	1.39835e-09	2.28562e-17	4.9027e-17	5.41975e-17	7.65729e-17	0	1.00319e+08	7.65729e-17
0.00167229	1.43265e-09	2.27395e-17	4.7853e-17	5.27614e-17	7.47714e-17	0	1.02321e+08	7.47714e-17
0.0017103	1.46774e-09	2.26249e-17	4.67469e-17	5.14213e-17	7.30843e-17	0	1.04257e+08	7.30843e-17
0.0017483	1.50369e-09	2.25125e-17	4.57052e-17	5.01716e-17	7.15051e-17	0	1.06123e+08	7.15051e-17
0.00178631	1.54053e-09	2.24022e-17	4.47236e-17	4.90061e-17	7.00261e-17	0	1.07917e+08	7.00261e-17
0.00182432	1.57834e-09	2.2294e-17	4.37987e-17	4.79196e-17	6.86414e-17	0	1.09637e+08	6.86414e-17
0.00186233	1.61716e-09	2.21879e-17	4.2927e-17	4.69075e-17	6.7345e-17	0	1.11281e+08	6.7345e-17
0.00190033	1.65295e-09	2.2071e-17	4.19655e-17	4.58428e-17	6.59529e-17	0	1.13201e+08	6.59529e-17
0.00193834	1.69387e-09	2.19692e-17	4.11943e-17	4.49686e-17	6.48213e-17	0	1.14692e+08	6.48213e-17
0.00197635	1.7317e-09	2.18572e-17	4.03334e-17	4.40375e-17	6.3591e-17	0	1.16465e+08	6.3591e-17
0.00201436	1.77058e-09	2.17476e-17	3.95198e-17	4.31686e-17	6.24364e-17	0	1.18163e+08	6.24364e-17
0.00205237	1.81058e-09	2.16406e-17	3.87511e-17	4.23587e-17	6.13533e-17	0	1.19783e+08	6.13533e-17
0.00209037	1.85176e-09	2.1536e-17	3.80247e-17	4.16048e-17	6.03377e-17	0	1.21324e+08	6.03377e-17
0.00212838	1.88949e-09	2.14226e-17	3.72144e-17	4.07908e-17	5.92261e-17	0	1.23166e+08	5.92261e-17
0.00216639	1.93311e-09	2.13231e-17	3.65681e-17	4.0142e-17	5.83377e-17	0	1.24544e+08	5.83377e-17
0.0022044	1.9781e-09	2.1226e-17	3.59575e-17	3.95417e-17	5.75068e-17	0	1.25835e+08	5.75068e-17
0.00224241	2.01954e-09	2.11208e-17	3.52637e-17	3.88779e-17	5.65783e-17	0	1.27434e+08	5.65783e-17
0.00228042	2.06227e-09	2.10185e-17	3.46063e-17	3.82606e-17	5.57068e-17	0	1.28949e+08	5.57068e-17
0.00231843	2.10637e-09	2.09189e-17	3.39832e-17	3.7688e-17	5.48894e-17	0	1.30378e+08	5.48894e-17
0.00235644	2.15191e-09	2.08221e-17	3.33927e-17	3.71583e-17	5.41236e-17	0	1.31718e+08	5.41236e-17
0.00239444	2.19896e-09	2.0728e-17	3.2833e-17	3.66698e-17	5.34072e-17	0	1.32965e+08	5.34072e-17
0.00243245	2.2476e-09	2.06365e-17	3.23028e-17	3.62211e-17	5.27381e-17	0	1.34117e+08	5.27381e-17
0.00247046	2.29792e-09	2.05476e-17	3.18003e-17	3.5811e-17	5.21142e-17	0	1.35171e+08	5.21142e-17
0.00250847	2.34419e-09	2.04528e-17	3.12218e-17	3.53355e-17	5.13976e-17	0	1.36549e+08	5.13976e-17
0.00254649	2.39799e-09	2.03693e-17	3.07728e-17	3.49998e-17	5.08612e-17	0	1.37401e+08	5.08612e-17
0.0025845	2.44767e-09	2.02803e-17	3.02487e-17	3.45983e-17	5.02326e-17	0	1.38578e+08	5.02326e-17
0.00262251	2.49913e-09	2.01942e-17	2.97507e-17	3.42327e-17	4.96466e-17	0	1.39652e+08	4.96466e-17
0.00266052	2.55245e-09	2.01109e-17	2.92777e-17	3.39024e-17	4.9102e-17	0	1.40617e+08	4.9102e-17
0.00269853	2.6142e-09	2.00376e-17	2.89228e-17	3.37059e-17	4.8725e-17	0	1.41032e+08	4.8725e-17
0.00273654	2.6717e-09	1.99597e-17	2.84949e-17	3.34433e-17	4.82577e-17	0	1.41771e+08	4.82577e-17
0.00277455	2.73139e-09	1.98844e-17	2.80889e-17	3.32143e-17	4.78285e-17	0	1.42392e+08	4.78285e-17
0.00281256	2.78648e-09	1.98052e-17	2.7614e-17	3.29202e-17	4.7313e-17	0	1.43338e+08	4.7313e-17
0.00285058	2.85073e-09	1.97354e-17	2.72504e-17	3.27575e-17	4.69588e-17	0	1.43717e+08	4.69588e-17
0.00288859	2.91753e-09	1.9668e-17	2.69061e-17	3.26275e-17	4.66404e-17	0	1.43969e+08	4.66404e-17
0.0029266	2.98701e-09	1.9603e-17	2.65804e-17	3.25303e-17	4.63575e-17	0	1.44093e+08	4.63575e-17
0.00296462	3.05179e-09	1.95349e-17	2.61877e-17	3.23686e-17	4.59906e-17	0	1.44533e+08	4.59906e-17
0.00300263	3.12691e-09	1.94748e-17	2.58982e-17	3.23372e-17	4.57786e-17	0	1.4439e+08	4.57786e-17
0.00304065	3.20518e-09	1.9417e-17	2.56253e-17	3.23392e-17	4.56015e-17	0	1.44112e+08	4.56015e-17
0.00307866	3.27869e-09	1.93564e-17	2.52871e-17	3.22775e-17	4.53426e-17	0	1.44142e+08	4.53426e-17
0.00311668	3.35533e-09	1.92983e-17	2.49668e-17	3.22502e-17	4.51203e-17	0	1.4403e+08	4.51203e-17
0.0031547	3.44372e-09	1.92472e-17	2.47425e-17	3.23546e-17	4.50496e-17	0	1.43332e+08	4.50496e-17
0.00319271	3.52735e-09	1.91938e-17	2.44547e-17	3.2397e-17	4.48998e-17	0	1.42932e+08	4.48998e-17
0.00323073	3.62355e-09	1.91468e-17	2.42601e-17	3.25733e-17	4.49018e-17	0	1.41948e+08	4.49018e-17
0.00326875	3.71504e-09	1.90978e-17	2.40031e-17	3.26889e-17	4.48268e-17	0	1.41256e+08	4.48268e-17
0.00330677	3.81069e-09	1.90509e-17	2.37613e-17	3.28423e-17	4.47901e-17	0	1.40416e+08	4.47901e-17
0.00334479	3.92027e-09	1.90097e-17	2.36087e-17	3.31337e-17	4.49064e-17	0	1.39004e+08	4.49064e-17
0.00338281	4.02526e-09	1.89668e-17	2.33955e-17	3.33674e-17	4.49497e-17	0	1.37872e+08	4.49497e-17
0.00342084	4.13523e-09	1.89258e-17	2.31963e-17	3.36427e-17	4.50342e-17	0	1.36594e+08	4.50342e-17
0.00345886	4.26075e-09	1.88899e-17	2.30828e-17	3.40622e-17	4.52756e-17	0	1.34766e+08	4.52756e-17
0.00349689	4.3819e-09	1.88525e-17	2.29102e-17	3.44271e-17	4.5448e-17	0	1.33207e+08	4.5448e-17
0.00353491	4.51981e-09	1.88198e-17	2.28214e-17	3.49422e-17	4.57817e-17	0	1.31117e+08	4.57817e-17
0.00357294	4.6536e-09	1.87858e-17	2.26744e-17	3.54053e-17	4.60496e-17	0	1.29289e+08	4.60496e-17
0.00361097	4.80554e-09	1.8756e-17	2.26097e-17	3.60257e-17	4.64848e-17	0	1.26954e+08	4.64848e-17
0.003649	4.96531e-09	1.87276e-17	2.25564e-17	3.67039e-17	4.69754e-17	0	1.24509e+08	4.69754e-17
0.00368704	5.12147e-09	1.86981e-17	2.24465e-17	3.73352e-17	4.74066e-17	0	1.22314e+08	4.74066e-17
0.00372507	5.29815e-09	1.86724e-17	2.24165e-17	3.81369e-17	4.80164e-17	0	1.19659e+08	4.80164e-17
0.00376311	5.48429e-09	1.86478e-17	2.23981e-17	3.90078e-17	4.86931e-17	0	1.1691e+08	4.86931e-17
0.00380115	5.69347e-09	1.86265e-17	2.24576e-17	4.00637e-17	4.95619e-17	0	1.13757e+08	4.95619e-17
0.00383919	5.90082e-09	1.86042e-17	2.24613e-17	4.10865e-17	5.03858e-17	0	1.10862e+08	5.03858e-17
0.00387724	6.13332e-09	1.85848e-17	2.25427e-17	4.23093e-17	5.14163e-17	0	1.076e+08	5.14163e-17
0.00391529	6.37885e-09	1.85662e-17	2.26349e-17	4.36248e-17	5.25372e-17	0	1.04302e+08	5.25372e-17
0.00395334	6.63825e-09	1.85485e-17	2.27384e-17	4.50408e-17	5.37565e-17	0	1.00976e+08	5.37565e-17
0.0039914	6.92724e-09	1.85333e-17	2.29187e-17	4.6688e-17	5.52134e-17	0	9.73709e+07	5.52134e-17
0.00402946	7.2328e-09	1.85186e-17	2.31103e-17	4.84555e-17	5.67887e-17	0	9.37813e+07	5.67887e-17
0.00406753	7.57159e-09	1.85062e-17	2.33789e-17	5.0482e-17	5.863e-17	0	8.99828e+07	5.863e-17
0.0041056	7.92997e-09	1.84941e-17	2.36599e-17	5.2655e-17	6.06166e-17	0	8.62397e+07	6.06166e-17
0.00414369	8.34191e-09	1.84854e-17	2.4084e-17	5.52565e-17	6.30478e-17	0	8.21529e+07	6.30478e-17
0.00418178	8.77752e-09	1.8477e-17	2.45226e-17	5.80417e-17	6.56627e-17	0	7.81879e+07	6.56627e-17
0.00421987	9.25529e-09	1.84701e-17	2.50421e-17	6.11682e-17	6.8628e-17	0	7.41716e+07	6.8628e-17
0.00425798	9.77772e-09	1.84647e-17	2.56448e-17	6.46621e-17	7.19708e-17	0	7.01468e+07	7.19708e-17
0.00429609	1.03473e-08	1.84608e-17	2.63336e-17	6.85541e-17	7.57226e-17	0	6.61499e+07	7.57226e-17
0.00433422	1.09845e-08	1.84595e-17	2.71788e-17	7.30301e-17	8.00802e-17	0	6.20832e+07	8.00802e-17
0.00437237	1.16925e-08	1.84608e-17	2.81871e-17	7.81388e-17	8.50939e-17	0	5.80138e+07	8.50939e-17
0.00441052	1.2474e-08	1.84647e-17	2.93666e-17	8.39305e-17	9.08167e-17	0	5.40018e+07	9.08167e-17
0.0044487	1.335e-08	1.84728e-17	3.07976e-17	9.06301e-17	9.74861e-17	0	5.00028e+07	9.74861e-17
0.00448689	1.43029e-08	1.8484e-17	3.24256e-17	9.81339e-17	1.04992e-16	0	4.61735e+07	1.04992e-16
0.00452511	1.53716e-08	1.85016e-17	3.44127e-17	1.06866e-16	1.13784e-16	0	4.2396e+07	1.13784e-16
0.00456335	1.65359e-08	1.85251e-17	3.67143e-17	1.16736e-16	1.23767e-16	0	3.88079e+07	1.23767e-16
0.00460161	1.78316e-08	1.8559e-17	3.95172e-17	1.28217e-16	1.35447e-16	0	3.53298e+07	1.35447e-16
0.00463989	1.92159e-08	1.86022e-17	4.2713e-17	1.41036e-16	1.48532e-16	0	3.21166e+07	1.48532e-16
0.0046782	2.0739e-08	1.86633e-17	4.6602e-17	1.5592e-16	1.63802e-16	0	2.90492e+07	1.63802e-16
0.00471652	2.23547e-08	1.8743e-17	5.10955e-17	1.72611e-16	1.80988e-16	0	2.6239e+07	1.80988e-16
0.00475487	2.40541e-08	1.88465e-17	5.62738e-17	1.91262e-16	2.00257e-16	0	2.36795e+07	2.00257e-16
0.00479323	2.58448e-08	1.89844e-17	6.23337e-17	2.1229e-16	2.22065e-16	0	2.13333e+07	2.22065e-16
0.0048316	2.7699e-08	1.91637e-17	6.93019e-17	2.35695e-16	2.46419e-16	0	1.92144e+07	2.46419e-16
0.00486999	2.95913e-08	1.93914e-17	7.7198e-17	2.61461e-16	2.73308e-16	0	1.73207e+07	2.73308e-16
0.00490838	3.15147e-08	1.968e-17	8.61575e-17	2.89847e-16	3.03021e-16	0	1.56242e+07	3.03021e-16
0.00494677	3.34479e-08	2.00376e-17	9.62029e-17	3.20854e-16	3.35565e-16	0	1.41142e+07	3.35565e-16
0.00498516	3.53726e-08	2.04699e-17	1.07336e-16	3.54444e-16	3.70905e-16	0	1.27765e+07	3.70905e-16
0.00502355	3.7301e-08	2.09983e-17	1.19852e-16	3.91248e-16	4.09732e-16	0	1.15747e+07	4.09732e-16
0.00506193	3.92033e-08	2.16171e-17	1.33592e-16	4.30866e-16	4.51619e-16	0	1.05104e+07	4.51619e-16
