Voltage	Current	NEPeph	NEPs	NEPa	NEP	NEPph	Sv	NEP^2-NEPph^2
3.80085e-05	4.19805e-11	2.87161e-17	6.55967e-16	3.52948e-15	3.63396e-15	5.63319e-16	1.79303e+06	3.59004e-15
7.6017e-05	8.40137e-11	2.87161e-17	4.63756e-16	1.76495e-15	1.91004e-15	5.63319e-16	3.58233e+06	1.82508e-15
0.000114025	1.25879e-10	2.86902e-17	3.77636e-16	1.17457e-15	1.35661e-15	5.63319e-16	5.38035e+06	1.23412e-15
0.000152034	1.67722e-10	2.86643e-17	3.26124e-16	8.79469e-16	1.09452e-15	5.63319e-16	7.17789e+06	9.38426e-16
0.000190043	2.10049e-10	2.86643e-17	2.91549e-16	7.0387e-16	9.47937e-16	5.63319e-16	8.94405e+06	7.62401e-16
0.000228051	2.52095e-10	2.86385e-17	2.65342e-16	5.85702e-16	8.55337e-16	5.63319e-16	1.07241e+07	6.43641e-16
0.00026606	2.94277e-10	2.86127e-17	7.84564e-17	1.32647e-16	5.8472e-16	5.63319e-16	4.72174e+07	1.56746e-16
0.000304068	3.35918e-10	2.85612e-17	1.34857e-16	2.56336e-16	6.34065e-16	5.63319e-16	2.33248e+07	2.9105e-16
0.000342042	2.09519e-10	2.85356e-17	2.87489e-16	4.81227e-16	7.95218e-16	5.63319e-16	4.6589e+08	5.61288e-16
0.000380069	3.42195e-10	2.84844e-17	1.68765e-16	5.41987e-16	8.00232e-16	5.63319e-16	9.08947e+06	5.68368e-16
0.000418085	4.21912e-10	2.84588e-17	3.97828e-17	1.58486e-16	5.8723e-16	5.63319e-16	3.32374e+07	1.65862e-16
0.000456098	4.84811e-10	2.84079e-17	1.77568e-16	4.04355e-16	7.16358e-16	5.63319e-16	1.38132e+07	4.42539e-16
0.000494109	5.37829e-10	2.83571e-17	9.45507e-15	1.72742e-14	1.97007e-14	5.63319e-16	335954	1.96926e-14
0.000532118	5.85146e-10	2.82813e-17	3.23267e-16	5.20625e-16	8.32875e-16	5.63319e-16	1.14055e+07	6.13475e-16
0.000570128	6.30804e-10	2.82309e-17	2.1597e-16	3.23725e-16	6.85249e-16	5.63319e-16	1.84726e+07	3.90177e-16
0.000608136	6.74329e-10	2.81557e-17	1.77105e-16	2.52437e-16	6.42815e-16	5.63319e-16	2.37232e+07	3.0965e-16
0.000646145	7.17492e-10	2.80808e-17	1.58837e-16	2.18336e-16	6.25313e-16	5.63319e-16	2.7352e+07	2.71456e-16
0.000684154	7.62344e-10	2.80311e-17	1.48887e-16	1.98876e-16	6.16306e-16	5.63319e-16	2.98576e+07	2.50009e-16
0.000722163	8.04251e-10	2.79322e-17	1.40869e-16	1.83631e-16	6.0965e-16	5.63319e-16	3.2182e+07	2.33119e-16
0.000760172	8.48183e-10	2.78585e-17	1.35228e-16	1.72528e-16	6.05109e-16	5.63319e-16	3.40393e+07	2.20972e-16
0.000798181	8.92608e-10	2.77852e-17	1.30488e-16	1.63276e-16	6.01487e-16	5.63319e-16	3.5731e+07	2.10851e-16
0.000836189	9.35586e-10	2.76879e-17	1.25969e-16	1.54883e-16	5.98291e-16	5.63319e-16	3.74382e+07	2.01553e-16
0.000874198	9.79001e-10	2.75914e-17	1.21883e-16	1.47465e-16	5.9556e-16	5.63319e-16	3.90727e+07	1.93295e-16
0.000912207	1.02292e-09	2.74954e-17	1.18131e-16	1.40816e-16	5.93185e-16	5.63319e-16	4.06506e+07	1.8585e-16
0.000950216	1.06739e-09	2.74002e-17	1.14654e-16	1.34807e-16	5.91099e-16	5.63319e-16	4.21787e+07	1.79079e-16
0.000988225	1.11248e-09	2.73056e-17	1.11416e-16	1.29348e-16	5.89252e-16	5.63319e-16	4.36596e+07	1.72887e-16
0.00102623	1.15575e-09	2.71882e-17	1.08113e-16	1.2408e-16	5.87496e-16	5.63319e-16	4.52287e+07	1.66804e-16
0.00106424	1.20216e-09	2.70951e-17	1.05288e-16	1.19537e-16	5.86035e-16	5.63319e-16	4.66193e+07	1.61583e-16
0.00110225	1.24667e-09	2.69796e-17	1.02376e-16	1.15104e-16	5.84625e-16	5.63319e-16	4.81041e+07	1.5639e-16
0.00114026	1.29185e-09	2.68651e-17	9.9639e-17	1.11028e-16	5.83357e-16	5.63319e-16	4.95474e+07	1.51581e-16
0.00117827	1.33774e-09	2.67516e-17	9.70635e-17	1.07274e-16	5.82214e-16	5.63319e-16	5.09474e+07	1.47122e-16
0.00121628	1.38441e-09	2.66392e-17	9.46385e-17	1.03814e-16	5.81181e-16	5.63319e-16	5.23028e+07	1.4298e-16
0.00125429	1.42885e-09	2.65055e-17	9.21155e-17	1.00379e-16	5.80165e-16	5.63319e-16	5.37699e+07	1.38794e-16
0.0012923	1.47716e-09	2.63953e-17	8.99667e-17	9.74337e-17	5.79321e-16	5.63319e-16	5.50356e+07	1.35219e-16
0.00133031	1.52316e-09	2.62643e-17	8.77132e-17	9.44823e-17	5.7848e-16	5.63319e-16	5.64174e+07	1.31569e-16
0.00136832	1.56998e-09	2.61347e-17	8.55844e-17	9.17462e-17	5.77714e-16	5.63319e-16	5.77564e+07	1.2816e-16
0.00140633	1.61769e-09	2.60066e-17	8.35728e-17	8.92084e-17	5.77016e-16	5.63319e-16	5.90508e+07	1.24976e-16
0.00144434	1.66634e-09	2.58799e-17	8.16713e-17	8.68538e-17	5.76378e-16	5.63319e-16	6.02995e+07	1.21998e-16
0.00148235	1.71235e-09	2.57339e-17	7.96668e-17	8.44586e-17	5.75735e-16	5.63319e-16	6.16801e+07	1.18921e-16
0.00152036	1.76297e-09	2.56103e-17	7.7971e-17	8.2435e-17	5.75204e-16	5.63319e-16	6.28364e+07	1.16322e-16
0.00155837	1.81088e-09	2.54678e-17	7.61695e-17	8.03552e-17	5.74661e-16	5.63319e-16	6.4129e+07	1.13611e-16
0.00159638	1.85978e-09	2.53272e-17	7.44631e-17	7.8419e-17	5.74164e-16	5.63319e-16	6.5377e+07	1.11066e-16
0.00163439	1.90975e-09	2.51886e-17	7.28465e-17	7.66164e-17	5.73707e-16	5.63319e-16	6.65795e+07	1.08679e-16
0.0016724	1.96083e-09	2.50518e-17	7.13147e-17	7.49387e-17	5.73287e-16	5.63319e-16	6.77348e+07	1.06439e-16
0.00171041	2.01311e-09	2.49169e-17	6.98631e-17	7.33779e-17	5.729e-16	5.63319e-16	6.88421e+07	1.04336e-16
0.00174842	2.06228e-09	2.4765e-17	6.83102e-17	7.17423e-17	5.72499e-16	5.63319e-16	7.01015e+07	1.0211e-16
0.00178643	2.11257e-09	2.46155e-17	6.68365e-17	7.02155e-17	5.72129e-16	5.63319e-16	7.13165e+07	1.00016e-16
0.00182444	2.16862e-09	2.44867e-17	6.56071e-17	6.89694e-17	5.71829e-16	5.63319e-16	7.22778e+07	9.82887e-17
0.00186245	2.22146e-09	2.43418e-17	6.42755e-17	6.76386e-17	5.71513e-16	5.63319e-16	7.33965e+07	9.64305e-17
0.00190046	2.27563e-09	2.41992e-17	6.30112e-17	6.63988e-17	5.71221e-16	5.63319e-16	7.44669e+07	9.46827e-17
0.00193847	2.32629e-09	2.40416e-17	6.16513e-17	6.50746e-17	5.70913e-16	5.63319e-16	7.57037e+07	9.28094e-17
0.00197648	2.38322e-09	2.3904e-17	6.05142e-17	6.40045e-17	5.70665e-16	5.63319e-16	7.6676e+07	9.12685e-17
0.00201449	2.43657e-09	2.3752e-17	5.92815e-17	6.28459e-17	5.704e-16	5.63319e-16	7.78178e+07	8.95994e-17
0.00205251	2.49656e-09	2.36194e-17	5.82587e-17	6.19279e-17	5.70189e-16	5.63319e-16	7.86869e+07	8.82441e-17
0.00209052	2.55291e-09	2.34729e-17	5.71404e-17	6.09184e-17	5.69961e-16	5.63319e-16	7.9728e+07	8.67586e-17
0.00212853	2.61081e-09	2.33292e-17	5.60765e-17	5.99792e-17	5.6975e-16	5.63319e-16	8.0718e+07	8.536e-17
0.00216654	2.67035e-09	2.31885e-17	5.50643e-17	5.9107e-17	5.69554e-16	5.63319e-16	8.16555e+07	8.40441e-17
0.00220455	2.73162e-09	2.30505e-17	5.41011e-17	5.82987e-17	5.69373e-16	5.63319e-16	8.25392e+07	8.2807e-17
0.00224257	2.79469e-09	2.29154e-17	5.31847e-17	5.75518e-17	5.69205e-16	5.63319e-16	8.33677e+07	8.16452e-17
0.00228058	2.85371e-09	2.27685e-17	5.21793e-17	5.67121e-17	5.69022e-16	5.63319e-16	8.43779e+07	8.03576e-17
0.00231859	2.92054e-09	2.26391e-17	5.13519e-17	5.60822e-17	5.68879e-16	5.63319e-16	8.50938e+07	7.93395e-17
0.0023566	2.98326e-09	2.24986e-17	5.04363e-17	5.53583e-17	5.6872e-16	5.63319e-16	8.59927e+07	7.81956e-17
0.00239462	3.0479e-09	2.23614e-17	4.95636e-17	5.46899e-17	5.68574e-16	5.63319e-16	8.68347e+07	7.71205e-17
0.00243263	3.11456e-09	2.22275e-17	4.87318e-17	5.40753e-17	5.68438e-16	5.63319e-16	8.76182e+07	7.61116e-17
0.00247064	3.18334e-09	2.20968e-17	4.79389e-17	5.35125e-17	5.68312e-16	5.63319e-16	8.83414e+07	7.51664e-17
0.00250866	3.25435e-09	2.19692e-17	4.71833e-17	5.30001e-17	5.68196e-16	5.63319e-16	8.90029e+07	7.42827e-17
0.00254667	3.3277e-09	2.18449e-17	4.64629e-17	5.25361e-17	5.68088e-16	5.63319e-16	8.96022e+07	7.34577e-17
0.00258469	3.40349e-09	2.17236e-17	4.57765e-17	5.212e-17	5.6799e-16	5.63319e-16	9.01367e+07	7.26904e-17
0.0026227	3.47469e-09	2.15938e-17	4.50091e-17	5.16113e-17	5.67877e-16	5.63319e-16	9.08585e+07	7.18042e-17
0.00266072	3.55559e-09	2.14789e-17	4.43882e-17	5.12888e-17	5.67794e-16	5.63319e-16	9.12602e+07	7.11491e-17
0.00269873	3.63186e-09	2.1356e-17	4.36874e-17	5.0874e-17	5.67698e-16	5.63319e-16	9.18482e+07	7.03764e-17
0.00273675	3.71838e-09	2.12474e-17	4.31267e-17	5.06424e-17	5.6763e-16	5.63319e-16	9.21102e+07	6.98285e-17
0.00277477	3.80022e-09	2.11312e-17	4.24872e-17	5.03191e-17	5.67549e-16	5.63319e-16	9.25566e+07	6.91643e-17
0.00281279	3.88498e-09	2.10185e-17	4.18772e-17	5.00403e-17	5.67475e-16	5.63319e-16	9.29322e+07	6.85529e-17
0.0028508	3.97281e-09	2.09091e-17	4.12955e-17	4.98059e-17	5.67408e-16	5.63319e-16	9.32346e+07	6.79936e-17
0.00288882	4.06386e-09	2.0803e-17	4.07412e-17	4.96158e-17	5.67347e-16	5.63319e-16	9.3462e+07	6.74858e-17
0.00292684	4.15828e-09	2.07002e-17	4.02133e-17	4.94699e-17	5.67293e-16	5.63319e-16	9.3613e+07	6.70289e-17
0.00296486	4.25626e-09	2.06006e-17	3.97107e-17	4.93682e-17	5.67245e-16	5.63319e-16	9.36864e+07	6.66224e-17
0.00300288	4.35797e-09	2.05042e-17	3.92329e-17	4.93112e-17	5.67203e-16	5.63319e-16	9.36803e+07	6.62664e-17
0.0030409	4.46359e-09	2.04108e-17	3.87787e-17	4.92988e-17	5.67168e-16	5.63319e-16	9.35948e+07	6.59603e-17
0.00307893	4.57333e-09	2.03204e-17	3.83475e-17	4.93313e-17	5.67138e-16	5.63319e-16	9.3429e+07	6.57041e-17
0.00311695	4.68739e-09	2.02329e-17	3.79383e-17	4.94094e-17	5.67114e-16	5.63319e-16	9.31824e+07	6.54979e-17
0.00315497	4.79646e-09	2.01408e-17	3.74589e-17	4.94023e-17	5.67078e-16	5.63319e-16	9.31049e+07	6.51875e-17
0.003193	4.91965e-09	2.00594e-17	3.70933e-17	4.95735e-17	5.67066e-16	5.63319e-16	9.26936e+07	6.50833e-17
0.00323102	5.04788e-09	1.99807e-17	3.6748e-17	4.97927e-17	5.6706e-16	5.63319e-16	9.22005e+07	6.50305e-17
0.00326905	5.17122e-09	1.98979e-17	3.63341e-17	4.99296e-17	5.67043e-16	5.63319e-16	9.187e+07	6.48773e-17
0.00330707	5.31008e-09	1.98247e-17	3.60288e-17	5.02481e-17	5.67049e-16	5.63319e-16	9.12116e+07	6.49305e-17
0.0033451	5.45481e-09	1.97542e-17	3.57422e-17	5.06185e-17	5.67061e-16	5.63319e-16	9.04725e+07	6.50382e-17
0.00338313	5.6057e-09	1.96861e-17	3.54741e-17	5.10423e-17	5.6708e-16	5.63319e-16	8.96538e+07	6.52018e-17
0.00342116	5.75202e-09	1.96146e-17	3.51395e-17	5.13887e-17	5.67088e-16	5.63319e-16	8.89881e+07	6.52711e-17
0.0034592	5.91604e-09	1.95516e-17	3.49079e-17	5.19249e-17	5.6712e-16	5.63319e-16	8.80098e+07	6.55516e-17
0.00349723	6.08728e-09	1.94909e-17	3.46936e-17	5.25207e-17	5.6716e-16	5.63319e-16	8.69557e+07	6.58936e-17
0.00353527	6.26614e-09	1.94325e-17	3.44965e-17	5.31787e-17	5.67207e-16	5.63319e-16	8.5828e+07	6.62993e-17
0.00357331	6.45304e-09	1.93763e-17	3.43163e-17	5.39016e-17	5.67262e-16	5.63319e-16	8.46285e+07	6.67715e-17
0.00361135	6.6608e-09	1.9327e-17	3.42334e-17	5.48294e-17	5.67345e-16	5.63319e-16	8.31506e+07	6.74664e-17
0.00364939	6.86542e-09	1.92748e-17	3.40857e-17	5.56926e-17	5.67418e-16	5.63319e-16	8.18204e+07	6.8081e-17
0.00368744	7.09243e-09	1.92292e-17	3.40339e-17	5.677e-17	5.6752e-16	5.63319e-16	8.02284e+07	6.89268e-17
0.00372548	7.31681e-09	1.91808e-17	3.39186e-17	5.77884e-17	5.67614e-16	5.63319e-16	7.87795e+07	6.96984e-17
0.00376353	7.56526e-09	1.91385e-17	3.38979e-17	5.90319e-17	5.6774e-16	5.63319e-16	7.70868e+07	7.07115e-17
0.00380159	7.83927e-09	1.91018e-17	3.39706e-17	6.05103e-17	5.67898e-16	5.63319e-16	7.51727e+07	7.19748e-17
0.00383964	8.11219e-09	1.90624e-17	3.39805e-17	6.19428e-17	5.68052e-16	5.63319e-16	7.34068e+07	7.31776e-17
0.0038777	8.41261e-09	1.90282e-17	3.40835e-17	6.3625e-17	5.68243e-16	5.63319e-16	7.14405e+07	7.46452e-17
0.00391577	8.72747e-09	1.89952e-17	3.42019e-17	6.54196e-17	5.68453e-16	5.63319e-16	6.94577e+07	7.62254e-17
0.00395384	9.07256e-09	1.89668e-17	3.44129e-17	6.74857e-17	5.68706e-16	5.63319e-16	6.73102e+07	7.80916e-17
0.00399191	9.43427e-09	1.89393e-17	3.46399e-17	6.96837e-17	5.68984e-16	5.63319e-16	6.51682e+07	8.00902e-17
0.00402999	9.8291e-09	1.89159e-17	3.49601e-17	7.21791e-17	5.69314e-16	5.63319e-16	6.28981e+07	8.24005e-17
0.00406807	1.02429e-08	1.88931e-17	3.52977e-17	7.48296e-17	5.69676e-16	5.63319e-16	6.06551e+07	8.48667e-17
0.00410617	1.0709e-08	1.88773e-17	3.58074e-17	7.79713e-17	5.70128e-16	5.63319e-16	5.81974e+07	8.78524e-17
0.00414427	1.1197e-08	1.88617e-17	3.6337e-17	8.13017e-17	5.70626e-16	5.63319e-16	5.58014e+07	9.10281e-17
0.00418237	1.17247e-08	1.88495e-17	3.69657e-17	8.5003e-17	5.71205e-16	5.63319e-16	5.3361e+07	9.459e-17
0.00422049	1.22937e-08	1.88405e-17	3.76962e-17	8.90989e-17	5.71877e-16	5.63319e-16	5.08987e+07	9.85626e-17
0.00425861	1.2923e-08	1.88375e-17	3.86111e-17	9.37931e-17	5.72688e-16	5.63319e-16	4.83431e+07	1.03164e-16
0.00429675	1.35971e-08	1.88375e-17	3.96372e-17	9.89438e-17	5.73624e-16	5.63319e-16	4.58195e+07	1.0824e-16
0.0043349	1.43172e-08	1.88405e-17	4.07801e-17	1.04581e-16	5.74703e-16	5.63319e-16	4.33437e+07	1.13821e-16
0.00437306	1.512e-08	1.88525e-17	4.22106e-17	1.1112e-16	5.76032e-16	5.63319e-16	4.0788e+07	1.20353e-16
0.00441124	1.59891e-08	1.8871e-17	4.3861e-17	1.18428e-16	5.7761e-16	5.63319e-16	3.82666e+07	1.27691e-16
0.00444942	1.69248e-08	1.88963e-17	4.57462e-17	1.26559e-16	5.79478e-16	5.63319e-16	3.58044e+07	1.35893e-16
0.00448763	1.79269e-08	1.89292e-17	4.78835e-17	1.3557e-16	5.81686e-16	5.63319e-16	3.34215e+07	1.45019e-16
0.00452585	1.90306e-08	1.89773e-17	5.04741e-17	1.45955e-16	5.84413e-16	5.63319e-16	3.10411e+07	1.55597e-16
0.00456409	2.0216e-08	1.90395e-17	5.3466e-17	1.57598e-16	5.87696e-16	5.63319e-16	2.87457e+07	1.67506e-16
0.00460235	2.14803e-08	1.9118e-17	5.68987e-17	1.70598e-16	5.91638e-16	5.63319e-16	2.65536e+07	1.8085e-16
0.00464062	2.28199e-08	1.92158e-17	6.08196e-17	1.85064e-16	5.9636e-16	5.63319e-16	2.44766e+07	1.95747e-16
0.00467891	2.42474e-08	1.93416e-17	6.53896e-17	2.01367e-16	6.02102e-16	5.63319e-16	2.24939e+07	2.126e-16
0.00471721	2.5757e-08	1.95018e-17	7.06887e-17	2.19676e-16	6.09067e-16	5.63319e-16	2.06184e+07	2.31592e-16
0.00475553	2.73092e-08	1.96922e-17	7.65761e-17	2.39632e-16	6.17255e-16	5.63319e-16	1.89007e+07	2.5234e-16
0.00479385	2.89315e-08	1.9932e-17	8.33739e-17	2.61964e-16	6.27138e-16	5.63319e-16	1.72891e+07	2.75633e-16
0.00483219	3.06012e-08	2.02251e-17	9.10771e-17	2.86621e-16	6.38893e-16	5.63319e-16	1.58014e+07	3.01423e-16
0.00487054	3.23128e-08	2.05829e-17	9.98106e-17	3.13854e-16	6.52854e-16	5.63319e-16	1.44301e+07	3.29985e-16
0.00490889	3.40461e-08	2.10084e-17	1.09565e-16	3.436e-16	6.69205e-16	5.63319e-16	1.31807e+07	3.61257e-16
0.00494724	3.57828e-08	2.15017e-17	1.20306e-16	3.75745e-16	6.88076e-16	5.63319e-16	1.2053e+07	3.9512e-16
0.0049856	3.75349e-08	2.20839e-17	1.32327e-16	4.10917e-16	7.10056e-16	5.63319e-16	1.10212e+07	4.32262e-16
0.00502395	3.92857e-08	2.27539e-17	1.45601e-16	4.49015e-16	7.35296e-16	5.63319e-16	1.00861e+07	4.7258e-16
0.0050623	4.10204e-08	2.35052e-17	1.60059e-16	4.89848e-16	7.63839e-16	5.63319e-16	9.24527e+06	5.1587e-16
