-3.061158257e-02	-3.850379205e-07
-3.052157511e-02	-3.833183534e-07
-3.043186023e-02	-3.816011567e-07
-3.034248868e-02	-3.798829776e-07
-3.025302390e-02	-3.781611881e-07
-3.016352737e-02	-3.764466350e-07
-3.007371162e-02	-3.747252781e-07
-2.998474339e-02	-3.730100407e-07
-2.989555229e-02	-3.712881859e-07
-2.980568256e-02	-3.695591572e-07
-2.971714006e-02	-3.678400808e-07
-2.962811734e-02	-3.661248289e-07
-2.953979171e-02	-3.644061064e-07
-2.945134771e-02	-3.626864573e-07
-2.936311008e-02	-3.609679260e-07
-2.927458116e-02	-3.592453663e-07
-2.918749566e-02	-3.575308609e-07
-2.909924451e-02	-3.558107757e-07
-2.901235143e-02	-3.540964720e-07
-2.892530787e-02	-3.523749689e-07
-2.883860631e-02	-3.506599817e-07
-2.875167128e-02	-3.489377821e-07
-2.866505708e-02	-3.472231612e-07
-2.857756752e-02	-3.454889150e-07
-2.849129881e-02	-3.437711043e-07
-2.840552987e-02	-3.420523374e-07
-2.831981004e-02	-3.403345202e-07
-2.823448656e-02	-3.386178713e-07
-2.814902359e-02	-3.368964267e-07
-2.806413468e-02	-3.351792482e-07
-2.797946923e-02	-3.334576523e-07
-2.789496180e-02	-3.317433363e-07
-2.781087224e-02	-3.300224654e-07
-2.772696955e-02	-3.283071186e-07
-2.764292688e-02	-3.265858414e-07
-2.755919685e-02	-3.248615593e-07
-2.747551171e-02	-3.231498184e-07
-2.739248389e-02	-3.214176715e-07
-2.730951213e-02	-3.197006050e-07
-2.722683706e-02	-3.179801865e-07
-2.714473758e-02	-3.162650295e-07
-2.706263095e-02	-3.145426503e-07
-2.698003487e-02	-3.128278556e-07
-2.689789870e-02	-3.110938797e-07
-2.681638251e-02	-3.093731047e-07
-2.673566871e-02	-3.076662666e-07
-2.665458486e-02	-3.059522908e-07
-2.657410917e-02	-3.042317557e-07
-2.649386710e-02	-3.025167533e-07
-2.641337737e-02	-3.007964988e-07
-2.633308865e-02	-2.990789034e-07
-2.625244318e-02	-2.973476084e-07
-2.617278734e-02	-2.956271033e-07
-2.609355204e-02	-2.939114924e-07
-2.601440171e-02	-2.921894666e-07
-2.593538489e-02	-2.904754752e-07
-2.585700959e-02	-2.887522736e-07
-2.577825636e-02	-2.870377259e-07
-2.570004820e-02	-2.853155703e-07
-2.562208710e-02	-2.836031391e-07
-2.554382215e-02	-2.818785150e-07
-2.546593758e-02	-2.801635215e-07
-2.538841664e-02	-2.784421022e-07
-2.531156226e-02	-2.767273262e-07
-2.523426677e-02	-2.750062340e-07
-2.515690968e-02	-2.732772563e-07
-2.508048993e-02	-2.715566947e-07
-2.500408778e-02	-2.698393315e-07
-2.492782319e-02	-2.681201492e-07
-2.485142630e-02	-2.663917261e-07
-2.477592270e-02	-2.646834157e-07
-2.470136368e-02	-2.629664641e-07
-2.462549950e-02	-2.612485894e-07
-2.455024449e-02	-2.595302930e-07
-2.447557123e-02	-2.578124096e-07
-2.440096917e-02	-2.560918698e-07
-2.432684005e-02	-2.543747247e-07
-2.425290218e-02	-2.526518748e-07
-2.417820693e-02	-2.509250703e-07
-2.410438502e-02	-2.492023362e-07
-2.403097610e-02	-2.474873055e-07
-2.395750075e-02	-2.457655959e-07
-2.388445551e-02	-2.440466471e-07
-2.381191026e-02	-2.423296129e-07
-2.373938048e-02	-2.406152523e-07
-2.366698928e-02	-2.388814020e-07
-2.359534405e-02	-2.371754994e-07
-2.352324583e-02	-2.354530065e-07
-2.345169792e-02	-2.337411758e-07
-2.338054925e-02	-2.320210486e-07
-2.330946225e-02	-2.303047981e-07
-2.323867556e-02	-2.285833364e-07
-2.316798681e-02	-2.268652922e-07
-2.309726271e-02	-2.251301333e-07
-2.302727136e-02	-2.234159994e-07
-2.295724495e-02	-2.216952966e-07
-2.288743293e-02	-2.199786296e-07
-2.281812913e-02	-2.182596249e-07
-2.274922033e-02	-2.165432754e-07
-2.267968634e-02	-2.148198445e-07
-2.261121276e-02	-2.130941245e-07
-2.254347132e-02	-2.113835290e-07
-2.247534966e-02	-2.096656342e-07
-2.240734266e-02	-2.079474101e-07
-2.233979305e-02	-2.062287364e-07
-2.227298212e-02	-2.045125239e-07
-2.220522054e-02	-2.027788811e-07
-2.213837732e-02	-2.010576592e-07
-2.207195073e-02	-1.993272550e-07
-2.200575287e-02	-1.976122757e-07
-2.193996583e-02	-1.959018388e-07
-2.187460375e-02	-1.941884524e-07
-2.180970500e-02	-1.924658089e-07
-2.174516949e-02	-1.907515964e-07
-2.168021865e-02	-1.890294853e-07
-2.161600536e-02	-1.873155856e-07
-2.155174166e-02	-1.855929307e-07
-2.148795030e-02	-1.838787939e-07
-2.142440458e-02	-1.821550934e-07
-2.136158346e-02	-1.804422698e-07
-2.129829831e-02	-1.787064172e-07
-2.123565488e-02	-1.769915907e-07
-2.117287722e-02	-1.752692926e-07
-2.111111353e-02	-1.735532615e-07
-2.104899042e-02	-1.718299520e-07
-2.098768120e-02	-1.701167015e-07
-2.092704959e-02	-1.683946255e-07
-2.086634702e-02	-1.666811289e-07
-2.080540334e-02	-1.649581036e-07
-2.074550561e-02	-1.632434538e-07
-2.068580920e-02	-1.615204998e-07
-2.062596290e-02	-1.598066555e-07
-2.056698895e-02	-1.580834852e-07
-2.050827867e-02	-1.563695444e-07
-2.044920729e-02	-1.546339678e-07
-2.039018324e-02	-1.529203600e-07
-2.033212858e-02	-1.511982652e-07
-2.027505640e-02	-1.494834460e-07
-2.021750137e-02	-1.477611675e-07
-2.015966852e-02	-1.460444374e-07
-2.010343321e-02	-1.443221144e-07
-2.004688844e-02	-1.426011520e-07
-1.998991153e-02	-1.408842147e-07
-1.993411576e-02	-1.391702523e-07
-1.987763059e-02	-1.374487391e-07
-1.982205465e-02	-1.357347290e-07
-1.976669044e-02	-1.340129405e-07
-1.971178435e-02	-1.322968360e-07
-1.965756789e-02	-1.305623331e-07
-1.960126484e-02	-1.288476781e-07
-1.954726301e-02	-1.271257726e-07
-1.949281580e-02	-1.254113118e-07
-1.943798997e-02	-1.236897567e-07
-1.938466074e-02	-1.219748416e-07
-1.932913684e-02	-1.202504665e-07
-1.927639869e-02	-1.185355871e-07
-1.922168456e-02	-1.168134895e-07
-1.916805343e-02	-1.150990823e-07
-1.911466483e-02	-1.133773643e-07
-1.906104334e-02	-1.116623991e-07
-1.900775990e-02	-1.099406898e-07
-1.895420084e-02	-1.082267925e-07
-1.889943142e-02	-1.064898063e-07
-1.884541197e-02	-1.047747728e-07
-1.879216837e-02	-1.030524168e-07
-1.873809463e-02	-1.013376308e-07
-1.868384844e-02	-9.961555958e-08
-1.863047434e-02	-9.790200806e-08
-1.857613087e-02	-9.618010240e-08
-1.852091907e-02	-9.446542468e-08
-1.846552837e-02	-9.274048229e-08
-1.841018484e-02	-9.102030803e-08
-1.835491828e-02	-8.929816329e-08
-1.829900293e-02	-8.758869030e-08
-1.824264847e-02	-8.586758187e-08
-1.818517310e-02	-8.415290217e-08
-1.812842367e-02	-8.245679263e-08
-1.807146222e-02	-8.080779007e-08
-1.801821298e-02	-7.919008315e-08
-1.796422678e-02	-7.760637467e-08
-1.790916681e-02	-7.604237050e-08
-1.785593400e-02	-7.452442085e-08
-1.780367829e-02	-7.303829050e-08
-1.775109949e-02	-7.157322389e-08
-1.769948909e-02	-7.013981499e-08
-1.764792919e-02	-6.873981092e-08
-1.759721849e-02	-6.735864016e-08
-1.754557477e-02	-6.600992777e-08
-1.749429040e-02	-6.468002919e-08
-1.744292112e-02	-6.338592849e-08
-1.739479199e-02	-6.210852702e-08
-1.734628517e-02	-6.088001018e-08
-1.729902370e-02	-5.965721927e-08
-1.724854520e-02	-5.846730590e-08
-1.719732712e-02	-5.728279079e-08
-1.714479639e-02	-5.614595050e-08
-1.709605302e-02	-5.501309693e-08
-1.704514354e-02	-5.391513898e-08
-1.699766173e-02	-5.283636240e-08
-1.694849738e-02	-5.177712246e-08
-1.689729478e-02	-5.073707394e-08
-1.684874265e-02	-4.971805850e-08
-1.679797939e-02	-4.871725515e-08
-1.675071197e-02	-4.775073362e-08
-1.669985847e-02	-4.678978308e-08
-1.665022072e-02	-4.584917972e-08
-1.660214525e-02	-4.492655331e-08
-1.655440582e-02	-4.403854489e-08
-1.650158213e-02	-4.314295780e-08
-1.645084223e-02	-4.228105259e-08
-1.640203864e-02	-4.143738506e-08
-1.635101079e-02	-4.060182360e-08
-1.630053922e-02	-3.978187689e-08
-1.625042153e-02	-3.899890362e-08
-1.620093165e-02	-3.820799537e-08
-1.614915182e-02	-3.745138474e-08
-1.610080982e-02	-3.668646950e-08
-1.604850194e-02	-3.595600796e-08
-1.599747543e-02	-3.523067901e-08
-1.594751987e-02	-3.452592486e-08
-1.589416598e-02	-3.382517091e-08
-1.584527572e-02	-3.316178725e-08
-1.579430430e-02	-3.248978040e-08
-1.573960587e-02	-3.183758048e-08
-1.568415398e-02	-3.120350617e-08
-1.563120182e-02	-3.057783126e-08
-1.557894779e-02	-2.995765992e-08
-1.552424981e-02	-2.935829671e-08
-1.546951825e-02	-2.876436869e-08
-1.541352153e-02	-2.819072326e-08
-1.535902615e-02	-2.762275560e-08
-1.530702556e-02	-2.707542586e-08
-1.525074455e-02	-2.652138196e-08
-1.519504173e-02	-2.600017106e-08
-1.514017661e-02	-2.547185052e-08
-1.508124152e-02	-2.496407626e-08
-1.502506403e-02	-2.446149797e-08
-1.496809644e-02	-2.396686206e-08
-1.491222137e-02	-2.349076239e-08
-1.485667092e-02	-2.302252933e-08
-1.479846052e-02	-2.254657781e-08
-1.473889219e-02	-2.210425876e-08
-1.468171512e-02	-2.165398101e-08
-1.462248932e-02	-2.122507954e-08
-1.456891003e-02	-2.078862384e-08
-1.450705917e-02	-2.037244501e-08
-1.444633633e-02	-1.996283295e-08
-1.438922346e-02	-1.957314652e-08
-1.432491094e-02	-1.917581376e-08
-1.426739957e-02	-1.878653153e-08
-1.420268622e-02	-1.840193771e-08
-1.414049468e-02	-1.803805075e-08
-1.407853359e-02	-1.768048179e-08
-1.401664482e-02	-1.731699145e-08
-1.394988562e-02	-1.697196284e-08
-1.388895173e-02	-1.663509388e-08
-1.382257805e-02	-1.628987927e-08
-1.375314296e-02	-1.596585305e-08
-1.369092055e-02	-1.564739140e-08
-1.362725254e-02	-1.533624810e-08
-1.355973960e-02	-1.501757492e-08
-1.349470882e-02	-1.471905603e-08
-1.342834693e-02	-1.442686958e-08
-1.336078295e-02	-1.412949167e-08
-1.329090793e-02	-1.385011191e-08
-1.322120685e-02	-1.356519681e-08
-1.315797014e-02	-1.329716997e-08
-1.308317792e-02	-1.302513814e-08
-1.301960789e-02	-1.275904186e-08
-1.295126354e-02	-1.251348793e-08
-1.287797316e-02	-1.224790330e-08
-1.280667854e-02	-1.200217209e-08
-1.273409827e-02	-1.176231952e-08
-1.266381039e-02	-1.152956136e-08
-1.259219324e-02	-1.128974181e-08
-1.251835249e-02	-1.107034845e-08
-1.244736592e-02	-1.084343283e-08
-1.236818527e-02	-1.062444929e-08
-1.229568891e-02	-1.041120485e-08
-1.222458556e-02	-1.020465650e-08
-1.215033911e-02	-9.990982050e-09
-1.207947798e-02	-9.798257129e-09
-1.199648909e-02	-9.584805041e-09
-1.192614053e-02	-9.404335226e-09
-1.184526240e-02	-9.204380611e-09
-1.177113787e-02	-9.024618399e-09
-1.169384791e-02	-8.836985030e-09
-1.161313987e-02	-8.657281848e-09
-1.153195999e-02	-8.483274974e-09
-1.145794878e-02	-8.316183052e-09
-1.138018010e-02	-8.141066637e-09
-1.129806183e-02	-7.974878253e-09
-1.122028160e-02	-7.813345838e-09
-1.114095208e-02	-7.659978591e-09
-1.106255109e-02	-7.498660729e-09
-1.099027479e-02	-7.358050751e-09
-1.090277952e-02	-7.196565224e-09
-1.082288368e-02	-7.055702961e-09
-1.073851522e-02	-6.907989181e-09
-1.065421762e-02	-6.767543834e-09
-1.057392354e-02	-6.632756442e-09
-1.049448098e-02	-6.506351417e-09
-1.041234690e-02	-6.371571107e-09
-1.032808475e-02	-6.244094534e-09
-1.023365433e-02	-6.109259415e-09
-1.016627573e-02	-5.994626419e-09
-1.007421716e-02	-5.860083496e-09
-9.990954364e-03	-5.745855042e-09
-9.902920964e-03	-5.623468788e-09
-9.827917814e-03	-5.522506441e-09
-9.739132184e-03	-5.400709026e-09
-9.658359914e-03	-5.299335558e-09
-9.558699451e-03	-5.177719877e-09
-9.476514473e-03	-5.076570741e-09
-9.384056186e-03	-4.968017406e-09
-9.315485677e-03	-4.879331544e-09
-9.217559621e-03	-4.770887101e-09
-9.141755418e-03	-4.682704956e-09
-9.039018852e-03	-4.574213811e-09
-8.957780628e-03	-4.486087271e-09
-8.870246515e-03	-4.390709450e-09
-8.786411535e-03	-4.302727364e-09
-8.706560178e-03	-4.220230176e-09
-8.613495671e-03	-4.131559651e-09
-8.526597926e-03	-4.049877054e-09
-8.430999013e-03	-3.961545236e-09
-8.342598075e-03	-3.879207332e-09
-8.259953447e-03	-3.803870280e-09
-8.173708342e-03	-3.721791293e-09
-8.083100779e-03	-3.646217197e-09
-7.985457953e-03	-3.564032620e-09
-7.909200563e-03	-3.501860581e-09
-7.802037074e-03	-3.420367237e-09
-7.727628270e-03	-3.358007014e-09
-7.638336906e-03	-3.289044616e-09
-7.535430929e-03	-3.213922293e-09
-7.450263115e-03	-3.145088051e-09
-7.366744189e-03	-3.081716440e-09
-7.290309738e-03	-3.027563662e-09
-7.202106799e-03	-2.963978064e-09
-7.102854908e-03	-2.896023063e-09
-7.026346670e-03	-2.845723085e-09
-6.923259782e-03	-2.778207321e-09
-6.848922468e-03	-2.727746476e-09
-6.745236096e-03	-2.659727940e-09
-6.667182252e-03	-2.608775065e-09
-6.582470726e-03	-2.556827160e-09
-6.494278722e-03	-2.503157262e-09
-6.406353595e-03	-2.452541896e-09
-6.319304480e-03	-2.397909959e-09
-6.230112855e-03	-2.348141024e-09
-6.131767537e-03	-2.292870822e-09
-6.073963050e-03	-2.256318115e-09
-5.973349140e-03	-2.201395839e-09
-5.901669829e-03	-2.164358808e-09
-5.804859070e-03	-2.109133640e-09
-5.732182502e-03	-2.072175608e-09
-5.629420495e-03	-2.016936384e-09
-5.550475109e-03	-1.980469709e-09
-5.476395666e-03	-1.938374360e-09
-5.403114424e-03	-1.902043292e-09
-5.293719855e-03	-1.845936512e-09
-5.210329746e-03	-1.809883306e-09
-5.128477966e-03	-1.767756355e-09
-5.045975383e-03	-1.731866332e-09
-4.931608939e-03	-1.675699111e-09
-4.840260423e-03	-1.639848549e-09
-4.752853165e-03	-1.596951652e-09
-4.644449590e-03	-1.547781842e-09
-4.553245695e-03	-1.505040578e-09
-4.458863066e-03	-1.468934081e-09
-4.365380854e-03	-1.426206522e-09
-4.233876231e-03	-1.377199331e-09
-4.138313896e-03	-1.334654464e-09
-4.036717570e-03	-1.298504154e-09
-3.951675186e-03	-1.255723132e-09
-3.812573156e-03	-1.206712957e-09
-3.706616641e-03	-1.163897932e-09
-3.601763317e-03	-1.128023187e-09
-3.460269766e-03	-1.072155708e-09
-3.351102910e-03	-1.036021715e-09
-3.239971542e-03	-9.932440046e-10
-3.126887727e-03	-9.571770852e-10
-2.984932375e-03	-9.017592456e-10
-2.871164135e-03	-8.655639572e-10
-2.755980624e-03	-8.229969899e-10
-2.591499893e-03	-7.736920237e-10
-2.475704978e-03	-7.313093003e-10
-2.353162226e-03	-6.953226256e-10
-2.231802824e-03	-6.528008565e-10
-2.059603079e-03	-6.033435206e-10
-1.947530271e-03	-5.604295782e-10
-1.817583472e-03	-5.246650422e-10
-1.686911558e-03	-4.821976005e-10
-1.511001416e-03	-4.327222699e-10
-1.376359580e-03	-3.902805181e-10
-1.243758021e-03	-3.540458784e-10
-1.064291486e-03	-2.982691881e-10
-9.213674926e-04	-2.622131797e-10
-7.986862726e-04	-2.196097198e-10
-6.577741906e-04	-1.834818547e-10
-4.737665930e-04	-1.277957042e-10
-3.300086676e-04	-9.187176602e-11
-1.918777227e-04	-4.909181412e-11
0.000000000e+00	0.000000000e+00
1.392376586e-04	4.245789196e-11
2.880635589e-04	7.899670601e-11
4.141899039e-04	1.229508742e-10
6.092037958e-04	1.727035132e-10
7.498207516e-04	2.149045026e-10
8.914964159e-04	2.516561926e-10
1.028815303e-03	2.940572436e-10
1.212031811e-03	3.430540288e-10
1.353599893e-03	3.860144129e-10
1.490193440e-03	4.216837016e-10
1.656718787e-03	4.778064517e-10
1.790327524e-03	5.136353609e-10
1.925602912e-03	5.564480997e-10
2.056250511e-03	5.923095101e-10
2.228745465e-03	6.488132443e-10
2.356966896e-03	6.843553513e-10
2.487590123e-03	7.276902471e-10
2.599086239e-03	7.629737733e-10
2.763275031e-03	8.193658988e-10
2.883895438e-03	8.550545292e-10
3.011276542e-03	8.977527258e-10
3.161146866e-03	9.459049103e-10
3.286167316e-03	9.892852958e-10
3.394414290e-03	1.025343102e-09
3.515095812e-03	1.068082682e-09
3.655359889e-03	1.116905229e-09
3.760457848e-03	1.159410240e-09
3.868838640e-03	1.195528210e-09
4.017447847e-03	1.251651857e-09
4.116614320e-03	1.287491847e-09
4.225175787e-03	1.330325448e-09
4.323742860e-03	1.366062711e-09
4.461428993e-03	1.422416315e-09
4.538870484e-03	1.458216221e-09
4.647955975e-03	1.501137185e-09
4.742463893e-03	1.537209226e-09
4.870679967e-03	1.592919050e-09
4.960295084e-03	1.628593850e-09
5.055886399e-03	1.671918350e-09
5.173238757e-03	1.720391738e-09
5.267395733e-03	1.763706447e-09
5.351916268e-03	1.799511527e-09
5.433738919e-03	1.842414105e-09
5.545660664e-03	1.891016532e-09
5.636600108e-03	1.934851840e-09
5.714424173e-03	1.970129399e-09
5.824478817e-03	2.026201209e-09
5.904489507e-03	2.061941687e-09
5.992330582e-03	2.104555374e-09
6.054468231e-03	2.140762071e-09
6.164385766e-03	2.196752805e-09
6.240918446e-03	2.232913621e-09
6.319477074e-03	2.275243597e-09
6.386803020e-03	2.311861408e-09
6.487817427e-03	2.367263519e-09
6.555363000e-03	2.404130911e-09
6.657364078e-03	2.458665241e-09
6.707281088e-03	2.496282465e-09
6.804996762e-03	2.548783782e-09
6.891993577e-03	2.603342117e-09
6.981104125e-03	2.652776621e-09
7.045507101e-03	2.694698632e-09
7.133298870e-03	2.744876788e-09
7.220434521e-03	2.799797095e-09
7.289800743e-03	2.849658071e-09
7.395223132e-03	2.918194609e-09
7.475867457e-03	2.967276809e-09
7.553696266e-03	3.023156264e-09
7.650733988e-03	3.085553558e-09
7.724539159e-03	3.141177010e-09
7.816476810e-03	3.203769502e-09
7.908867647e-03	3.271825315e-09
7.979342439e-03	3.321220238e-09
8.064555802e-03	3.390167669e-09
8.151820317e-03	3.452656368e-09
8.233796727e-03	3.520800105e-09
8.332297134e-03	3.596658095e-09
8.415650907e-03	3.666053468e-09
8.492747849e-03	3.727674057e-09
8.591917425e-03	3.809864983e-09
8.674225478e-03	3.885303470e-09
8.749098921e-03	3.954458028e-09
8.840197578e-03	4.029991309e-09
8.920330987e-03	4.111608512e-09
9.007392071e-03	4.187302321e-09
9.103030245e-03	4.282254068e-09
9.184875343e-03	4.357628337e-09
9.261445826e-03	4.439525088e-09
9.349478472e-03	4.527908927e-09
9.434196523e-03	4.623040297e-09
9.523225120e-03	4.711832314e-09
9.605896688e-03	4.806706915e-09
9.685462675e-03	4.895740755e-09
9.764613562e-03	4.989934527e-09
9.847338107e-03	5.078780066e-09
9.934729476e-03	5.187399647e-09
1.001884897e-02	5.288830522e-09
1.010498936e-02	5.397270735e-09
1.018724962e-02	5.498849206e-09
1.027017236e-02	5.607061653e-09
1.034577556e-02	5.708953627e-09
1.043239113e-02	5.829908334e-09
1.051573908e-02	5.944792036e-09
1.058673456e-02	6.053148198e-09
1.067021404e-02	6.180877886e-09
1.075090100e-02	6.302172640e-09
1.082448861e-02	6.416557289e-09
1.091139489e-02	6.551958726e-09
1.098874973e-02	6.679139429e-09
1.107061246e-02	6.813971405e-09
1.114423011e-02	6.941099429e-09
1.121621296e-02	7.075490716e-09
1.129898077e-02	7.217036000e-09
1.138072423e-02	7.364172238e-09
1.145549263e-02	7.505787310e-09
1.153479774e-02	7.651652173e-09
1.161363608e-02	7.808413243e-09
1.168809463e-02	7.952701767e-09
1.175907721e-02	8.110569864e-09
1.184053120e-02	8.280041136e-09
1.191244779e-02	8.438530066e-09
1.198549033e-02	8.608038395e-09
1.206068025e-02	8.779752959e-09
1.213352950e-02	8.949335552e-09
1.220575060e-02	9.121586166e-09
1.228095106e-02	9.303635229e-09
1.235219013e-02	9.488441141e-09
1.242250084e-02	9.671003998e-09
1.249555015e-02	9.869054828e-09
1.257027258e-02	1.006449314e-08
1.263717589e-02	1.026208432e-08
1.270992111e-02	1.047087239e-08
1.278077030e-02	1.066864985e-08
1.284697817e-02	1.087747363e-08
1.292044219e-02	1.110133500e-08
1.298805480e-02	1.132267310e-08
1.305463110e-02	1.154644408e-08
1.312645394e-02	1.176887658e-08
1.319463592e-02	1.200612092e-08
1.325864703e-02	1.224203579e-08
1.332638448e-02	1.249191897e-08
1.339291577e-02	1.272701683e-08
1.346243941e-02	1.299059821e-08
1.352922023e-02	1.323930734e-08
1.359102788e-02	1.350234675e-08
1.365838866e-02	1.377892931e-08
1.372167518e-02	1.405565213e-08
1.378631888e-02	1.433015761e-08
1.385203973e-02	1.461834946e-08
1.391767883e-02	1.490699921e-08
1.397810080e-02	1.519660745e-08
1.404242309e-02	1.549695631e-08
1.410818890e-02	1.581350653e-08
1.417318360e-02	1.612727859e-08
1.423410331e-02	1.644281984e-08
1.429370165e-02	1.676997311e-08
1.435457341e-02	1.709857236e-08
1.441584351e-02	1.743927151e-08
1.447579716e-02	1.779340470e-08
1.453587672e-02	1.814766823e-08
1.459362869e-02	1.850179580e-08
1.465178914e-02	1.886906314e-08
1.471131882e-02	1.925005375e-08
1.477236136e-02	1.962977148e-08
1.483430461e-02	2.002389590e-08
1.488913660e-02	2.041638658e-08
1.494739706e-02	2.082316509e-08
1.500233632e-02	2.124259759e-08
1.505944320e-02	2.166243181e-08
1.511847812e-02	2.209553287e-08
1.517471297e-02	2.252858186e-08
1.523088168e-02	2.297434664e-08
1.528759453e-02	2.343314811e-08
1.534094122e-02	2.390550502e-08
1.539691590e-02	2.437775904e-08
1.545401446e-02	2.486326590e-08
1.550887683e-02	2.536192422e-08
1.556459557e-02	2.586041814e-08
1.561810617e-02	2.638476608e-08
1.567205329e-02	2.690987114e-08
1.572611506e-02	2.743421032e-08
1.577795675e-02	2.798568117e-08
1.583038976e-02	2.854950615e-08
1.588292056e-02	2.911428803e-08
1.593534183e-02	2.969097402e-08
1.598620669e-02	3.028143608e-08
1.603526535e-02	3.088417984e-08
1.608775500e-02	3.150090326e-08
1.613815416e-02	3.213032594e-08
1.618977583e-02	3.277359980e-08
1.624045401e-02	3.342914231e-08
1.629049925e-02	3.408448013e-08
1.634302381e-02	3.476673124e-08
1.639306814e-02	3.546131163e-08
1.644158289e-02	3.617111269e-08
1.649245329e-02	3.689091997e-08
1.654009314e-02	3.762684122e-08
1.658723643e-02	3.837322276e-08
1.663908307e-02	3.914895431e-08
1.668481967e-02	3.992047221e-08
1.673484112e-02	4.072516205e-08
1.678285534e-02	4.153570101e-08
1.683074471e-02	4.236543903e-08
1.687989871e-02	4.320202080e-08
1.692785058e-02	4.407006555e-08
1.697772543e-02	4.494605286e-08
1.702472424e-02	4.584141933e-08
1.707375519e-02	4.675672569e-08
1.712271202e-02	4.769040168e-08
1.717254304e-02	4.864516693e-08
1.721993854e-02	4.961888774e-08
1.726803699e-02	5.059997766e-08
1.731730493e-02	5.160940407e-08
1.736512774e-02	5.264647546e-08
1.741171132e-02	5.369836353e-08
1.746206120e-02	5.477096708e-08
1.751120749e-02	5.586279386e-08
1.755845594e-02	5.697489891e-08
1.760797351e-02	5.811869023e-08
1.765535912e-02	5.927008560e-08
1.770394202e-02	6.045370791e-08
1.775286964e-02	6.165619936e-08
1.780298932e-02	6.289353909e-08
1.785210913e-02	6.414853760e-08
1.790214424e-02	6.543772724e-08
1.795234652e-02	6.673335873e-08
1.800172051e-02	6.807690906e-08
1.805214829e-02	6.942504451e-08
1.810348172e-02	7.081829565e-08
1.815440759e-02	7.223155633e-08
1.820659250e-02	7.367802195e-08
1.825776947e-02	7.514272725e-08
1.831012773e-02	7.664136027e-08
1.836380659e-02	7.817292362e-08
1.841612330e-02	7.973723990e-08
1.846859008e-02	8.132123429e-08
1.852503520e-02	8.295250767e-08
1.857977986e-02	8.461437454e-08
1.863419658e-02	8.629670634e-08
1.868948229e-02	8.801112930e-08
1.874574722e-02	8.974544273e-08
1.880097022e-02	9.146081443e-08
1.885649462e-02	9.318239270e-08
1.891076730e-02	9.490013341e-08
1.896577388e-02	9.662189546e-08
1.901977734e-02	9.833684441e-08
1.907216819e-02	1.000576286e-07
1.912680690e-02	1.017733113e-07
1.918136918e-02	1.034934965e-07
1.923506742e-02	1.052095607e-07
1.928853230e-02	1.069306645e-07
1.934219133e-02	1.086485694e-07
1.939551998e-02	1.103688587e-07
1.944935527e-02	1.120869923e-07
1.950368954e-02	1.138192428e-07
1.955650215e-02	1.155363287e-07
1.961129195e-02	1.172547451e-07
1.966449201e-02	1.189727310e-07
1.971867893e-02	1.206915525e-07
1.977174014e-02	1.224128811e-07
1.982581248e-02	1.241318089e-07
1.988005866e-02	1.258483398e-07
1.993500230e-02	1.275674348e-07
1.998922837e-02	1.292851067e-07
2.004340602e-02	1.310042460e-07
2.009784830e-02	1.327227271e-07
2.015343025e-02	1.344405928e-07
2.020884093e-02	1.361592970e-07
2.026360226e-02	1.378901159e-07
2.031980374e-02	1.396099574e-07
2.037537103e-02	1.413263363e-07
2.043194561e-02	1.430456350e-07
2.048853040e-02	1.447623920e-07
2.054553434e-02	1.464825845e-07
2.060148656e-02	1.482012264e-07
2.065842891e-02	1.499217424e-07
2.071533498e-02	1.516381404e-07
2.077335869e-02	1.533598824e-07
2.083070570e-02	1.550747714e-07
2.088906964e-02	1.567952731e-07
2.094832509e-02	1.585107174e-07
2.100688592e-02	1.602331892e-07
2.106661742e-02	1.619606440e-07
2.112582431e-02	1.636831907e-07
2.118547084e-02	1.653980334e-07
2.124526572e-02	1.671197740e-07
2.130576791e-02	1.688339725e-07
2.136553682e-02	1.705548382e-07
2.142670533e-02	1.722691968e-07
2.148760500e-02	1.739909239e-07
2.154889862e-02	1.757080131e-07
2.161052678e-02	1.774300275e-07
2.167228322e-02	1.791453515e-07
2.173484804e-02	1.808668085e-07
2.179719064e-02	1.825826847e-07
2.185989705e-02	1.843026009e-07
2.192336309e-02	1.860333276e-07
2.198691485e-02	1.877516655e-07
2.205075591e-02	1.894717161e-07
2.211377514e-02	1.911879376e-07
2.217834721e-02	1.929094408e-07
2.224238407e-02	1.946243274e-07
2.230786320e-02	1.963451244e-07
2.237227044e-02	1.980593975e-07
2.243710581e-02	1.997812814e-07
2.250244750e-02	2.014967277e-07
2.256915662e-02	2.032203156e-07
2.263464868e-02	2.049352084e-07
2.270125633e-02	2.066576101e-07
2.276681095e-02	2.083722051e-07
2.283466853e-02	2.101066096e-07
2.290145593e-02	2.118223179e-07
2.296860877e-02	2.135436046e-07
2.303598395e-02	2.152620709e-07
2.310367907e-02	2.169796230e-07
2.317125014e-02	2.186990292e-07
2.323870913e-02	2.204159531e-07
2.330717206e-02	2.221348622e-07
2.337630312e-02	2.238504130e-07
2.344503595e-02	2.255722341e-07
2.351375456e-02	2.272880288e-07
2.358215935e-02	2.289983565e-07
2.365265445e-02	2.307270680e-07
2.372216558e-02	2.324609812e-07
2.379259721e-02	2.341757721e-07
2.386230243e-02	2.358971162e-07
2.393143779e-02	2.376066253e-07
2.400248413e-02	2.393341675e-07
2.407334800e-02	2.410502341e-07
2.414393292e-02	2.427722169e-07
2.421486567e-02	2.444868702e-07
2.428590829e-02	2.462075653e-07
2.435663504e-02	2.479245848e-07
2.442841322e-02	2.496443313e-07
2.449998210e-02	2.513615690e-07
2.457180380e-02	2.530811576e-07
2.464309837e-02	2.548000152e-07
2.471575200e-02	2.565313426e-07
2.478848529e-02	2.582520865e-07
2.485985797e-02	2.599623004e-07
2.493278711e-02	2.616868393e-07
2.500510989e-02	2.634033856e-07
2.507773981e-02	2.651258135e-07
2.515055282e-02	2.668404018e-07
2.522393298e-02	2.685570322e-07
2.529760341e-02	2.702772018e-07
2.537025308e-02	2.719978545e-07
2.544345372e-02	2.737133190e-07
2.551685740e-02	2.754357443e-07
2.559047115e-02	2.771502086e-07
2.566477973e-02	2.788701184e-07
2.573864952e-02	2.806004736e-07
2.581316516e-02	2.823202503e-07
2.588742004e-02	2.840412615e-07
2.596113942e-02	2.857562473e-07
2.603546641e-02	2.874769462e-07
2.610982134e-02	2.891923474e-07
2.618489437e-02	2.909149393e-07
2.625917683e-02	2.926297858e-07
2.633372814e-02	2.943495107e-07
2.640749131e-02	2.960515604e-07
2.648397928e-02	2.977843730e-07
2.655885586e-02	2.995025946e-07
2.663395218e-02	3.012226622e-07
2.670898817e-02	3.029404870e-07
2.678516269e-02	3.046709410e-07
2.686035519e-02	3.063921875e-07
2.693597233e-02	3.081072583e-07
2.701231767e-02	3.098319847e-07
2.708763204e-02	3.115464452e-07
2.716311334e-02	3.132674720e-07
2.723905065e-02	3.149817452e-07
2.731496403e-02	3.167024957e-07
2.739082266e-02	3.184190455e-07
2.746735262e-02	3.201401425e-07
2.754351094e-02	3.218565126e-07
2.762019135e-02	3.235789992e-07
2.769617962e-02	3.252976908e-07
2.777262931e-02	3.270150008e-07
2.784963649e-02	3.287478766e-07
2.792668551e-02	3.304624456e-07
2.800299782e-02	3.321860347e-07
2.807974627e-02	3.338999252e-07
2.815632878e-02	3.356214327e-07
2.823311772e-02	3.373387841e-07
2.831033329e-02	3.390597764e-07
2.838690445e-02	3.407760365e-07
2.846416143e-02	3.424970611e-07
2.854095026e-02	3.442108772e-07
2.861804058e-02	3.459315732e-07
2.869456571e-02	3.476492269e-07
2.877200569e-02	3.493654880e-07
2.884971484e-02	3.510892054e-07
2.892711239e-02	3.528172185e-07
2.900519109e-02	3.545399197e-07
2.908216174e-02	3.562520252e-07
2.915973931e-02	3.579726474e-07
2.923728778e-02	3.596899233e-07
2.931447853e-02	3.614088252e-07
2.939227357e-02	3.631321791e-07
2.946955265e-02	3.648453228e-07
2.954781655e-02	3.665679250e-07
2.962522176e-02	3.682824076e-07
2.970349530e-02	3.700028906e-07
2.978069666e-02	3.717179739e-07
2.985998141e-02	3.734394204e-07
2.993800009e-02	3.751557305e-07
3.001581110e-02	3.768872071e-07
3.009444638e-02	3.786075683e-07
3.017207978e-02	3.803254312e-07
3.025052995e-02	3.820460273e-07
3.032839195e-02	3.837590334e-07
3.040695261e-02	3.854816790e-07