-3.059028179e-02	-3.850362900e-07
-3.049599022e-02	-3.833211034e-07
-3.039420659e-02	-3.815785144e-07
-3.029718496e-02	-3.798778639e-07
-3.020123053e-02	-3.781628226e-07
-3.010386454e-02	-3.764456153e-07
-3.000791683e-02	-3.747246146e-07
-2.990491068e-02	-3.730107206e-07
-2.980968593e-02	-3.712931045e-07
-2.971326501e-02	-3.695571747e-07
-2.961819834e-02	-3.678416162e-07
-2.952380063e-02	-3.661120275e-07
-2.942637267e-02	-3.644035115e-07
-2.933382366e-02	-3.626840826e-07
-2.924065774e-02	-3.609635685e-07
-2.914813483e-02	-3.592478647e-07
-2.905735231e-02	-3.575291533e-07
-2.896366874e-02	-3.558136672e-07
-2.887362464e-02	-3.540929632e-07
-2.878465354e-02	-3.523754399e-07
-2.869624881e-02	-3.506542665e-07
-2.860758566e-02	-3.489400899e-07
-2.851781946e-02	-3.472221848e-07
-2.842966021e-02	-3.454851921e-07
-2.834319526e-02	-3.437697164e-07
-2.825775847e-02	-3.420529575e-07
-2.817143724e-02	-3.403344298e-07
-2.808566204e-02	-3.386141424e-07
-2.800103414e-02	-3.368958679e-07
-2.791595981e-02	-3.351761862e-07
-2.783280312e-02	-3.334588950e-07
-2.774972940e-02	-3.317399400e-07
-2.766655481e-02	-3.300248474e-07
-2.758371729e-02	-3.283072690e-07
-2.750128043e-02	-3.265877018e-07
-2.741999456e-02	-3.248708607e-07
-2.733851248e-02	-3.231516416e-07
-2.725630791e-02	-3.214149262e-07
-2.717632142e-02	-3.196976356e-07
-2.709572149e-02	-3.179789596e-07
-2.701504059e-02	-3.162594891e-07
-2.693535504e-02	-3.145432756e-07
-2.685650208e-02	-3.128245738e-07
-2.677626520e-02	-3.111066988e-07
-2.669785644e-02	-3.093896320e-07
-2.661904239e-02	-3.076701993e-07
-2.654058724e-02	-3.059497461e-07
-2.646261733e-02	-3.042352507e-07
-2.638522986e-02	-3.025141387e-07
-2.630783238e-02	-3.007976749e-07
-2.623020977e-02	-2.990784075e-07
-2.615234655e-02	-2.973480288e-07
-2.607627264e-02	-2.956306658e-07
-2.599944138e-02	-2.939127285e-07
-2.592283102e-02	-2.921905427e-07
-2.584604470e-02	-2.904730896e-07
-2.577055499e-02	-2.887523840e-07
-2.569465360e-02	-2.870270512e-07
-2.561938708e-02	-2.853167790e-07
-2.554395078e-02	-2.835995796e-07
-2.546797635e-02	-2.818797997e-07
-2.539299169e-02	-2.801616235e-07
-2.531881287e-02	-2.784454724e-07
-2.524399793e-02	-2.767258903e-07
-2.517003948e-02	-2.750108974e-07
-2.509427017e-02	-2.732785204e-07
-2.502057861e-02	-2.715593840e-07
-2.494763923e-02	-2.698401531e-07
-2.487388713e-02	-2.681233363e-07
-2.480007188e-02	-2.664045278e-07
-2.472542691e-02	-2.646846460e-07
-2.465286226e-02	-2.629682554e-07
-2.458058983e-02	-2.612344848e-07
-2.450789290e-02	-2.595269642e-07
-2.443442332e-02	-2.578126364e-07
-2.436168952e-02	-2.560894233e-07
-2.429032532e-02	-2.543731485e-07
-2.421964024e-02	-2.526526315e-07
-2.414694300e-02	-2.509194487e-07
-2.407515499e-02	-2.492020457e-07
-2.400365513e-02	-2.474864948e-07
-2.393213013e-02	-2.457699787e-07
-2.386204219e-02	-2.440488767e-07
-2.379071998e-02	-2.423331471e-07
-2.371959609e-02	-2.406153778e-07
-2.364915498e-02	-2.388952622e-07
-2.357860289e-02	-2.371784887e-07
-2.351083399e-02	-2.354568975e-07
-2.344024989e-02	-2.337391302e-07
-2.337065265e-02	-2.320216514e-07
-2.330123695e-02	-2.303052149e-07
-2.323119040e-02	-2.285882513e-07
-2.316697728e-02	-2.268620314e-07
-2.309785637e-02	-2.251318828e-07
-2.302832834e-02	-2.234151961e-07
-2.296035927e-02	-2.216956532e-07
-2.289235744e-02	-2.199773222e-07
-2.282552316e-02	-2.182600789e-07
-2.275708526e-02	-2.165413276e-07
-2.269004034e-02	-2.148217981e-07
-2.262269114e-02	-2.131022865e-07
-2.255655902e-02	-2.113868264e-07
-2.249102452e-02	-2.096679033e-07
-2.242478727e-02	-2.079492167e-07
-2.235868277e-02	-2.062330505e-07
-2.229258098e-02	-2.045139132e-07
-2.222610031e-02	-2.027830926e-07
-2.216290087e-02	-2.010610275e-07
-2.209769449e-02	-1.993428562e-07
-2.203268265e-02	-1.976247048e-07
-2.196737365e-02	-1.959081397e-07
-2.190324033e-02	-1.941888084e-07
-2.184052777e-02	-1.924619033e-07
-2.177677877e-02	-1.907520405e-07
-2.171385575e-02	-1.890331311e-07
-2.165044719e-02	-1.873153855e-07
-2.158774907e-02	-1.855969950e-07
-2.152640594e-02	-1.838755352e-07
-2.146339003e-02	-1.821601586e-07
-2.140272236e-02	-1.804393593e-07
-2.133937315e-02	-1.787088573e-07
-2.127887996e-02	-1.769893986e-07
-2.121923288e-02	-1.752720978e-07
-2.115835668e-02	-1.735510427e-07
-2.109780049e-02	-1.718321245e-07
-2.103782389e-02	-1.701163512e-07
-2.097823423e-02	-1.683956317e-07
-2.092034034e-02	-1.666786912e-07
-2.085992428e-02	-1.649590773e-07
-2.080211575e-02	-1.632416361e-07
-2.074231790e-02	-1.615228275e-07
-2.068486776e-02	-1.598050803e-07
-2.062901656e-02	-1.580864068e-07
-2.057001995e-02	-1.563684874e-07
-2.051213526e-02	-1.546360362e-07
-2.045483670e-02	-1.529185091e-07
-2.039762406e-02	-1.512010845e-07
-2.034294837e-02	-1.494804328e-07
-2.028630110e-02	-1.477638419e-07
-2.023134335e-02	-1.460430835e-07
-2.017526840e-02	-1.443241155e-07
-2.011930975e-02	-1.426056798e-07
-2.006528028e-02	-1.408881037e-07
-2.001042984e-02	-1.391694299e-07
-1.995505832e-02	-1.374509990e-07
-1.990156813e-02	-1.357334038e-07
-1.984621657e-02	-1.340170557e-07
-1.979402232e-02	-1.322956215e-07
-1.974048309e-02	-1.305646138e-07
-1.968633157e-02	-1.288465253e-07
-1.963200672e-02	-1.271307766e-07
-1.957874392e-02	-1.254129623e-07
-1.952780964e-02	-1.236932408e-07
-1.947548813e-02	-1.219757839e-07
-1.942133971e-02	-1.202559962e-07
-1.936982909e-02	-1.185373711e-07
-1.931547365e-02	-1.168187928e-07
-1.926470621e-02	-1.150999318e-07
-1.921442595e-02	-1.133831098e-07
-1.915968848e-02	-1.116643710e-07
-1.910816995e-02	-1.099397900e-07
-1.905648080e-02	-1.082267657e-07
-1.900682802e-02	-1.064918836e-07
-1.895422976e-02	-1.047755360e-07
-1.890148782e-02	-1.030495011e-07
-1.884845091e-02	-1.013358233e-07
-1.879481806e-02	-9.962052547e-08
-1.874284912e-02	-9.790029127e-08
-1.869272992e-02	-9.618103590e-08
-1.863719688e-02	-9.446372414e-08
-1.858357807e-02	-9.274274771e-08
-1.852989768e-02	-9.102579349e-08
-1.848082308e-02	-8.930892113e-08
-1.842464720e-02	-8.758835318e-08
-1.837104626e-02	-8.586794772e-08
-1.831516726e-02	-8.415410968e-08
-1.826186635e-02	-8.246215102e-08
-1.820655483e-02	-8.080870099e-08
-1.815274960e-02	-7.919546122e-08
-1.809939027e-02	-7.760876307e-08
-1.804661662e-02	-7.604800603e-08
-1.799575627e-02	-7.452544983e-08
-1.794751139e-02	-7.304314214e-08
-1.789863685e-02	-7.157436093e-08
-1.784831550e-02	-7.014503867e-08
-1.779659162e-02	-6.874152455e-08
-1.774444980e-02	-6.736352649e-08
-1.770210772e-02	-6.600797343e-08
-1.764981255e-02	-6.468323994e-08
-1.760348043e-02	-6.338401407e-08
-1.755546712e-02	-6.211176791e-08
-1.750815776e-02	-6.087916056e-08
-1.746136835e-02	-5.966265628e-08
-1.741419871e-02	-5.846843767e-08
-1.736481512e-02	-5.728880179e-08
-1.731653622e-02	-5.614740758e-08
-1.726881942e-02	-5.501926446e-08
-1.722155365e-02	-5.391363973e-08
-1.717514009e-02	-5.283856829e-08
-1.712738255e-02	-5.177545430e-08
-1.708076748e-02	-5.073900106e-08
-1.703208835e-02	-4.971592677e-08
-1.698709706e-02	-4.872098751e-08
-1.693911768e-02	-4.774943847e-08
-1.688899432e-02	-4.679198267e-08
-1.683677672e-02	-4.584777819e-08
-1.679153022e-02	-4.492973483e-08
-1.674415164e-02	-4.404015103e-08
-1.669583046e-02	-4.314660350e-08
-1.665383372e-02	-4.228000826e-08
-1.660519354e-02	-4.143971066e-08
-1.655627961e-02	-4.060029741e-08
-1.650958590e-02	-3.978708173e-08
-1.646015231e-02	-3.899826378e-08
-1.641106279e-02	-3.821033751e-08
-1.635785551e-02	-3.744959671e-08
-1.630962216e-02	-3.668846285e-08
-1.625727483e-02	-3.595628903e-08
-1.620639390e-02	-3.523360566e-08
-1.615835215e-02	-3.452680850e-08
-1.610656050e-02	-3.382995373e-08
-1.605785665e-02	-3.316175144e-08
-1.600830355e-02	-3.249444486e-08
-1.595876508e-02	-3.183682205e-08
-1.590854013e-02	-3.120663961e-08
-1.585485278e-02	-3.057711631e-08
-1.580073888e-02	-2.996073618e-08
-1.575120609e-02	-2.935732794e-08
-1.569708714e-02	-2.876694804e-08
-1.564259113e-02	-2.819006397e-08
-1.559118291e-02	-2.762789697e-08
-1.553870737e-02	-2.707440109e-08
-1.548841256e-02	-2.652359713e-08
-1.543395469e-02	-2.599848009e-08
-1.537856004e-02	-2.547424010e-08
-1.532665850e-02	-2.496218967e-08
-1.526979779e-02	-2.446363902e-08
-1.521679802e-02	-2.396590140e-08
-1.516447169e-02	-2.349318250e-08
-1.510982388e-02	-2.302158873e-08
-1.505104378e-02	-2.254956659e-08
-1.499303346e-02	-2.210313009e-08
-1.493617426e-02	-2.166009507e-08
-1.487669666e-02	-2.122742829e-08
-1.482137387e-02	-2.079418363e-08
-1.476441195e-02	-2.037463740e-08
-1.470467728e-02	-1.996864869e-08
-1.465054028e-02	-1.957186160e-08
-1.458945525e-02	-1.917947364e-08
-1.453428652e-02	-1.878558807e-08
-1.446535371e-02	-1.840428517e-08
-1.440781616e-02	-1.803737594e-08
-1.435099608e-02	-1.768492135e-08
-1.428738771e-02	-1.731607171e-08
-1.422734701e-02	-1.697783125e-08
-1.416502497e-02	-1.663469491e-08
-1.410128971e-02	-1.629652872e-08
-1.404274088e-02	-1.596673810e-08
-1.397801797e-02	-1.565325498e-08
-1.391611801e-02	-1.533695952e-08
-1.385373072e-02	-1.502321068e-08
-1.378781096e-02	-1.472186202e-08
-1.372534024e-02	-1.443151188e-08
-1.365524242e-02	-1.413151410e-08
-1.359439929e-02	-1.385621214e-08
-1.352479454e-02	-1.356655668e-08
-1.346107418e-02	-1.330321589e-08
-1.339741298e-02	-1.302631567e-08
-1.333007824e-02	-1.276457428e-08
-1.326628019e-02	-1.251291803e-08
-1.318645339e-02	-1.225205138e-08
-1.312007986e-02	-1.200415043e-08
-1.305589391e-02	-1.176591389e-08
-1.298895357e-02	-1.153129210e-08
-1.291798364e-02	-1.129540944e-08
-1.285203228e-02	-1.107275933e-08
-1.277805108e-02	-1.084894309e-08
-1.270104179e-02	-1.062368300e-08
-1.263573284e-02	-1.041583934e-08
-1.256101542e-02	-1.020653258e-08
-1.248699109e-02	-9.996809805e-09
-1.241940009e-02	-9.800620054e-09
-1.234358197e-02	-9.587027290e-09
-1.227054624e-02	-9.404475677e-09
-1.220095159e-02	-9.208958707e-09
-1.212496570e-02	-9.026240162e-09
-1.205208480e-02	-8.840768429e-09
-1.197377569e-02	-8.655892400e-09
-1.189948622e-02	-8.485929326e-09
-1.182835362e-02	-8.316139817e-09
-1.175078263e-02	-8.146928127e-09
-1.167425042e-02	-7.976965890e-09
-1.160296868e-02	-7.816315716e-09
-1.152600734e-02	-7.658652506e-09
-1.144368253e-02	-7.502180444e-09
-1.137522962e-02	-7.357575754e-09
-1.129140330e-02	-7.202099036e-09
-1.121316190e-02	-7.059121407e-09
-1.113093035e-02	-6.913562804e-09
-1.104776883e-02	-6.767696305e-09
-1.097571258e-02	-6.639121328e-09
-1.089826259e-02	-6.507798371e-09
-1.081986521e-02	-6.377915526e-09
-1.073453997e-02	-6.245541778e-09
-1.065454404e-02	-6.115286382e-09
-1.057585519e-02	-5.997384606e-09
-1.048822463e-02	-5.865901694e-09
-1.040739006e-02	-5.745008961e-09
-1.032723227e-02	-5.628755490e-09
-1.024725031e-02	-5.521876427e-09
-1.016309738e-02	-5.403453613e-09
-1.008283754e-02	-5.298823057e-09
-9.991461162e-03	-5.181380711e-09
-9.908955532e-03	-5.076191333e-09
-9.826327642e-03	-4.972516563e-09
-9.747907572e-03	-4.880266062e-09
-9.657840102e-03	-4.774373470e-09
-9.582398712e-03	-4.685654769e-09
-9.491484318e-03	-4.580775986e-09
-9.404046353e-03	-4.488498600e-09
-9.320749847e-03	-4.396359151e-09
-9.231848140e-03	-4.304950066e-09
-9.156235843e-03	-4.222735062e-09
-9.059953967e-03	-4.131625485e-09
-8.983691181e-03	-4.055031851e-09
-8.889669034e-03	-3.960279213e-09
-8.801696279e-03	-3.882911348e-09
-8.714133182e-03	-3.804056439e-09
-8.626424916e-03	-3.724606893e-09
-8.538160851e-03	-3.645948493e-09
-8.440765103e-03	-3.567691771e-09
-8.362071942e-03	-3.501728052e-09
-8.270286174e-03	-3.424303228e-09
-8.184423739e-03	-3.357435080e-09
-8.101567264e-03	-3.291897780e-09
-7.997217392e-03	-3.213290038e-09
-7.917197398e-03	-3.148199783e-09
-7.823090451e-03	-3.084907842e-09
-7.749552621e-03	-3.030711556e-09
-7.658295214e-03	-2.964449680e-09
-7.570644845e-03	-2.898486127e-09
-7.495318319e-03	-2.845589311e-09
-7.394674486e-03	-2.782833651e-09
-7.319995452e-03	-2.728627289e-09
-7.211355910e-03	-2.662303285e-09
-7.124972744e-03	-2.609545352e-09
-7.041231217e-03	-2.560116960e-09
-6.959198632e-03	-2.508079390e-09
-6.865804049e-03	-2.455586716e-09
-6.779011911e-03	-2.403437481e-09
-6.686495074e-03	-2.351187645e-09
-6.597558372e-03	-2.298546219e-09
-6.525054482e-03	-2.258989156e-09
-6.423494415e-03	-2.207258966e-09
-6.354996228e-03	-2.167357980e-09
-6.258113156e-03	-2.114651150e-09
-6.180918235e-03	-2.075626831e-09
-6.075494005e-03	-2.022699993e-09
-6.001341908e-03	-1.983393310e-09
-5.918803458e-03	-1.942186659e-09
-5.836230797e-03	-1.903827317e-09
-5.719896137e-03	-1.848815080e-09
-5.642125571e-03	-1.809336975e-09
-5.553289652e-03	-1.770314113e-09
-5.461874515e-03	-1.731579127e-09
-5.352538117e-03	-1.678208722e-09
-5.254948718e-03	-1.640601909e-09
-5.166314364e-03	-1.602679606e-09
-5.041386141e-03	-1.549011659e-09
-4.953024370e-03	-1.507774542e-09
-4.851514056e-03	-1.471390001e-09
-4.750926051e-03	-1.431021727e-09
-4.627538550e-03	-1.378623467e-09
-4.524877730e-03	-1.340537609e-09
-4.420430866e-03	-1.298382706e-09
-4.311711135e-03	-1.260480034e-09
-4.169399850e-03	-1.205362493e-09
-4.056260683e-03	-1.166436557e-09
-3.948801640e-03	-1.126988137e-09
-3.780970981e-03	-1.075632684e-09
-3.682682671e-03	-1.035313148e-09
-3.567391165e-03	-9.984470439e-10
-3.448286524e-03	-9.597262954e-10
-3.293319752e-03	-9.074167449e-10
-3.170394198e-03	-8.676659432e-10
-3.042574748e-03	-8.286335816e-10
-2.871652044e-03	-7.752019543e-10
-2.743760331e-03	-7.335076613e-10
-2.612425525e-03	-6.956424286e-10
-2.470057604e-03	-6.550179928e-10
-2.302651837e-03	-6.022693903e-10
-2.156070134e-03	-5.631543767e-10
-2.019069830e-03	-5.270531098e-10
-1.882135443e-03	-4.880597643e-10
-1.689334793e-03	-4.351736933e-10
-1.537709760e-03	-3.961402142e-10
-1.387929977e-03	-3.556444736e-10
-1.195727254e-03	-3.019113025e-10
-1.041719819e-03	-2.639756307e-10
-8.821437860e-04	-2.218361954e-10
-7.141969430e-04	-1.827478862e-10
-5.306000241e-04	-1.324595897e-10
-3.601652290e-04	-9.138215567e-11
-1.995050679e-04	-5.161948056e-11
0.000000000e+00	0.000000000e+00
1.658496444e-04	3.977464861e-11
3.228107267e-04	7.980518272e-11
4.768693079e-04	1.175690878e-10
6.902739297e-04	1.700877949e-10
8.455413143e-04	2.095122083e-10
1.003537484e-03	2.488356417e-10
1.177954749e-03	2.880503384e-10
1.353310866e-03	3.407552029e-10
1.507853207e-03	3.799605090e-10
1.661846737e-03	4.195075611e-10
1.844601645e-03	4.718747274e-10
1.995271485e-03	5.111988412e-10
2.136990987e-03	5.508508585e-10
2.287611274e-03	5.906747662e-10
2.461177292e-03	6.426976672e-10
2.597138415e-03	6.828733083e-10
2.733356408e-03	7.221507556e-10
2.872744191e-03	7.641184746e-10
3.043280993e-03	8.168815240e-10
3.170166084e-03	8.555178916e-10
3.299304714e-03	8.949865006e-10
3.451572103e-03	9.467518931e-10
3.579895481e-03	9.841457272e-10
3.703106121e-03	1.025284065e-09
3.812952818e-03	1.062263407e-09
3.970316038e-03	1.115222074e-09
4.076208357e-03	1.153456874e-09
4.187359580e-03	1.193887109e-09
4.320490270e-03	1.245956398e-09
4.437423806e-03	1.286363179e-09
4.544794175e-03	1.324955350e-09
4.647317515e-03	1.364044899e-09
4.779273957e-03	1.417508293e-09
4.884251107e-03	1.456287415e-09
4.981627770e-03	1.497488946e-09
5.078052283e-03	1.536020784e-09
5.204944825e-03	1.587235280e-09
5.306921944e-03	1.629115227e-09
5.400686804e-03	1.669186528e-09
5.506172458e-03	1.720816246e-09
5.607778862e-03	1.760372957e-09
5.700456507e-03	1.798131769e-09
5.785194851e-03	1.836144356e-09
5.888656699e-03	1.888964762e-09
5.974925892e-03	1.928912690e-09
6.056598158e-03	1.968041015e-09
6.170560564e-03	2.020372272e-09
6.248143099e-03	2.062234621e-09
6.325924682e-03	2.099627503e-09
6.406220965e-03	2.139325746e-09
6.491035626e-03	2.190761818e-09
6.578527601e-03	2.231859395e-09
6.660494601e-03	2.273258721e-09
6.732588261e-03	2.311572695e-09
6.819171176e-03	2.362474299e-09
6.890268638e-03	2.401443232e-09
6.983452956e-03	2.453235609e-09
7.039390139e-03	2.493143006e-09
7.136214316e-03	2.545256206e-09
7.225835183e-03	2.597445258e-09
7.313291818e-03	2.649182308e-09
7.385238756e-03	2.690484486e-09
7.456324166e-03	2.742870884e-09
7.540310243e-03	2.794447018e-09
7.627340736e-03	2.848537286e-09
7.720193781e-03	2.912137105e-09
7.794420708e-03	2.964566357e-09
7.873347912e-03	3.017330137e-09
7.964547862e-03	3.082861535e-09
8.036022363e-03	3.135237699e-09
8.124158136e-03	3.200467667e-09
8.209697517e-03	3.266108260e-09
8.282326645e-03	3.320577926e-09
8.368275392e-03	3.384787571e-09
8.454165266e-03	3.453443805e-09
8.535769012e-03	3.517222950e-09
8.630890614e-03	3.597120326e-09
8.708782820e-03	3.662755065e-09
8.784086220e-03	3.728296415e-09
8.876659944e-03	3.807071372e-09
8.960455258e-03	3.885052590e-09
9.034166370e-03	3.951539992e-09
9.126289712e-03	4.029794238e-09
9.202658343e-03	4.108256357e-09
9.287097845e-03	4.187275891e-09
9.374773656e-03	4.279541632e-09
9.451703043e-03	4.357107071e-09
9.520207441e-03	4.433462476e-09
9.608929080e-03	4.524796392e-09
9.691416075e-03	4.617656146e-09
9.775416269e-03	4.709108707e-09
9.852838473e-03	4.800625804e-09
9.930953528e-03	4.893058306e-09
1.001474051e-02	4.984050029e-09
1.008652709e-02	5.077338620e-09
1.016809755e-02	5.181515882e-09
1.025076712e-02	5.286482714e-09
1.033039394e-02	5.391736472e-09
1.041095809e-02	5.496189409e-09
1.049000277e-02	5.602223397e-09
1.056666678e-02	5.706061509e-09
1.064657605e-02	5.823701613e-09
1.072753921e-02	5.944213652e-09
1.079929768e-02	6.047367550e-09
1.088293960e-02	6.178368609e-09
1.095574117e-02	6.295991163e-09
1.102925823e-02	6.413924086e-09
1.110880542e-02	6.547920996e-09
1.118221998e-02	6.676960528e-09
1.125975151e-02	6.808311646e-09
1.133528159e-02	6.938202981e-09
1.140740682e-02	7.068771607e-09
1.147670102e-02	7.213885251e-09
1.156343484e-02	7.358166577e-09
1.162974320e-02	7.502449257e-09
1.170872287e-02	7.646800705e-09
1.178307642e-02	7.804330889e-09
1.185135182e-02	7.948445169e-09
1.192506024e-02	8.105258123e-09
1.199754028e-02	8.276753695e-09
1.206550559e-02	8.435931502e-09
1.214260964e-02	8.607073230e-09
1.221351400e-02	8.775815991e-09
1.228359331e-02	8.948094777e-09
1.235378650e-02	9.119529888e-09
1.243025873e-02	9.303445638e-09
1.249869325e-02	9.486252682e-09
1.256695670e-02	9.669918848e-09
1.263867154e-02	9.867592347e-09
1.270632238e-02	1.006363637e-08
1.277562924e-02	1.025854441e-08
1.284272465e-02	1.046733182e-08
1.291188372e-02	1.066574598e-08
1.297729317e-02	1.087392383e-08
1.304904695e-02	1.109984571e-08
1.311494040e-02	1.132177866e-08
1.317824004e-02	1.154310175e-08
1.324671769e-02	1.176875031e-08
1.331062546e-02	1.200352640e-08
1.337565285e-02	1.223813370e-08
1.344314988e-02	1.248745524e-08
1.350452871e-02	1.272299446e-08
1.357347166e-02	1.298885831e-08
1.363245597e-02	1.323847037e-08
1.369682287e-02	1.350050729e-08
1.376454284e-02	1.377822975e-08
1.382755520e-02	1.405436862e-08
1.389513814e-02	1.432964055e-08
1.395359968e-02	1.461772170e-08
1.401399851e-02	1.490599667e-08
1.407615342e-02	1.519520468e-08
1.413906300e-02	1.549578958e-08
1.420159859e-02	1.580848155e-08
1.426166421e-02	1.612348123e-08
1.431805707e-02	1.644029700e-08
1.438631784e-02	1.676913023e-08
1.443950333e-02	1.709697831e-08
1.450193721e-02	1.743488295e-08
1.455910328e-02	1.778865029e-08
1.461888015e-02	1.814323497e-08
1.467924070e-02	1.849707078e-08
1.473362447e-02	1.886468780e-08
1.479971821e-02	1.924794497e-08
1.485255387e-02	1.962583283e-08
1.491108172e-02	2.002230697e-08
1.496877299e-02	2.041346668e-08
1.502292829e-02	2.081919316e-08
1.507963879e-02	2.124015188e-08
1.513533386e-02	2.165855198e-08
1.519107414e-02	2.209122038e-08
1.524517046e-02	2.252417948e-08
1.530012966e-02	2.297053972e-08
1.535251658e-02	2.343172970e-08
1.540821282e-02	2.390213937e-08
1.545984901e-02	2.437378716e-08
1.551559263e-02	2.485857850e-08
1.557202183e-02	2.535842476e-08
1.562329333e-02	2.585950909e-08
1.567710412e-02	2.638345141e-08
1.573376323e-02	2.690825169e-08
1.578315149e-02	2.743273546e-08
1.583645466e-02	2.798331183e-08
1.588882559e-02	2.854468960e-08
1.594082327e-02	2.911128683e-08
1.599062585e-02	2.968917008e-08
1.604071824e-02	3.027986176e-08
1.609512018e-02	3.088136148e-08
1.614185771e-02	3.149846477e-08
1.619032854e-02	3.212650553e-08
1.624001151e-02	3.276926593e-08
1.629335040e-02	3.342480234e-08
1.634156154e-02	3.407973110e-08
1.638818112e-02	3.476528737e-08
1.643885125e-02	3.546050676e-08
1.649039553e-02	3.616920580e-08
1.653967166e-02	3.689051187e-08
1.658874093e-02	3.762448363e-08
1.663846443e-02	3.837119797e-08
1.668684414e-02	3.914624532e-08
1.673445751e-02	3.992034666e-08
1.678018411e-02	4.072308102e-08
1.682888642e-02	4.153652077e-08
1.687616824e-02	4.236222653e-08
1.692511428e-02	4.320241286e-08
1.697277775e-02	4.406815747e-08
1.702178571e-02	4.494536825e-08
1.706831597e-02	4.583917723e-08
1.711665328e-02	4.675691708e-08
1.716372005e-02	4.768813698e-08
1.721122206e-02	4.864496637e-08
1.725819575e-02	4.961637058e-08
1.730595710e-02	5.060005115e-08
1.735042905e-02	5.160927852e-08
1.739760194e-02	5.264628829e-08
1.745019289e-02	5.369489915e-08
1.749736043e-02	5.477084591e-08
1.754539667e-02	5.586035936e-08
1.759214802e-02	5.697461137e-08
1.763722059e-02	5.811560672e-08
1.768512945e-02	5.926956658e-08
1.773627620e-02	6.045029655e-08
1.778394900e-02	6.165446761e-08
1.783249992e-02	6.288663146e-08
1.788149460e-02	6.414538594e-08
1.792893316e-02	6.543075708e-08
1.798044086e-02	6.672913879e-08
1.802906210e-02	6.807056570e-08
1.807770030e-02	6.942461271e-08
1.813049801e-02	7.081341185e-08
1.818022960e-02	7.223214091e-08
1.823083217e-02	7.367404547e-08
1.828255410e-02	7.514077202e-08
1.833230637e-02	7.663874563e-08
1.838638448e-02	7.817244824e-08
1.843814315e-02	7.973202078e-08
1.849093182e-02	8.132194514e-08
1.854539024e-02	8.294799918e-08
1.859933384e-02	8.461482850e-08
1.865408487e-02	8.629317955e-08
1.870943117e-02	8.801107712e-08
1.876367226e-02	8.974292197e-08
1.881891458e-02	9.146044161e-08
1.887345001e-02	9.317653580e-08
1.892835283e-02	9.489866896e-08
1.898247467e-02	9.661533413e-08
1.903636182e-02	9.833271590e-08
1.909002420e-02	1.000517172e-07
1.914318102e-02	1.017703509e-07
1.919574900e-02	1.034883969e-07
1.924905624e-02	1.051997711e-07
1.930085614e-02	1.069243959e-07
1.935471489e-02	1.086387505e-07
1.940793310e-02	1.103644029e-07
1.945979733e-02	1.120819134e-07
1.951373370e-02	1.138139209e-07
1.956721715e-02	1.155313054e-07
1.961988522e-02	1.172500809e-07
1.967243884e-02	1.189691422e-07
1.972581695e-02	1.206868846e-07
1.977876788e-02	1.224076690e-07
1.983230420e-02	1.241262608e-07
1.988627223e-02	1.258430416e-07
1.993991164e-02	1.275636927e-07
1.999287714e-02	1.292801060e-07
2.004760611e-02	1.309988692e-07
2.010246169e-02	1.327167142e-07
2.015655359e-02	1.344346707e-07
2.020989624e-02	1.361563322e-07
2.026631665e-02	1.378865650e-07
2.032091035e-02	1.396042981e-07
2.037611809e-02	1.413200298e-07
2.043076933e-02	1.430403659e-07
2.048705880e-02	1.447584917e-07
2.054355274e-02	1.464768193e-07
2.059893659e-02	1.481977613e-07
2.065565125e-02	1.499156534e-07
2.071228815e-02	1.516338603e-07
2.076809581e-02	1.533559879e-07
2.082598812e-02	1.550726831e-07
2.088460669e-02	1.567916540e-07
2.094162850e-02	1.585047457e-07
2.099939083e-02	1.602283866e-07
2.105816102e-02	1.619569973e-07
2.111653064e-02	1.636772555e-07
2.117642502e-02	1.653961990e-07
2.123504140e-02	1.671119716e-07
2.129487372e-02	1.688305383e-07
2.135191859e-02	1.705509417e-07
2.141265778e-02	1.722697002e-07
2.147336849e-02	1.739867437e-07
2.153457859e-02	1.757079455e-07
2.159529567e-02	1.774253079e-07
2.165531369e-02	1.791307498e-07
2.171797090e-02	1.808617457e-07
2.177962726e-02	1.825779589e-07
2.184260520e-02	1.842968297e-07
2.190487754e-02	1.860216444e-07
2.196705970e-02	1.877452938e-07
2.203069697e-02	1.894640833e-07
2.209355132e-02	1.911848566e-07
2.215693805e-02	1.929022116e-07
2.222055546e-02	1.946202309e-07
2.228449233e-02	1.963403461e-07
2.234918858e-02	1.980595191e-07
2.241325074e-02	1.997784012e-07
2.247874299e-02	2.014971751e-07
2.254339059e-02	2.032159433e-07
2.260769565e-02	2.049320990e-07
2.267392438e-02	2.066522269e-07
2.273993708e-02	2.083686448e-07
2.280679058e-02	2.101001961e-07
2.287305730e-02	2.118202104e-07
2.293895316e-02	2.135359389e-07
2.300628790e-02	2.152571957e-07
2.307267495e-02	2.169756803e-07
2.314067091e-02	2.186932914e-07
2.320718604e-02	2.204111215e-07
2.327431724e-02	2.221285515e-07
2.334251067e-02	2.238472076e-07
2.341023749e-02	2.255646504e-07
2.347892647e-02	2.272814911e-07
2.354806442e-02	2.290035067e-07
2.361593950e-02	2.307240105e-07
2.368529954e-02	2.324532579e-07
2.375458086e-02	2.341718316e-07
2.382438675e-02	2.358905010e-07
2.389410110e-02	2.376098987e-07
2.396249445e-02	2.393286053e-07
2.403305918e-02	2.410452197e-07
2.410373722e-02	2.427631239e-07
2.417343394e-02	2.444815214e-07
2.424309630e-02	2.462010066e-07
2.431276863e-02	2.479207608e-07
2.438471735e-02	2.496383858e-07
2.445528755e-02	2.513592175e-07
2.452684275e-02	2.530750766e-07
2.459810152e-02	2.547936076e-07
2.466910716e-02	2.565286081e-07
2.474077661e-02	2.582468343e-07
2.481258690e-02	2.599633580e-07
2.488482641e-02	2.616845092e-07
2.495728219e-02	2.633991160e-07
2.502816408e-02	2.651176289e-07
2.510047488e-02	2.668319800e-07
2.517343651e-02	2.685552680e-07
2.524672570e-02	2.702726461e-07
2.531893402e-02	2.719907580e-07
2.539087236e-02	2.737105167e-07
2.546421283e-02	2.754282683e-07
2.553569999e-02	2.771475652e-07
2.560982996e-02	2.788657536e-07
2.568474801e-02	2.805990314e-07
2.575548635e-02	2.823191210e-07
2.582949380e-02	2.840369925e-07
2.590312980e-02	2.857555577e-07
2.597717459e-02	2.874739845e-07
2.605119832e-02	2.891891085e-07
2.612538942e-02	2.909075751e-07
2.619975831e-02	2.926238331e-07
2.627375491e-02	2.943427583e-07
2.634882638e-02	2.960623854e-07
2.642401039e-02	2.977814494e-07
2.649713696e-02	2.995028819e-07
2.657252582e-02	3.012202342e-07
2.664613099e-02	3.029379272e-07
2.672162062e-02	3.046695179e-07
2.679588474e-02	3.063856929e-07
2.687063484e-02	3.081057946e-07
2.694763881e-02	3.098255631e-07
2.702358404e-02	3.115455042e-07
2.709752277e-02	3.132620861e-07
2.717366799e-02	3.149813899e-07
2.724895442e-02	3.166968279e-07
2.732519955e-02	3.184150409e-07
2.740098779e-02	3.201328868e-07
2.747743776e-02	3.218518477e-07
2.755415417e-02	3.235717950e-07
2.762647112e-02	3.252923061e-07
2.770282516e-02	3.270118628e-07
2.777936054e-02	3.287444762e-07
2.785587187e-02	3.304609303e-07
2.793272592e-02	3.321792086e-07
2.800756366e-02	3.338945632e-07
2.808422224e-02	3.356165556e-07
2.816070293e-02	3.373343917e-07
2.823768095e-02	3.390528495e-07
2.831436836e-02	3.407710763e-07
2.838696386e-02	3.424929630e-07
2.846400181e-02	3.442088427e-07
2.854263759e-02	3.459254547e-07
2.861935653e-02	3.476423775e-07
2.869665555e-02	3.493611778e-07
2.877427280e-02	3.510825619e-07
2.885087164e-02	3.528123460e-07
2.892838571e-02	3.545298652e-07
2.900560001e-02	3.562482431e-07
2.908298047e-02	3.579640102e-07
2.915866165e-02	3.596880355e-07
2.923809528e-02	3.614059483e-07
2.931461251e-02	3.631272408e-07
2.939239737e-02	3.648452113e-07
2.946945733e-02	3.665431916e-07
2.954690256e-02	3.682831122e-07
2.962506734e-02	3.699989523e-07
2.970291381e-02	3.717176536e-07
2.978128376e-02	3.734323409e-07
2.985857908e-02	3.751548426e-07
2.993636223e-02	3.768818636e-07
3.001491969e-02	3.786056349e-07
3.009199736e-02	3.803233361e-07
3.017099377e-02	3.820406671e-07
3.024882354e-02	3.837590200e-07
3.032582937e-02	3.854771298e-07