-3.681259974e-02	-2.135266112e-07
-3.657983407e-02	-2.113765523e-07
-3.633748660e-02	-2.092249514e-07
-3.609858879e-02	-2.070923438e-07
-3.585877531e-02	-2.049359566e-07
-3.562431219e-02	-2.027945190e-07
-3.539027848e-02	-2.006458711e-07
-3.515789778e-02	-1.984948868e-07
-3.492736630e-02	-1.963433576e-07
-3.470033302e-02	-1.942120001e-07
-3.447245712e-02	-1.920612043e-07
-3.424599111e-02	-1.899102246e-07
-3.402107995e-02	-1.877648809e-07
-3.379574377e-02	-1.856130445e-07
-3.357232934e-02	-1.834641918e-07
-3.335124900e-02	-1.813314324e-07
-3.312894164e-02	-1.791814130e-07
-3.290765583e-02	-1.770308444e-07
-3.268728816e-02	-1.748810510e-07
-3.246737338e-02	-1.727316902e-07
-3.224835101e-02	-1.705825383e-07
-3.203137045e-02	-1.684481194e-07
-3.181436989e-02	-1.663004135e-07
-3.159764293e-02	-1.641478078e-07
-3.138149446e-02	-1.620025412e-07
-3.116547268e-02	-1.598534838e-07
-3.095136350e-02	-1.577025695e-07
-3.073819345e-02	-1.555537648e-07
-3.052710060e-02	-1.534193276e-07
-3.031487962e-02	-1.512693201e-07
-3.010391760e-02	-1.491215156e-07
-2.989323375e-02	-1.469716613e-07
-2.968280342e-02	-1.448201950e-07
-2.947548867e-02	-1.426735089e-07
-2.926874420e-02	-1.405381712e-07
-2.906190961e-02	-1.383873654e-07
-2.885568423e-02	-1.362379432e-07
-2.865091441e-02	-1.340907206e-07
-2.844611065e-02	-1.319394941e-07
-2.824271237e-02	-1.297917226e-07
-2.804181936e-02	-1.276575140e-07
-2.784008194e-02	-1.255057120e-07
-2.763953125e-02	-1.233581678e-07
-2.743995452e-02	-1.212084067e-07
-2.724085450e-02	-1.190565701e-07
-2.704309335e-02	-1.169108622e-07
-2.684684789e-02	-1.147756596e-07
-2.665061968e-02	-1.126234470e-07
-2.645556309e-02	-1.104786326e-07
-2.626122462e-02	-1.083268893e-07
-2.606689481e-02	-1.061746586e-07
-2.587483012e-02	-1.040274684e-07
-2.568280754e-02	-1.018796064e-07
-2.549285916e-02	-9.974122264e-08
-2.530259691e-02	-9.759462313e-08
-2.511362745e-02	-9.544603887e-08
-2.492488862e-02	-9.329213833e-08
-2.473731888e-02	-9.114572661e-08
-2.454965444e-02	-8.899679302e-08
-2.436477136e-02	-8.686047529e-08
-2.417960730e-02	-8.471390514e-08
-2.399908371e-02	-8.261453358e-08
-2.382384481e-02	-8.057056575e-08
-2.365356827e-02	-7.858013870e-08
-2.348883812e-02	-7.664055532e-08
-2.332804995e-02	-7.475324607e-08
-2.317170518e-02	-7.290670863e-08
-2.302000633e-02	-7.110999043e-08
-2.287233949e-02	-6.935486618e-08
-2.272867482e-02	-6.765114354e-08
-2.258874587e-02	-6.598367138e-08
-2.245271886e-02	-6.436098637e-08
-2.232009396e-02	-6.277574901e-08
-2.219018661e-02	-6.122874741e-08
-2.206460948e-02	-5.972203878e-08
-2.194161690e-02	-5.825556378e-08
-2.182130868e-02	-5.681267135e-08
-2.170486586e-02	-5.542512547e-08
-2.159094757e-02	-5.406270336e-08
-2.149077497e-02	-5.273740655e-08
-2.138264813e-02	-5.144085842e-08
-2.127618432e-02	-5.018430905e-08
-2.117256404e-02	-4.895027895e-08
-2.107157220e-02	-4.774673373e-08
-2.097271872e-02	-4.658204785e-08
-2.087470471e-02	-4.543914697e-08
-2.078031652e-02	-4.432689715e-08
-2.068817979e-02	-4.325340378e-08
-2.059584312e-02	-4.218927554e-08
-2.050609881e-02	-4.115317180e-08
-2.041966736e-02	-4.015874572e-08
-2.033314703e-02	-3.917248344e-08
-2.024892984e-02	-3.821812363e-08
-2.016577708e-02	-3.728874095e-08
-2.008493820e-02	-3.638158711e-08
-2.000508662e-02	-3.549272929e-08
-1.992464682e-02	-3.462325261e-08
-1.984882446e-02	-3.378774006e-08
-1.977302272e-02	-3.297846652e-08
-1.969685682e-02	-3.216463595e-08
-1.962308224e-02	-3.139081219e-08
-1.954989061e-02	-3.063316560e-08
-1.947699477e-02	-2.988531922e-08
-1.940676942e-02	-2.916427015e-08
-1.933651576e-02	-2.845729723e-08
-1.926526528e-02	-2.777444062e-08
-1.919639585e-02	-2.710609051e-08
-1.912664929e-02	-2.645334667e-08
-1.905778464e-02	-2.580819139e-08
-1.898940396e-02	-2.519301208e-08
-1.892389789e-02	-2.459226854e-08
-1.885696631e-02	-2.400013523e-08
-1.879102105e-02	-2.342395449e-08
-1.872387594e-02	-2.286253360e-08
-1.865951563e-02	-2.230936406e-08
-1.859471983e-02	-2.178745063e-08
-1.852921576e-02	-2.126355125e-08
-1.846344123e-02	-2.075177256e-08
-1.839657310e-02	-2.025457189e-08
-1.833594373e-02	-1.978433512e-08
-1.826994074e-02	-1.930980363e-08
-1.820278274e-02	-1.885257355e-08
-1.813830129e-02	-1.840766914e-08
-1.807566607e-02	-1.797270213e-08
-1.800724252e-02	-1.754235982e-08
-1.794295280e-02	-1.712291755e-08
-1.787633688e-02	-1.672871919e-08
-1.781114530e-02	-1.633706352e-08
-1.774205839e-02	-1.594340936e-08
-1.767448046e-02	-1.557554413e-08
-1.760887960e-02	-1.520952594e-08
-1.754191991e-02	-1.485677365e-08
-1.747339688e-02	-1.450059159e-08
-1.740513613e-02	-1.417257899e-08
-1.733396745e-02	-1.383218442e-08
-1.726283159e-02	-1.351629795e-08
-1.719141963e-02	-1.320340913e-08
-1.711837273e-02	-1.290169298e-08
-1.704741468e-02	-1.259873952e-08
-1.697682345e-02	-1.231079832e-08
-1.689879086e-02	-1.202322646e-08
-1.682217786e-02	-1.174627024e-08
-1.674968398e-02	-1.147293347e-08
-1.666654576e-02	-1.121021346e-08
-1.659239201e-02	-1.096247709e-08
-1.651183408e-02	-1.071338063e-08
-1.642620117e-02	-1.046391233e-08
-1.634621590e-02	-1.022688302e-08
-1.626179406e-02	-9.993408104e-09
-1.617688708e-02	-9.769131226e-09
-1.608893269e-02	-9.545100885e-09
-1.600075249e-02	-9.337248836e-09
-1.591619647e-02	-9.127729552e-09
-1.582702623e-02	-8.929108891e-09
-1.573032817e-02	-8.722027199e-09
-1.563941157e-02	-8.536590199e-09
-1.553847070e-02	-8.339916852e-09
-1.544449605e-02	-8.158955243e-09
-1.534218753e-02	-7.972837251e-09
-1.524883836e-02	-7.803857103e-09
-1.514401247e-02	-7.634695070e-09
-1.503593250e-02	-7.462766352e-09
-1.493071587e-02	-7.306031536e-09
-1.482745266e-02	-7.150378563e-09
-1.471000338e-02	-6.990689551e-09
-1.460419895e-02	-6.848448806e-09
-1.447978233e-02	-6.691782756e-09
-1.437798785e-02	-6.559278566e-09
-1.425117984e-02	-6.415427811e-09
-1.413661646e-02	-6.285175736e-09
-1.400083515e-02	-6.139054369e-09
-1.389300885e-02	-6.022360707e-09
-1.376239495e-02	-5.892073769e-09
-1.363150023e-02	-5.772812244e-09
-1.349526810e-02	-5.641276428e-09
-1.337480597e-02	-5.538464769e-09
-1.323278847e-02	-5.418478099e-09
-1.308596145e-02	-5.301475878e-09
-1.296221018e-02	-5.197411292e-09
-1.281950411e-02	-5.090942504e-09
-1.267501026e-02	-4.987351559e-09
-1.253970151e-02	-4.896138472e-09
-1.238158709e-02	-4.789625555e-09
-1.224517368e-02	-4.698915286e-09
-1.210955133e-02	-4.608056703e-09
-1.195397482e-02	-4.514796511e-09
-1.178931610e-02	-4.423704252e-09
-1.162962210e-02	-4.332907568e-09
-1.148269361e-02	-4.252115072e-09
-1.133505390e-02	-4.175134777e-09
-1.118770339e-02	-4.097359175e-09
-1.102696942e-02	-4.016939903e-09
-1.086375873e-02	-3.939280741e-09
-1.070072337e-02	-3.861793506e-09
-1.055184075e-02	-3.793997196e-09
-1.039120154e-02	-3.716066120e-09
-1.022712027e-02	-3.652104819e-09
-1.007107270e-02	-3.585391626e-09
-9.909769385e-03	-3.519467269e-09
-9.750416285e-03	-3.454989985e-09
-9.621130045e-03	-3.401061551e-09
-9.452234397e-03	-3.336671017e-09
-9.283953807e-03	-3.271308977e-09
-9.128136469e-03	-3.217397733e-09
-8.980900095e-03	-3.166780805e-09
-8.837215381e-03	-3.114356345e-09
-8.682468870e-03	-3.060372471e-09
-8.499686833e-03	-2.996243338e-09
-8.336688085e-03	-2.944032913e-09
-8.166700310e-03	-2.889724287e-09
-8.013042689e-03	-2.839967268e-09
-7.840275260e-03	-2.786562005e-09
-7.666678177e-03	-2.732150027e-09
-7.505103480e-03	-2.682500001e-09
-7.319628753e-03	-2.628555749e-09
-7.130781565e-03	-2.574377182e-09
-6.952241202e-03	-2.524138474e-09
-6.720330130e-03	-2.458081875e-09
-6.521438911e-03	-2.404736778e-09
-6.334341775e-03	-2.354700823e-09
-6.136231963e-03	-2.300189839e-09
-5.927854711e-03	-2.248615780e-09
-5.726439320e-03	-2.197685957e-09
-5.514213820e-03	-2.142838446e-09
-5.306258290e-03	-2.092172722e-09
-5.090686153e-03	-2.038886262e-09
-4.868745769e-03	-1.985011635e-09
-4.641868437e-03	-1.934296639e-09
-4.363089179e-03	-1.868655438e-09
-4.122032571e-03	-1.814569731e-09
-3.892857291e-03	-1.764395181e-09
-3.651724877e-03	-1.711143251e-09
-3.398310724e-03	-1.657758292e-09
-3.156478957e-03	-1.607553098e-09
-2.905374610e-03	-1.554009524e-09
-2.640389274e-03	-1.501976777e-09
-2.381032570e-03	-1.450632463e-09
-2.111594355e-03	-1.396411030e-09
-1.763165941e-03	-1.331204504e-09
-1.483198304e-03	-1.280182911e-09
-1.191202554e-03	-1.225853597e-09
-8.852484500e-04	-1.174135534e-09
-5.677706500e-04	-1.121656370e-09
-2.030721194e-04	-1.067836841e-09
2.238264527e-04	-1.017254208e-09
5.686120346e-04	-9.630083811e-10
8.896021616e-04	-9.085226809e-10
1.184994033e-03	-8.577908295e-10
1.536602869e-03	-7.921894848e-10
1.818945006e-03	-7.385119839e-10
2.091119605e-03	-6.870566229e-10
2.353056107e-03	-6.352433290e-10
2.616671121e-03	-5.812507891e-10
2.872180110e-03	-5.304478789e-10
3.118341094e-03	-4.776533296e-10
3.372749972e-03	-4.241398821e-10
3.612787898e-03	-3.730797941e-10
3.854856988e-03	-3.195774239e-10
4.093722993e-03	-2.671818579e-10
4.376379780e-03	-2.028098329e-10
4.596233087e-03	-1.503101384e-10
4.829203948e-03	-9.688812410e-11
5.047583403e-03	-4.525070170e-11
5.259688522e-03	6.209780200e-12
5.463231092e-03	6.102512300e-11
5.672778602e-03	1.119921180e-10
5.869024022e-03	1.638833950e-10
6.077609222e-03	2.186784280e-10
6.268186340e-03	2.684296090e-10
6.509982109e-03	3.342317230e-10
6.699303634e-03	3.884987580e-10
6.884840740e-03	4.398851330e-10
7.066078750e-03	4.901263090e-10
7.246683030e-03	5.448479180e-10
7.419534818e-03	5.968948220e-10
7.587916405e-03	6.472968080e-10
7.755359817e-03	7.019462240e-10
7.922807972e-03	7.548072780e-10
8.087937540e-03	8.047653020e-10
8.244391404e-03	8.607364170e-10
8.440344597e-03	9.243767210e-10
8.601284613e-03	9.755464640e-10
8.741038439e-03	1.030056097e-09
8.899457944e-03	1.082769292e-09
9.031740381e-03	1.132853933e-09
9.171843842e-03	1.187526516e-09
9.317483653e-03	1.239544584e-09
9.445628602e-03	1.290180578e-09
9.620340338e-03	1.358074897e-09
9.749349010e-03	1.409179698e-09
9.907254092e-03	1.475233600e-09
1.002307492e-02	1.528642000e-09
1.018027832e-02	1.592198263e-09
1.032149085e-02	1.658028444e-09
1.046527112e-02	1.725465882e-09
1.061162562e-02	1.789088308e-09
1.076672034e-02	1.867453722e-09
1.090032358e-02	1.934960484e-09
1.106386726e-02	2.011122198e-09
1.118047112e-02	2.077048226e-09
1.133361670e-02	2.157563937e-09
1.147229578e-02	2.233844499e-09
1.160570837e-02	2.313741834e-09
1.174619083e-02	2.393240571e-09
1.190169006e-02	2.482396946e-09
1.202073307e-02	2.561854242e-09
1.216167735e-02	2.654942898e-09
1.229784262e-02	2.744430253e-09
1.242926284e-02	2.836944455e-09
1.258131246e-02	2.943113057e-09
1.269929401e-02	3.032958342e-09
1.284212678e-02	3.137812892e-09
1.297936451e-02	3.244697298e-09
1.310512693e-02	3.348277166e-09
1.322557056e-02	3.452310318e-09
1.333623482e-02	3.558820380e-09
1.346537378e-02	3.675799267e-09
1.358502884e-02	3.793737133e-09
1.371021830e-02	3.913354462e-09
1.381460883e-02	4.028887458e-09
1.393924900e-02	4.160989242e-09
1.406106797e-02	4.293108171e-09
1.416785752e-02	4.422131712e-09
1.427398323e-02	4.554958366e-09
1.438020052e-02	4.685420789e-09
1.449013324e-02	4.828554499e-09
1.459156075e-02	4.973282827e-09
1.470315091e-02	5.132503755e-09
1.479663320e-02	5.272904965e-09
1.489925404e-02	5.431755037e-09
1.500459462e-02	5.590262864e-09
1.509613650e-02	5.756605535e-09
1.519650773e-02	5.929433350e-09
1.529125331e-02	6.101454224e-09
1.538175171e-02	6.281630979e-09
1.546716120e-02	6.454337420e-09
1.556439354e-02	6.651002225e-09
1.564585116e-02	6.830704050e-09
1.573323013e-02	7.029531857e-09
1.582042597e-02	7.227837152e-09
1.590384294e-02	7.434404829e-09
1.598728358e-02	7.646832774e-09
1.606802520e-02	7.856722522e-09
1.614793037e-02	8.076456517e-09
1.622987340e-02	8.315628246e-09
1.630730760e-02	8.537720262e-09
1.638274346e-02	8.771342717e-09
1.646095838e-02	9.022782326e-09
1.653413654e-02	9.272259670e-09
1.660781593e-02	9.531090890e-09
1.668246589e-02	9.795090360e-09
1.675272357e-02	1.005840888e-08
1.682760444e-02	1.033020125e-08
1.689667620e-02	1.061945459e-08
1.696711437e-02	1.091076476e-08
1.703892124e-02	1.120947005e-08
1.710834778e-02	1.151229227e-08
1.717323306e-02	1.182696506e-08
1.724091918e-02	1.213908651e-08
1.730938493e-02	1.246986856e-08
1.737747170e-02	1.281312955e-08
1.743936344e-02	1.315115440e-08
1.750297149e-02	1.350567009e-08
1.757087849e-02	1.387416118e-08
1.763259249e-02	1.423845621e-08
1.769691425e-02	1.461997085e-08
1.776219429e-02	1.501360296e-08
1.782528686e-02	1.540469942e-08
1.789032746e-02	1.582655944e-08
1.795603273e-02	1.624550592e-08
1.801711019e-02	1.666163663e-08
1.807782924e-02	1.710938543e-08
1.814593940e-02	1.756905283e-08
1.820479841e-02	1.802551465e-08
1.826957481e-02	1.850006458e-08
1.833187001e-02	1.898322026e-08
1.839614632e-02	1.947837473e-08
1.846187228e-02	2.000583204e-08
1.852637051e-02	2.052812359e-08
1.858942950e-02	2.106485034e-08
1.865306921e-02	2.161798299e-08
1.871761916e-02	2.217971476e-08
1.878182849e-02	2.275483554e-08
1.884724599e-02	2.334655789e-08
1.891346727e-02	2.394944216e-08
1.897984277e-02	2.457652417e-08
1.904838815e-02	2.522252845e-08
1.911752951e-02	2.587488130e-08
1.918521399e-02	2.654217555e-08
1.925500357e-02	2.723905788e-08
1.932362468e-02	2.793054974e-08
1.939397568e-02	2.865162214e-08
1.946563019e-02	2.940237055e-08
1.953933028e-02	3.016055336e-08
1.961292054e-02	3.093126296e-08
1.968620181e-02	3.173315333e-08
1.976317526e-02	3.255881237e-08
1.984034453e-02	3.339358454e-08
1.991731680e-02	3.424862833e-08
1.999708196e-02	3.512704188e-08
2.007684721e-02	3.602775393e-08
2.015996868e-02	3.696185734e-08
2.024317153e-02	3.790420228e-08
2.032687550e-02	3.887054265e-08
2.041480656e-02	3.987181531e-08
2.050307064e-02	4.089435945e-08
2.059316620e-02	4.194001315e-08
2.068573187e-02	4.301821376e-08
2.078046902e-02	4.411682375e-08
2.087555753e-02	4.524168611e-08
2.097422482e-02	4.639407694e-08
2.107521760e-02	4.758774303e-08
2.117653556e-02	4.879272397e-08
2.128159450e-02	5.003992025e-08
2.139061927e-02	5.132321977e-08
2.149960470e-02	5.261936099e-08
2.161327034e-02	5.397128555e-08
2.172738394e-02	5.533298543e-08
2.184601631e-02	5.674635032e-08
2.196710673e-02	5.819054509e-08
2.209149552e-02	5.966719038e-08
2.221891695e-02	6.118829270e-08
2.234972385e-02	6.273657438e-08
2.248380322e-02	6.433177861e-08
2.262133078e-02	6.595827620e-08
2.276237323e-02	6.764003535e-08
2.290846762e-02	6.935411853e-08
2.305678698e-02	7.110951970e-08
2.321110642e-02	7.291963175e-08
2.336790211e-02	7.476481162e-08
2.352880116e-02	7.665258958e-08
2.369526711e-02	7.859353850e-08
2.386558483e-02	8.058163506e-08
2.404206098e-02	8.262953192e-08
2.422264324e-02	8.471249758e-08
2.440838043e-02	8.685888562e-08
2.459441185e-02	8.899590262e-08
2.478266268e-02	9.114553875e-08
2.497165251e-02	9.329415905e-08
2.516125085e-02	9.544612500e-08
2.535080653e-02	9.759363451e-08
2.554155513e-02	9.973952185e-08
2.573278636e-02	1.018789562e-07
2.592553478e-02	1.040281404e-07
2.611833225e-02	1.061731526e-07
2.631357256e-02	1.083298188e-07
2.650894219e-02	1.104769269e-07
2.670484676e-02	1.126223460e-07
2.690054521e-02	1.147602680e-07
2.709834256e-02	1.169105593e-07
2.729738267e-02	1.190564760e-07
2.749762651e-02	1.212096055e-07
2.769819411e-02	1.233594525e-07
2.789957957e-02	1.255057168e-07
2.810156595e-02	1.276508721e-07
2.830417724e-02	1.297924746e-07
2.850825460e-02	1.319386476e-07
2.871340975e-02	1.340907631e-07
2.892016326e-02	1.362406961e-07
2.912664824e-02	1.383864783e-07
2.933480224e-02	1.405352667e-07
2.954217195e-02	1.426729031e-07
2.975120932e-02	1.448182923e-07
2.996262763e-02	1.469729478e-07
3.017321254e-02	1.491208952e-07
3.038489327e-02	1.512675891e-07
3.059772238e-02	1.534190210e-07
3.081025122e-02	1.555548097e-07
3.102377875e-02	1.576939605e-07
3.123977564e-02	1.598532203e-07
3.145538235e-02	1.620023638e-07
3.167162512e-02	1.641439037e-07
3.188140633e-02	1.663011442e-07
3.209782951e-02	1.684343912e-07
3.231614772e-02	1.705806605e-07
3.253663651e-02	1.727341029e-07
3.275685648e-02	1.748849103e-07
3.297669443e-02	1.770300017e-07
3.319858766e-02	1.791830920e-07
3.342072828e-02	1.813300504e-07
3.364198426e-02	1.834641411e-07
3.386508889e-02	1.856161007e-07
3.408894468e-02	1.877642326e-07
3.431355867e-02	1.899107774e-07
3.453838073e-02	1.920634182e-07
3.476396761e-02	1.942108565e-07
3.498836869e-02	1.963441688e-07
3.521510265e-02	1.984933934e-07
3.544253211e-02	2.006463440e-07
3.566994886e-02	2.027938225e-07
3.589807439e-02	2.049430628e-07
3.612647204e-02	2.070940350e-07
3.635359392e-02	2.092258977e-07
3.658354404e-02	2.113767825e-07
3.681259974e-02	2.135266112e-07