-2.051941511e-02	-4.425338152e-08
-2.051511074e-02	-4.421616519e-08
-2.051069424e-02	-4.418345600e-08
-2.050642293e-02	-4.413660827e-08
-2.050233427e-02	-4.410928643e-08
-2.049785218e-02	-4.407073576e-08
-2.049359021e-02	-4.402730522e-08
-2.048906623e-02	-4.400320948e-08
-2.048458981e-02	-4.394793311e-08
-2.048020048e-02	-4.389354001e-08
-2.047573064e-02	-4.385267155e-08
-2.047143956e-02	-4.379993534e-08
-2.046691307e-02	-4.375658310e-08
-2.046215977e-02	-4.372025630e-08
-2.045791153e-02	-4.366615758e-08
-2.045350640e-02	-4.362304338e-08
-2.044918195e-02	-4.356856570e-08
-2.044481538e-02	-4.352396687e-08
-2.044056728e-02	-4.349643516e-08
-2.043616643e-02	-4.343141775e-08
-2.043173628e-02	-4.337942385e-08
-2.042771270e-02	-4.334232654e-08
-2.042374813e-02	-4.330000161e-08
-2.041976711e-02	-4.323103455e-08
-2.041582698e-02	-4.319958141e-08
-2.041125553e-02	-4.315762922e-08
-2.040742619e-02	-4.310849813e-08
-2.040340604e-02	-4.307053006e-08
-2.039990868e-02	-4.301956979e-08
-2.039595619e-02	-4.296223558e-08
-2.039191296e-02	-4.292176807e-08
-2.038827141e-02	-4.287485141e-08
-2.038429270e-02	-4.283723728e-08
-2.038057736e-02	-4.279270106e-08
-2.037656181e-02	-4.274050672e-08
-2.037263334e-02	-4.269224952e-08
-2.036871503e-02	-4.264694593e-08
-2.036482347e-02	-4.260510338e-08
-2.036066598e-02	-4.255408986e-08
-2.035704707e-02	-4.249110208e-08
-2.035363014e-02	-4.247159813e-08
-2.034995179e-02	-4.241465855e-08
-2.034612292e-02	-4.237148484e-08
-2.034234583e-02	-4.230828721e-08
-2.033828782e-02	-4.227798669e-08
-2.033445870e-02	-4.222839830e-08
-2.033075010e-02	-4.217813023e-08
-2.032689334e-02	-4.213505048e-08
-2.032302581e-02	-4.208953704e-08
-2.031948813e-02	-4.204593109e-08
-2.031583567e-02	-4.199026004e-08
-2.031204498e-02	-4.195338823e-08
-2.030828308e-02	-4.189955891e-08
-2.030452436e-02	-4.186227992e-08
-2.030045499e-02	-4.181661301e-08
-2.029712923e-02	-4.174820974e-08
-2.029295894e-02	-4.172090041e-08
-2.028943673e-02	-4.166441500e-08
-2.028566556e-02	-4.161549692e-08
-2.028200389e-02	-4.157817720e-08
-2.027815123e-02	-4.153509746e-08
-2.027455155e-02	-4.148431258e-08
-2.027077500e-02	-4.142864468e-08
-2.026704829e-02	-4.139694407e-08
-2.026335421e-02	-4.134385707e-08
-2.025962287e-02	-4.130339267e-08
-2.025582635e-02	-4.125236349e-08
-2.025212554e-02	-4.120572560e-08
-2.024818646e-02	-4.115596182e-08
-2.024470085e-02	-4.111979787e-08
-2.024018397e-02	-4.104547170e-08
-2.023650954e-02	-4.101041339e-08
-2.023272713e-02	-4.096385696e-08
-2.022917597e-02	-4.091579392e-08
-2.022556212e-02	-4.086188630e-08
-2.022183045e-02	-4.082400904e-08
-2.021797733e-02	-4.076967233e-08
-2.021431041e-02	-4.073737660e-08
-2.021059593e-02	-4.068976460e-08
-2.020693633e-02	-4.063969075e-08
-2.020339131e-02	-4.058694827e-08
-2.019989752e-02	-4.054321390e-08
-2.019609137e-02	-4.049360674e-08
-2.019233463e-02	-4.046002994e-08
-2.018854574e-02	-4.039446442e-08
-2.018522814e-02	-4.036427038e-08
-2.018127299e-02	-4.031097664e-08
-2.017768446e-02	-4.026915289e-08
-2.017383745e-02	-4.021767896e-08
-2.017032732e-02	-4.016575398e-08
-2.016653160e-02	-4.012994709e-08
-2.016304472e-02	-4.007855146e-08
-2.015926650e-02	-4.005210662e-08
-2.015545982e-02	-3.998912826e-08
-2.015166252e-02	-3.994682526e-08
-2.014790949e-02	-3.989123255e-08
-2.014424803e-02	-3.984702522e-08
-2.014059811e-02	-3.980199412e-08
-2.013705854e-02	-3.975288495e-08
-2.013345911e-02	-3.971544622e-08
-2.012971998e-02	-3.966257847e-08
-2.012603401e-02	-3.961807357e-08
-2.012236518e-02	-3.957124152e-08
-2.011868729e-02	-3.952085128e-08
-2.011496462e-02	-3.946994114e-08
-2.011133070e-02	-3.943067010e-08
-2.010763863e-02	-3.939188454e-08
-2.010374222e-02	-3.933277750e-08
-2.010001379e-02	-3.929617820e-08
-2.009633893e-02	-3.924300662e-08
-2.009247244e-02	-3.919189290e-08
-2.008874547e-02	-3.914355111e-08
-2.008497198e-02	-3.909504019e-08
-2.008144698e-02	-3.905118678e-08
-2.007792971e-02	-3.900804752e-08
-2.007426185e-02	-3.895853432e-08
-2.007051649e-02	-3.891773479e-08
-2.006638076e-02	-3.888696755e-08
-2.006309855e-02	-3.881924393e-08
-2.005950493e-02	-3.877453860e-08
-2.005580532e-02	-3.872658834e-08
-2.005194580e-02	-3.868410370e-08
-2.004795499e-02	-3.864275289e-08
-2.004460895e-02	-3.860141465e-08
-2.004111042e-02	-3.854362311e-08
-2.003735075e-02	-3.850213764e-08
-2.003357132e-02	-3.845213269e-08
-2.002978028e-02	-3.840529120e-08
-2.002606445e-02	-3.835407096e-08
-2.002228426e-02	-3.832265852e-08
-2.001866013e-02	-3.826388665e-08
-2.001470975e-02	-3.822231657e-08
-2.001117072e-02	-3.817631766e-08
-2.000763880e-02	-3.812380070e-08
-2.000398404e-02	-3.808844174e-08
-2.000027845e-02	-3.803207535e-08
-1.999635582e-02	-3.799595526e-08
-1.999270855e-02	-3.794445001e-08
-1.998912916e-02	-3.790013306e-08
-1.998537309e-02	-3.784223816e-08
-1.998180442e-02	-3.780425446e-08
-1.997820817e-02	-3.775304047e-08
-1.997455430e-02	-3.770381226e-08
-1.997066852e-02	-3.765880939e-08
-1.996654986e-02	-3.761421053e-08
-1.996319543e-02	-3.756028099e-08
-1.995931964e-02	-3.752726487e-08
-1.995481997e-02	-3.747329772e-08
-1.995101265e-02	-3.742080268e-08
-1.994756262e-02	-3.737247030e-08
-1.994395009e-02	-3.732495540e-08
-1.994012348e-02	-3.728172531e-08
-1.993644543e-02	-3.722675588e-08
-1.993218078e-02	-3.718465962e-08
-1.992913431e-02	-3.713643061e-08
-1.992530248e-02	-3.709145588e-08
-1.992136728e-02	-3.703379906e-08
-1.991759268e-02	-3.699789195e-08
-1.991394221e-02	-3.695167380e-08
-1.991010026e-02	-3.692085644e-08
-1.990641578e-02	-3.686023971e-08
-1.990270046e-02	-3.681127149e-08
-1.989870458e-02	-3.676741812e-08
-1.989486365e-02	-3.672068938e-08
-1.989145714e-02	-3.668731308e-08
-1.988766798e-02	-3.663288865e-08
-1.988396463e-02	-3.657752769e-08
-1.988019598e-02	-3.653306977e-08
-1.987638820e-02	-3.649081064e-08
-1.987271162e-02	-3.642484733e-08
-1.986901532e-02	-3.639499469e-08
-1.986530300e-02	-3.634848523e-08
-1.986147242e-02	-3.631178569e-08
-1.985787497e-02	-3.626112296e-08
-1.985421742e-02	-3.622204610e-08
-1.985054480e-02	-3.616134483e-08
-1.984682905e-02	-3.612110283e-08
-1.984291868e-02	-3.607498175e-08
-1.983942007e-02	-3.601706493e-08
-1.983559970e-02	-3.597580812e-08
-1.983170894e-02	-3.592915455e-08
-1.982789048e-02	-3.588551414e-08
-1.982449040e-02	-3.583830933e-08
-1.982080155e-02	-3.580853188e-08
-1.981684598e-02	-3.574332028e-08
-1.981296790e-02	-3.569440843e-08
-1.980944444e-02	-3.565339590e-08
-1.980551368e-02	-3.560755360e-08
-1.980192194e-02	-3.556111303e-08
-1.979813996e-02	-3.551644526e-08
-1.979450152e-02	-3.546976981e-08
-1.979087855e-02	-3.541544248e-08
-1.978706000e-02	-3.536602008e-08
-1.978314848e-02	-3.533065486e-08
-1.977954204e-02	-3.527811910e-08
-1.977540584e-02	-3.523522103e-08
-1.977206107e-02	-3.518494670e-08
-1.976829676e-02	-3.514119039e-08
-1.976428872e-02	-3.509376946e-08
-1.976053825e-02	-3.505834471e-08
-1.975705381e-02	-3.500920735e-08
-1.975340958e-02	-3.495597941e-08
-1.974962187e-02	-3.490009851e-08
-1.974559229e-02	-3.486878943e-08
-1.974197702e-02	-3.481250134e-08
-1.973817417e-02	-3.477508456e-08
-1.973417321e-02	-3.471886537e-08
-1.973041997e-02	-3.467118136e-08
-1.972672444e-02	-3.462283644e-08
-1.972312806e-02	-3.457403735e-08
-1.971913762e-02	-3.454215822e-08
-1.971525286e-02	-3.448614889e-08
-1.971148732e-02	-3.443688312e-08
-1.970778684e-02	-3.439340247e-08
-1.970415514e-02	-3.435415022e-08
-1.970032906e-02	-3.430469651e-08
-1.969672349e-02	-3.425745411e-08
-1.969233085e-02	-3.421878444e-08
-1.968883935e-02	-3.416764877e-08
-1.968510338e-02	-3.412922969e-08
-1.968150009e-02	-3.406741334e-08
-1.967768392e-02	-3.400985360e-08
-1.967383584e-02	-3.398276353e-08
-1.966997749e-02	-3.391186080e-08
-1.966545562e-02	-3.387091093e-08
-1.966140511e-02	-3.382236869e-08
-1.965753505e-02	-3.377405509e-08
-1.965370683e-02	-3.373025179e-08
-1.965008514e-02	-3.368684944e-08
-1.964624835e-02	-3.363945355e-08
-1.964195629e-02	-3.358809864e-08
-1.963816764e-02	-3.354188047e-08
-1.963470684e-02	-3.350725756e-08
-1.963081826e-02	-3.346001203e-08
-1.962702726e-02	-3.341723296e-08
-1.962355661e-02	-3.336363226e-08
-1.961957653e-02	-3.331979143e-08
-1.961569892e-02	-3.326076269e-08
-1.961175945e-02	-3.322528471e-08
-1.960786939e-02	-3.317734697e-08
-1.960396719e-02	-3.313268547e-08
-1.959991466e-02	-3.308607264e-08
-1.959608558e-02	-3.302282490e-08
-1.959233970e-02	-3.300150427e-08
-1.958887718e-02	-3.295621636e-08
-1.958486980e-02	-3.290467664e-08
-1.958105850e-02	-3.285407031e-08
-1.957718999e-02	-3.281731439e-08
-1.957337472e-02	-3.277115885e-08
-1.956945078e-02	-3.270481341e-08
-1.956565854e-02	-3.266052777e-08
-1.956217257e-02	-3.261928347e-08
-1.955835512e-02	-3.257482869e-08
-1.955485993e-02	-3.253865224e-08
-1.955087855e-02	-3.247345001e-08
-1.954695454e-02	-3.243437944e-08
-1.954330067e-02	-3.238356951e-08
-1.953939807e-02	-3.235762582e-08
-1.953543717e-02	-3.228671993e-08
-1.953153768e-02	-3.225025846e-08
-1.952763872e-02	-3.220726015e-08
-1.952353076e-02	-3.215815096e-08
-1.951965430e-02	-3.211283484e-08
-1.951609464e-02	-3.204887610e-08
-1.951211497e-02	-3.201374265e-08
-1.950765646e-02	-3.196967941e-08
-1.950430020e-02	-3.191592837e-08
-1.950035615e-02	-3.187495345e-08
-1.949635442e-02	-3.182506752e-08
-1.949244855e-02	-3.178331891e-08
-1.948843224e-02	-3.173119976e-08
-1.948438062e-02	-3.168973308e-08
-1.948055010e-02	-3.165238203e-08
-1.947694156e-02	-3.159933261e-08
-1.947306962e-02	-3.155285759e-08
-1.946907872e-02	-3.150062566e-08
-1.946507035e-02	-3.147172834e-08
-1.946140438e-02	-3.139676947e-08
-1.945749002e-02	-3.135805593e-08
-1.945315159e-02	-3.132089597e-08
-1.944969850e-02	-3.127359720e-08
-1.944594447e-02	-3.122258681e-08
-1.944180218e-02	-3.118978369e-08
-1.943813610e-02	-3.114922531e-08
-1.943430804e-02	-3.108483435e-08
-1.943042778e-02	-3.104203337e-08
-1.942639441e-02	-3.098513138e-08
-1.942234141e-02	-3.095033932e-08
-1.941854387e-02	-3.090299044e-08
-1.941470487e-02	-3.084827784e-08
-1.941060569e-02	-3.080418013e-08
-1.940656213e-02	-3.076140106e-08
-1.940267927e-02	-3.071359800e-08
-1.939879770e-02	-3.066625540e-08
-1.939496771e-02	-3.061433668e-08
-1.939088413e-02	-3.057472111e-08
-1.938684883e-02	-3.053194830e-08
-1.938303788e-02	-3.048215635e-08
-1.937907520e-02	-3.042891586e-08
-1.937523674e-02	-3.039128918e-08
-1.937134845e-02	-3.033780441e-08
-1.936648875e-02	-3.029152045e-08
-1.936228438e-02	-3.024033778e-08
-1.935854193e-02	-3.019816637e-08
-1.935486658e-02	-3.014237943e-08
-1.935081153e-02	-3.009185769e-08
-1.934701365e-02	-3.005604140e-08
-1.934309489e-02	-2.998669850e-08
-1.933931536e-02	-2.995646372e-08
-1.933516917e-02	-2.991171453e-08
-1.933112003e-02	-2.986331012e-08
-1.932735284e-02	-2.981992654e-08
-1.932311597e-02	-2.975747749e-08
-1.931861431e-02	-2.973611614e-08
-1.931541147e-02	-2.968747681e-08
-1.931160020e-02	-2.963350026e-08
-1.930756006e-02	-2.958748569e-08
-1.930342102e-02	-2.953977034e-08
-1.929974997e-02	-2.948482910e-08
-1.929582403e-02	-2.944899715e-08
-1.929183259e-02	-2.940479611e-08
-1.928792760e-02	-2.934907808e-08
-1.928401407e-02	-2.929821803e-08
-1.927940309e-02	-2.926376112e-08
-1.927606834e-02	-2.921335525e-08
-1.927199561e-02	-2.916889422e-08
-1.926786756e-02	-2.912562652e-08
-1.926396556e-02	-2.907930499e-08
-1.926007745e-02	-2.903305550e-08
-1.925605237e-02	-2.898206075e-08
-1.925200776e-02	-2.894589994e-08
-1.924805551e-02	-2.889403762e-08
-1.924407764e-02	-2.884537949e-08
-1.924038491e-02	-2.878754413e-08
-1.923639642e-02	-2.875616927e-08
-1.923157045e-02	-2.870475485e-08
-1.922829688e-02	-2.866350426e-08
-1.922434867e-02	-2.860911429e-08
-1.922051806e-02	-2.855473371e-08
-1.921631311e-02	-2.851880467e-08
-1.921175677e-02	-2.847687756e-08
-1.920866813e-02	-2.842795319e-08
-1.920485872e-02	-2.837382628e-08
-1.920080895e-02	-2.833142936e-08
-1.919681270e-02	-2.827647246e-08
-1.919267575e-02	-2.823979484e-08
-1.918854735e-02	-2.819436284e-08
-1.918441243e-02	-2.815301831e-08
-1.918045311e-02	-2.809906369e-08
-1.917645240e-02	-2.805971121e-08
-1.917196785e-02	-2.800240203e-08
-1.916848140e-02	-2.794110251e-08
-1.916451927e-02	-2.791179174e-08
-1.916068415e-02	-2.787137119e-08
-1.915636770e-02	-2.781536190e-08
-1.915197387e-02	-2.777562416e-08
-1.914731329e-02	-2.774314674e-08
-1.914368535e-02	-2.768097336e-08
-1.913992979e-02	-2.763909637e-08
-1.913606297e-02	-2.758805777e-08
-1.913196859e-02	-2.753674044e-08
-1.912797483e-02	-2.748553898e-08
-1.912392067e-02	-2.745873396e-08
-1.912000352e-02	-2.739609072e-08
-1.911570262e-02	-2.735595832e-08
-1.911140390e-02	-2.732049600e-08
-1.910760007e-02	-2.726808242e-08
-1.910308909e-02	-2.721161891e-08
-1.909953877e-02	-2.717613780e-08
-1.909533438e-02	-2.712700985e-08
-1.909163797e-02	-2.709268448e-08
-1.908753042e-02	-2.701637250e-08
-1.908345486e-02	-2.699209197e-08
-1.907924593e-02	-2.694149504e-08
-1.907523775e-02	-2.689637624e-08
-1.907115181e-02	-2.684841974e-08
-1.906662561e-02	-2.680847215e-08
-1.906280694e-02	-2.675001035e-08
-1.905751124e-02	-2.669782540e-08
-1.905309197e-02	-2.664757613e-08
-1.904914598e-02	-2.659691656e-08
-1.904526148e-02	-2.655953107e-08
-1.904114319e-02	-2.651123626e-08
-1.903698147e-02	-2.645862220e-08
-1.903309289e-02	-2.640494951e-08
-1.902882429e-02	-2.636415309e-08
-1.902416586e-02	-2.631307380e-08
-1.902057564e-02	-2.627789961e-08
-1.901655472e-02	-2.624210840e-08
-1.901199628e-02	-2.618175792e-08
-1.900837069e-02	-2.614238665e-08
-1.900413530e-02	-2.610094187e-08
-1.900012122e-02	-2.604390523e-08
-1.899585021e-02	-2.599531598e-08
-1.899161937e-02	-2.596629340e-08
-1.898767104e-02	-2.589827850e-08
-1.898351449e-02	-2.586821601e-08
-1.897912600e-02	-2.579459455e-08
-1.897474625e-02	-2.576368323e-08
-1.897097944e-02	-2.572814261e-08
-1.896673026e-02	-2.567135964e-08
-1.896258840e-02	-2.563243314e-08
-1.895831545e-02	-2.557947769e-08
-1.895327760e-02	-2.553664853e-08
-1.894916095e-02	-2.548255923e-08
-1.894588125e-02	-2.543850537e-08
-1.894173780e-02	-2.539514998e-08
-1.893738916e-02	-2.534992471e-08
-1.893316434e-02	-2.530711431e-08
-1.892912906e-02	-2.525302501e-08
-1.892493823e-02	-2.520818499e-08
-1.892072280e-02	-2.516113678e-08
-1.891646695e-02	-2.512942052e-08
-1.891226227e-02	-2.506720640e-08
-1.890826305e-02	-2.502512580e-08
-1.890383249e-02	-2.498074934e-08
-1.889972060e-02	-2.492430778e-08
-1.889526443e-02	-2.488422238e-08
-1.889121837e-02	-2.483744666e-08
-1.888702681e-02	-2.479467387e-08
-1.888264872e-02	-2.474014922e-08
-1.887860079e-02	-2.469050758e-08
-1.887417340e-02	-2.464187138e-08
-1.886974913e-02	-2.458049354e-08
-1.886552489e-02	-2.456417183e-08
-1.886135268e-02	-2.450967535e-08
-1.885654263e-02	-2.445471845e-08
-1.885278874e-02	-2.440988469e-08
-1.884885568e-02	-2.436678928e-08
-1.884438123e-02	-2.432557943e-08
-1.884036212e-02	-2.428351448e-08
-1.883591496e-02	-2.422152587e-08
-1.883174761e-02	-2.418843773e-08
-1.882744199e-02	-2.413260695e-08
-1.882317852e-02	-2.409216134e-08
-1.881873566e-02	-2.404693292e-08
-1.881447502e-02	-2.400910581e-08
-1.881009793e-02	-2.394981398e-08
-1.880590541e-02	-2.389776371e-08
-1.880146339e-02	-2.386465678e-08
-1.879669268e-02	-2.381883638e-08
-1.879234727e-02	-2.377023776e-08
-1.878856316e-02	-2.371966902e-08
-1.878415662e-02	-2.366950433e-08
-1.877984725e-02	-2.362827567e-08
-1.877559930e-02	-2.358860996e-08
-1.877127930e-02	-2.353932540e-08
-1.876702388e-02	-2.348721565e-08
-1.876275083e-02	-2.343106851e-08
-1.875859512e-02	-2.338679540e-08
-1.875404606e-02	-2.334837630e-08
-1.874961519e-02	-2.330716331e-08
-1.874523839e-02	-2.325780985e-08
-1.874074688e-02	-2.321413812e-08
-1.873632507e-02	-2.315971994e-08
-1.873098500e-02	-2.310474427e-08
-1.872639255e-02	-2.306023311e-08
-1.872184078e-02	-2.302722325e-08
-1.871701284e-02	-2.296124740e-08
-1.871346482e-02	-2.292565352e-08
-1.870917111e-02	-2.287551075e-08
-1.870487345e-02	-2.282722221e-08
-1.870049712e-02	-2.277457683e-08
-1.869613058e-02	-2.273801198e-08
-1.869177405e-02	-2.269672694e-08
-1.868708009e-02	-2.264853551e-08
-1.868286418e-02	-2.258795952e-08
-1.867835397e-02	-2.256716823e-08
-1.867363866e-02	-2.250107961e-08
-1.866905262e-02	-2.245192975e-08
-1.866393191e-02	-2.240650085e-08
-1.866019923e-02	-2.235895778e-08
-1.865583391e-02	-2.230795679e-08
-1.865110359e-02	-2.227091583e-08
-1.864670729e-02	-2.222357949e-08
-1.864225813e-02	-2.218081921e-08
-1.863753578e-02	-2.213287522e-08
-1.863317073e-02	-2.207061411e-08
-1.862851756e-02	-2.202940737e-08
-1.862426267e-02	-2.198864543e-08
-1.861994265e-02	-2.194246173e-08
-1.861534864e-02	-2.190353521e-08
-1.861076541e-02	-2.184447204e-08
-1.860633769e-02	-2.180036181e-08
-1.860169879e-02	-2.175696570e-08
-1.859713224e-02	-2.171599391e-08
-1.859224272e-02	-2.166636480e-08
-1.858815106e-02	-2.163249985e-08
-1.858349325e-02	-2.156823104e-08
-1.857896290e-02	-2.152491325e-08
-1.857443943e-02	-2.148159231e-08
-1.856925108e-02	-2.143417452e-08
-1.856543039e-02	-2.138643100e-08
-1.856086784e-02	-2.133493823e-08
-1.855627639e-02	-2.127991869e-08
-1.855182770e-02	-2.124254576e-08
-1.854740940e-02	-2.120098510e-08
-1.854262003e-02	-2.115518349e-08
-1.853797144e-02	-2.110203069e-08
-1.853291446e-02	-2.106642117e-08
-1.852904116e-02	-2.101126379e-08
-1.852424266e-02	-2.096316317e-08
-1.851895518e-02	-2.092921054e-08
-1.851360823e-02	-2.087749230e-08
-1.851013874e-02	-2.083972783e-08
-1.850520200e-02	-2.079401079e-08
-1.850039496e-02	-2.073046863e-08
-1.849614080e-02	-2.067955223e-08
-1.849153301e-02	-2.064319721e-08
-1.848685883e-02	-2.057745627e-08
-1.848244770e-02	-2.055780509e-08
-1.847784305e-02	-2.049856653e-08
-1.847290887e-02	-2.045347904e-08
-1.846778683e-02	-2.040785285e-08
-1.846362005e-02	-2.037022618e-08
-1.845878773e-02	-2.031814774e-08
-1.845296962e-02	-2.026967440e-08
-1.844816704e-02	-2.022364418e-08
-1.844331332e-02	-2.017524288e-08
-1.843853420e-02	-2.015521270e-08
-1.843371579e-02	-2.008175725e-08
-1.842907981e-02	-2.004013082e-08
-1.842399706e-02	-1.999741752e-08
-1.841937891e-02	-1.994360073e-08
-1.841461968e-02	-1.989797451e-08
-1.840971204e-02	-1.985626980e-08
-1.840517168e-02	-1.980640266e-08
-1.840018890e-02	-1.975412688e-08
-1.839564277e-02	-1.971971693e-08
-1.839098366e-02	-1.966063497e-08
-1.838583926e-02	-1.961451702e-08
-1.838137161e-02	-1.957118982e-08
-1.837524740e-02	-1.951737930e-08
-1.837060292e-02	-1.946976730e-08
-1.836549022e-02	-1.941622615e-08
-1.836072007e-02	-1.938015304e-08
-1.835591044e-02	-1.932614517e-08
-1.835082112e-02	-1.928318131e-08
-1.834602936e-02	-1.924217817e-08
-1.834083459e-02	-1.919124611e-08
-1.833592588e-02	-1.914131944e-08
-1.833111483e-02	-1.910420960e-08
-1.832612106e-02	-1.905012969e-08
-1.832123140e-02	-1.902100371e-08
-1.831635504e-02	-1.895856721e-08
-1.831011085e-02	-1.890198785e-08
-1.830505258e-02	-1.886734301e-08
-1.830155597e-02	-1.882105905e-08
-1.829656141e-02	-1.877141741e-08
-1.829162978e-02	-1.872194493e-08
-1.828649717e-02	-1.867659436e-08
-1.828135676e-02	-1.864112575e-08
-1.827578716e-02	-1.859138702e-08
-1.827113198e-02	-1.853783019e-08
-1.826631601e-02	-1.849230425e-08
-1.826152782e-02	-1.842811369e-08
-1.825667608e-02	-1.841339569e-08
-1.825146665e-02	-1.835129432e-08
-1.824622224e-02	-1.830771029e-08
-1.824130487e-02	-1.826272303e-08
-1.823639670e-02	-1.822096505e-08
-1.823138394e-02	-1.817593399e-08
-1.822640927e-02	-1.812467616e-08
-1.822136287e-02	-1.807299236e-08
-1.821649229e-02	-1.803060481e-08
-1.821063352e-02	-1.797787800e-08
-1.820606381e-02	-1.792373546e-08
-1.820091056e-02	-1.789820522e-08
-1.819567355e-02	-1.783945525e-08
-1.819082666e-02	-1.780382067e-08
-1.818537300e-02	-1.774606046e-08
-1.818029898e-02	-1.770496023e-08
-1.817494139e-02	-1.765991975e-08
-1.816982264e-02	-1.760628462e-08
-1.816463551e-02	-1.755822474e-08
-1.815950605e-02	-1.752081420e-08
-1.815414501e-02	-1.747309258e-08
-1.814876112e-02	-1.742616338e-08
-1.814318667e-02	-1.736392107e-08
-1.813819097e-02	-1.732114829e-08
-1.813308855e-02	-1.728486217e-08
-1.812790522e-02	-1.723928925e-08
-1.812261551e-02	-1.719504118e-08
-1.811718380e-02	-1.714492660e-08
-1.811186249e-02	-1.709983601e-08
-1.810665716e-02	-1.705072369e-08
-1.810133566e-02	-1.700244143e-08
-1.809585837e-02	-1.697126702e-08
-1.809065245e-02	-1.691333772e-08
-1.808542768e-02	-1.687036131e-08
-1.808011592e-02	-1.682677101e-08
-1.807489116e-02	-1.677149778e-08
-1.806965006e-02	-1.672158990e-08
-1.806445066e-02	-1.667729487e-08
-1.805906981e-02	-1.661981656e-08
-1.805348473e-02	-1.659531368e-08
-1.804804885e-02	-1.653583077e-08
-1.804238617e-02	-1.649748686e-08
-1.803715039e-02	-1.645635531e-08
-1.803155529e-02	-1.640496908e-08
-1.802601843e-02	-1.634934188e-08
-1.802059928e-02	-1.631315288e-08
-1.801510159e-02	-1.627941325e-08
-1.800964559e-02	-1.621533547e-08
-1.800410411e-02	-1.616907658e-08
-1.799861852e-02	-1.612785734e-08
-1.799163461e-02	-1.607807789e-08
-1.798760078e-02	-1.602508486e-08
-1.798210728e-02	-1.597210122e-08
-1.797515967e-02	-1.593171825e-08
-1.796936233e-02	-1.588261848e-08
-1.796384770e-02	-1.583214057e-08
-1.795823155e-02	-1.576830711e-08
-1.795256879e-02	-1.574002367e-08
-1.794682558e-02	-1.568911353e-08
-1.794113706e-02	-1.564879634e-08
-1.793556074e-02	-1.560463914e-08
-1.792971131e-02	-1.555832699e-08
-1.792384117e-02	-1.550844418e-08
-1.791815874e-02	-1.544948753e-08
-1.791270413e-02	-1.542184307e-08
-1.790671111e-02	-1.537141211e-08
-1.790097998e-02	-1.532497467e-08
-1.789510938e-02	-1.527106392e-08
-1.788944318e-02	-1.523423596e-08
-1.788364276e-02	-1.517933231e-08
-1.787769217e-02	-1.515307226e-08
-1.787159552e-02	-1.509102414e-08
-1.786543990e-02	-1.504012024e-08
-1.785987971e-02	-1.499437501e-08
-1.785420639e-02	-1.495514784e-08
-1.784828027e-02	-1.491903088e-08
-1.784235166e-02	-1.485491240e-08
-1.783653884e-02	-1.480138063e-08
-1.783071439e-02	-1.475982623e-08
-1.782471984e-02	-1.472233113e-08
-1.781828464e-02	-1.465172280e-08
-1.781225594e-02	-1.463342784e-08
-1.780621430e-02	-1.457528867e-08
-1.779993248e-02	-1.453277269e-08
-1.779406011e-02	-1.449877308e-08
-1.778633085e-02	-1.444920975e-08
-1.778024465e-02	-1.438491275e-08
-1.777465745e-02	-1.434388456e-08
-1.776954543e-02	-1.430435355e-08
-1.776325307e-02	-1.425137618e-08
-1.775726525e-02	-1.420757290e-08
-1.775140761e-02	-1.416271406e-08
-1.774519436e-02	-1.411575357e-08
-1.773897089e-02	-1.406541036e-08
-1.773295022e-02	-1.402402196e-08
-1.772656493e-02	-1.397663862e-08
-1.772006591e-02	-1.392110851e-08
-1.771381573e-02	-1.387588948e-08
-1.770720970e-02	-1.383431632e-08
-1.770082382e-02	-1.378716477e-08
-1.769464111e-02	-1.373889189e-08
-1.768852375e-02	-1.368935987e-08
-1.768192370e-02	-1.365154217e-08
-1.767536001e-02	-1.359665415e-08
-1.766860104e-02	-1.354476677e-08
-1.766180563e-02	-1.350484113e-08
-1.765513320e-02	-1.346366884e-08
-1.764871448e-02	-1.342038864e-08
-1.764178238e-02	-1.336736739e-08
-1.763486118e-02	-1.332195733e-08
-1.762692739e-02	-1.328986832e-08
-1.762079757e-02	-1.323033219e-08
-1.761540473e-02	-1.319128667e-08
-1.760910350e-02	-1.313431267e-08
-1.760220043e-02	-1.308559188e-08
-1.759554785e-02	-1.304352696e-08
-1.758889469e-02	-1.300138684e-08
-1.758232767e-02	-1.295407552e-08
-1.757554034e-02	-1.290148030e-08
-1.756883317e-02	-1.286119442e-08
-1.756169122e-02	-1.281656424e-08
-1.755351092e-02	-1.276578876e-08
-1.754785561e-02	-1.273560412e-08
-1.754120132e-02	-1.267897151e-08
-1.753425211e-02	-1.262490414e-08
-1.752702329e-02	-1.258308041e-08
-1.752025790e-02	-1.252855571e-08
-1.751321358e-02	-1.250224870e-08
-1.750640881e-02	-1.243506382e-08
-1.749966929e-02	-1.239228164e-08
-1.749056644e-02	-1.233681104e-08
-1.748322461e-02	-1.228978164e-08
-1.747615678e-02	-1.224968058e-08
-1.746897087e-02	-1.220505354e-08
-1.746204402e-02	-1.213754292e-08
-1.745445567e-02	-1.210341177e-08
-1.744713716e-02	-1.206880137e-08
-1.744005932e-02	-1.201142957e-08
-1.743228096e-02	-1.196866305e-08
-1.742520951e-02	-1.192323102e-08
-1.741759833e-02	-1.186381706e-08
-1.741025189e-02	-1.182107873e-08
-1.740288172e-02	-1.177714075e-08
-1.739549125e-02	-1.173213470e-08
-1.738797205e-02	-1.168799630e-08
-1.738063494e-02	-1.163754971e-08
-1.737333717e-02	-1.160697667e-08
-1.736554279e-02	-1.155281533e-08
-1.735821327e-02	-1.150211505e-08
-1.735097906e-02	-1.145579976e-08
-1.734289744e-02	-1.140577286e-08
-1.733492325e-02	-1.135602162e-08
-1.732687110e-02	-1.131372802e-08
-1.731891388e-02	-1.126951129e-08
-1.731153929e-02	-1.122388512e-08
-1.730348792e-02	-1.117295304e-08
-1.729564936e-02	-1.113163981e-08
-1.728684001e-02	-1.108302866e-08
-1.727984634e-02	-1.103445512e-08
-1.727159081e-02	-1.100268247e-08
-1.726332663e-02	-1.094350652e-08
-1.725551848e-02	-1.088600942e-08
-1.724750103e-02	-1.084506269e-08
-1.723976535e-02	-1.080146613e-08
-1.723069598e-02	-1.076101115e-08
-1.722264564e-02	-1.070565330e-08
-1.721431779e-02	-1.065574231e-08
-1.720570063e-02	-1.061530297e-08
-1.719718963e-02	-1.056732138e-08
-1.718893565e-02	-1.052699168e-08
-1.718063692e-02	-1.046097197e-08
-1.717275157e-02	-1.042991660e-08
-1.716403116e-02	-1.038408682e-08
-1.715521233e-02	-1.033032639e-08
-1.714625942e-02	-1.029029421e-08
-1.713775916e-02	-1.024062441e-08
-1.712866609e-02	-1.019917339e-08
-1.712022310e-02	-1.015414231e-08
-1.711114055e-02	-1.010467605e-08
-1.710220986e-02	-1.005375649e-08
-1.709365699e-02	-1.001681891e-08
-1.708475727e-02	-9.966626038e-09
-1.707588932e-02	-9.913852243e-09
-1.706694048e-02	-9.873303278e-09
-1.705782704e-02	-9.827730330e-09
-1.704814993e-02	-9.790495183e-09
-1.703907913e-02	-9.727382119e-09
-1.703038845e-02	-9.684458995e-09
-1.702082092e-02	-9.642854485e-09
-1.701129529e-02	-9.584348819e-09
-1.700181125e-02	-9.550928663e-09
-1.699196435e-02	-9.513890858e-09
-1.698235828e-02	-9.448842122e-09
-1.697096782e-02	-9.413404837e-09
-1.696175484e-02	-9.359365651e-09
-1.695322097e-02	-9.322907320e-09
-1.694326701e-02	-9.286686978e-09
-1.693373319e-02	-9.223718011e-09
-1.692391983e-02	-9.174530546e-09
-1.691370269e-02	-9.136553081e-09
-1.690360680e-02	-9.083325140e-09
-1.689325772e-02	-9.037363795e-09
-1.688271180e-02	-9.000460668e-09
-1.687263007e-02	-8.944604827e-09
-1.686209505e-02	-8.892441804e-09
-1.685177172e-02	-8.856669391e-09
-1.684130278e-02	-8.793559459e-09
-1.682821358e-02	-8.743610861e-09
-1.681739181e-02	-8.695031058e-09
-1.680658567e-02	-8.654259717e-09
-1.679607476e-02	-8.610678818e-09
-1.678489145e-02	-8.560601806e-09
-1.677404002e-02	-8.516814192e-09
-1.676352781e-02	-8.464284697e-09
-1.675136790e-02	-8.414718254e-09
-1.674014400e-02	-8.377310845e-09
-1.672873014e-02	-8.320408878e-09
-1.671731582e-02	-8.280298399e-09
-1.670607825e-02	-8.234922770e-09
-1.669460405e-02	-8.192143697e-09
-1.668276014e-02	-8.153580540e-09
-1.667098378e-02	-8.090620946e-09
-1.665941178e-02	-8.040935463e-09
-1.664730845e-02	-8.006415936e-09
-1.663540437e-02	-7.959408442e-09
-1.662343781e-02	-7.910318070e-09
-1.661157249e-02	-7.870627331e-09
-1.659894158e-02	-7.819804870e-09
-1.658659708e-02	-7.770473330e-09
-1.657405991e-02	-7.725088305e-09
-1.656152208e-02	-7.677714362e-09
-1.654861281e-02	-7.635536665e-09
-1.653569223e-02	-7.586452556e-09
-1.652312927e-02	-7.534590233e-09
-1.651010349e-02	-7.494824302e-09
-1.649741727e-02	-7.448637450e-09
-1.648348051e-02	-7.392593663e-09
-1.647028852e-02	-7.354647542e-09
-1.645715459e-02	-7.304163341e-09
-1.644333904e-02	-7.246374983e-09
-1.642937642e-02	-7.208463291e-09
-1.641565917e-02	-7.170542203e-09
-1.640191827e-02	-7.120844215e-09
-1.638752432e-02	-7.080642906e-09
-1.637289943e-02	-7.035661938e-09
-1.635907385e-02	-6.986916090e-09
-1.634425664e-02	-6.924448273e-09
-1.632969017e-02	-6.882352009e-09
-1.631507623e-02	-6.859897555e-09
-1.629961137e-02	-6.798410091e-09
-1.628488710e-02	-6.746676158e-09
-1.626934709e-02	-6.700323308e-09
-1.625380973e-02	-6.675839197e-09
-1.623808642e-02	-6.613499794e-09
-1.622232750e-02	-6.565565192e-09
-1.620687800e-02	-6.504462992e-09
-1.619064522e-02	-6.475390252e-09
-1.617421583e-02	-6.412092397e-09
-1.615790237e-02	-6.382690792e-09
-1.614125804e-02	-6.324799054e-09
-1.612382932e-02	-6.288008680e-09
-1.610683774e-02	-6.239970744e-09
-1.608972013e-02	-6.178304730e-09
-1.607282802e-02	-6.150425345e-09
-1.605490659e-02	-6.095421466e-09
-1.603660936e-02	-6.049676232e-09
-1.601839912e-02	-6.007041256e-09
-1.600038889e-02	-5.957336980e-09
-1.598190401e-02	-5.920283515e-09
-1.596347271e-02	-5.854811952e-09
-1.594485540e-02	-5.811716520e-09
-1.592601160e-02	-5.767647022e-09
-1.590636064e-02	-5.730446328e-09
-1.588694616e-02	-5.683357424e-09
-1.586691978e-02	-5.632484850e-09
-1.584767845e-02	-5.594613874e-09
-1.582734684e-02	-5.546920463e-09
-1.580657248e-02	-5.490494544e-09
-1.578505605e-02	-5.452307232e-09
-1.576380199e-02	-5.393870518e-09
-1.574245953e-02	-5.352040500e-09
-1.572017322e-02	-5.299749041e-09
-1.569822751e-02	-5.261314298e-09
-1.567617092e-02	-5.207873355e-09
-1.564834793e-02	-5.155259295e-09
-1.562576761e-02	-5.112091849e-09
-1.560215259e-02	-5.069986189e-09
-1.557757992e-02	-5.014446707e-09
-1.555387237e-02	-4.964438623e-09
-1.552944138e-02	-4.929120356e-09
-1.550508644e-02	-4.868519283e-09
-1.548029927e-02	-4.826476310e-09
-1.545441640e-02	-4.776668677e-09
-1.542819222e-02	-4.740470260e-09
-1.540179561e-02	-4.688332316e-09
-1.537500196e-02	-4.637130854e-09
-1.534782724e-02	-4.602702134e-09
-1.532024473e-02	-4.541092520e-09
-1.529236190e-02	-4.500903763e-09
-1.526419276e-02	-4.454084192e-09
-1.523574503e-02	-4.414647149e-09
-1.520631830e-02	-4.370170462e-09
-1.517552737e-02	-4.318834322e-09
-1.514480716e-02	-4.290453810e-09
-1.511409760e-02	-4.230200417e-09
-1.508263094e-02	-4.181285463e-09
-1.505099829e-02	-4.136658415e-09
-1.501761089e-02	-4.081338176e-09
-1.498398755e-02	-4.051269423e-09
-1.494983027e-02	-3.992275135e-09
-1.491454812e-02	-3.936240791e-09
-1.487909973e-02	-3.902028181e-09
-1.484284923e-02	-3.856658816e-09
-1.480535381e-02	-3.811565093e-09
-1.476812485e-02	-3.753817428e-09
-1.472944173e-02	-3.716212700e-09
-1.469088346e-02	-3.665947765e-09
-1.465149521e-02	-3.622714523e-09
-1.461024253e-02	-3.575221586e-09
-1.456926244e-02	-3.541043406e-09
-1.452623889e-02	-3.478550533e-09
-1.448219296e-02	-3.448265668e-09
-1.443782351e-02	-3.387623879e-09
-1.439260236e-02	-3.336751305e-09
-1.434527599e-02	-3.300471477e-09
-1.429727743e-02	-3.250770334e-09
-1.424834961e-02	-3.210540860e-09
-1.419785133e-02	-3.161387847e-09
-1.414683985e-02	-3.099721857e-09
-1.409427227e-02	-3.064300232e-09
-1.403914609e-02	-3.019594883e-09
-1.398444479e-02	-2.984192051e-09
-1.392723037e-02	-2.924493054e-09
-1.386895753e-02	-2.884890012e-09
-1.380847242e-02	-2.821914758e-09
-1.374625324e-02	-2.797568480e-09
-1.368238485e-02	-2.735473353e-09
-1.361657502e-02	-2.703606760e-09
-1.354997433e-02	-2.651706829e-09
-1.348048964e-02	-2.617049470e-09
-1.341006981e-02	-2.558788126e-09
-1.333758499e-02	-2.506631368e-09
-1.326218164e-02	-2.448999611e-09
-1.318454100e-02	-2.409997922e-09
-1.310435355e-02	-2.366799156e-09
-1.302119251e-02	-2.317379896e-09
-1.293595546e-02	-2.276364233e-09
-1.284849026e-02	-2.234847443e-09
-1.275626875e-02	-2.188203313e-09
-1.266158462e-02	-2.141900552e-09
-1.256409481e-02	-2.093991007e-09
-1.246294452e-02	-2.041489700e-09
-1.235744141e-02	-2.003759690e-09
-1.224968562e-02	-1.949206849e-09
-1.213751040e-02	-1.902318373e-09
-1.202043651e-02	-1.858740606e-09
-1.189920154e-02	-1.808989349e-09
-1.177262834e-02	-1.763792269e-09
-1.164286931e-02	-1.716421435e-09
-1.150583146e-02	-1.670917392e-09
-1.136438678e-02	-1.621723662e-09
-1.117964075e-02	-1.569482339e-09
-1.102638265e-02	-1.531097731e-09
-1.086421069e-02	-1.472372823e-09
-1.069577435e-02	-1.428804452e-09
-1.052030846e-02	-1.380052340e-09
-1.033809447e-02	-1.334197508e-09
-1.014608257e-02	-1.282623333e-09
-9.947328495e-03	-1.240746335e-09
-9.737682136e-03	-1.188802555e-09
-9.523750134e-03	-1.132235717e-09
-9.299071427e-03	-1.108425018e-09
-9.061456362e-03	-1.043072473e-09
-8.814188663e-03	-1.004014431e-09
-8.556185399e-03	-9.586200088e-10
-8.287505450e-03	-9.193301716e-10
-8.006476174e-03	-8.847573543e-10
-7.712431982e-03	-8.247514164e-10
-7.408735572e-03	-7.639279688e-10
-7.089117473e-03	-7.357854917e-10
-6.754500685e-03	-6.873904564e-10
-6.404597285e-03	-6.447586128e-10
-6.041772053e-03	-5.824599033e-10
-5.662944973e-03	-5.480687676e-10
-5.265484690e-03	-4.972306687e-10
-4.852219976e-03	-4.535714685e-10
-4.426365888e-03	-4.063885804e-10
-3.977423587e-03	-3.616425148e-10
-3.508825773e-03	-2.981880580e-10
-3.021304219e-03	-2.647679020e-10
-2.514051673e-03	-2.212778323e-10
-1.981514282e-03	-1.914533783e-10
-1.424007833e-03	-1.171616568e-10
-8.274034990e-04	-8.524177308e-11
-1.623428505e-04	-2.356640948e-11
6.260314358e-04	8.948585660e-12
1.243126415e-03	5.481907814e-11
1.813053868e-03	1.034239604e-10
2.351624857e-03	1.480071597e-10
2.868819518e-03	1.978367173e-10
3.363828607e-03	2.527184697e-10
3.839203912e-03	3.071052899e-10
4.290893492e-03	3.377691547e-10
4.729868118e-03	3.849332506e-10
5.149757342e-03	4.442657990e-10
5.552891061e-03	4.815447947e-10
5.935043177e-03	5.319757279e-10
6.305719516e-03	5.614399737e-10
6.659805204e-03	6.190811261e-10
6.998465669e-03	6.690579129e-10
7.321043488e-03	7.004515671e-10
7.634040958e-03	7.623524840e-10
7.931829122e-03	7.986072321e-10
8.218980307e-03	8.432405440e-10
8.491950462e-03	8.913724646e-10
8.753697363e-03	9.405317648e-10
9.004549771e-03	9.858948430e-10
9.244265660e-03	1.049430733e-09
9.471398659e-03	1.086606371e-09
9.690665544e-03	1.127286905e-09
9.902088579e-03	1.169433259e-09
1.010477365e-02	1.215225473e-09
1.029798206e-02	1.275610412e-09
1.048352894e-02	1.312250447e-09
1.066083631e-02	1.358938426e-09
1.083153341e-02	1.404267075e-09
1.099412291e-02	1.461657687e-09
1.115159153e-02	1.499249864e-09
1.130255312e-02	1.547265899e-09
1.144886798e-02	1.581434660e-09
1.158722855e-02	1.634083172e-09
1.172151897e-02	1.672680782e-09
1.185070954e-02	1.733485460e-09
1.197629067e-02	1.766893088e-09
1.209370220e-02	1.828703175e-09
1.220907218e-02	1.869067350e-09
1.232064925e-02	1.905610269e-09
1.242749780e-02	1.953024928e-09
1.255618563e-02	2.026239204e-09
1.265573634e-02	2.069575780e-09
1.275013881e-02	2.114478448e-09
1.284229976e-02	2.176163254e-09
1.293095984e-02	2.208192736e-09
1.301796179e-02	2.252243465e-09
1.310193265e-02	2.296206496e-09
1.318413887e-02	2.351952693e-09
1.326227117e-02	2.398531073e-09
1.333880943e-02	2.438246891e-09
1.341281740e-02	2.488759235e-09
1.348463426e-02	2.537423649e-09
1.355310598e-02	2.583807820e-09
1.362230312e-02	2.624381864e-09
1.368799023e-02	2.672031427e-09
1.375083093e-02	2.723517905e-09
1.381360006e-02	2.759926146e-09
1.387421786e-02	2.810178530e-09
1.393318577e-02	2.873617350e-09
1.399007501e-02	2.892676553e-09
1.404730757e-02	2.948247355e-09
1.410254457e-02	2.998913214e-09
1.415538908e-02	3.039935118e-09
1.420721935e-02	3.088342705e-09
1.425808627e-02	3.135491117e-09
1.430686580e-02	3.188578139e-09
1.435537006e-02	3.225666057e-09
1.440212905e-02	3.276591853e-09
1.444808651e-02	3.319552608e-09
1.449371288e-02	3.366052664e-09
1.453772302e-02	3.415810185e-09
1.458136593e-02	3.457317601e-09
1.462336365e-02	3.504682148e-09
1.466447946e-02	3.558668066e-09
1.470478753e-02	3.602649890e-09
1.474325412e-02	3.662135886e-09
1.478161495e-02	3.688837576e-09
1.481949842e-02	3.748849779e-09
1.485700606e-02	3.784039632e-09
1.489339576e-02	3.842968123e-09
1.492869783e-02	3.874252156e-09
1.496354702e-02	3.930333504e-09
1.499783907e-02	3.975818755e-09
1.503106910e-02	4.016233042e-09
1.506469231e-02	4.072095148e-09
1.509736065e-02	4.109308347e-09
1.512949742e-02	4.159222493e-09
1.516087969e-02	4.201224773e-09
1.519133752e-02	4.253625831e-09
1.522095627e-02	4.290481978e-09
1.525072508e-02	4.348160738e-09
1.527941028e-02	4.387907876e-09
1.530662156e-02	4.437480606e-09
1.533554508e-02	4.483943078e-09
1.536401255e-02	4.521128113e-09
1.539224500e-02	4.569570128e-09
1.541967030e-02	4.613670947e-09
1.544554748e-02	4.659128010e-09
1.547229787e-02	4.716822430e-09
1.549802903e-02	4.770498276e-09
1.552335242e-02	4.819760934e-09
1.554771476e-02	4.855044725e-09
1.557247817e-02	4.900883897e-09
1.559637750e-02	4.948301688e-09
1.561968980e-02	4.979294441e-09
1.564309575e-02	5.030564785e-09
1.566623093e-02	5.100493431e-09
1.568881852e-02	5.117416511e-09
1.571116265e-02	5.178737976e-09
1.573287966e-02	5.230189979e-09
1.575488508e-02	5.277044002e-09
1.577607581e-02	5.309433670e-09
1.579734342e-02	5.367322277e-09
1.581818159e-02	5.409828861e-09
1.583960755e-02	5.447956641e-09
1.585959284e-02	5.507633737e-09
1.588043226e-02	5.550105824e-09
1.590496818e-02	5.604937463e-09
1.592490323e-02	5.654528986e-09
1.594406484e-02	5.694836783e-09
1.596344443e-02	5.745151808e-09
1.598228071e-02	5.794884272e-09
1.600084260e-02	5.834521766e-09
1.601933503e-02	5.888482651e-09
1.603757727e-02	5.923732013e-09
1.605543636e-02	5.969762263e-09
1.607368195e-02	6.018248128e-09
1.609077340e-02	6.073208158e-09
1.610830901e-02	6.124534902e-09
1.612603296e-02	6.185709139e-09
1.614289539e-02	6.222762604e-09
1.615953947e-02	6.259004847e-09
1.617594580e-02	6.314422202e-09
1.619259005e-02	6.355033785e-09
1.620880259e-02	6.400869848e-09
1.622515236e-02	6.451911553e-09
1.624088945e-02	6.493403309e-09
1.625722759e-02	6.535665548e-09
1.627312697e-02	6.573063562e-09
1.628751345e-02	6.640708878e-09
1.630331714e-02	6.678708244e-09
1.631860172e-02	6.725540343e-09
1.633362175e-02	6.777039326e-09
1.634791483e-02	6.810468901e-09
1.636283293e-02	6.872780116e-09
1.637789406e-02	6.902407228e-09
1.639235203e-02	6.953257878e-09
1.640706323e-02	6.998899755e-09
1.642140468e-02	7.053734503e-09
1.643547760e-02	7.099946389e-09
1.644930743e-02	7.146377563e-09
1.646331123e-02	7.198741037e-09
1.647711614e-02	7.234162661e-09
1.649089290e-02	7.277881370e-09
1.650404744e-02	7.321004968e-09
1.651701230e-02	7.378126224e-09
1.653024491e-02	7.427200936e-09
1.654320880e-02	7.469983117e-09
1.655637264e-02	7.514149709e-09
1.656954577e-02	7.552775529e-09
1.658235417e-02	7.599034441e-09
1.659496977e-02	7.656259032e-09
1.660721945e-02	7.688626775e-09
1.661973888e-02	7.735079874e-09
1.663184918e-02	7.798769234e-09
1.664409015e-02	7.838453755e-09
1.665578738e-02	7.889094512e-09
1.666771381e-02	7.928913711e-09
1.668003411e-02	7.985652811e-09
1.669164224e-02	8.027291774e-09
1.670309875e-02	8.075398615e-09
1.671462066e-02	8.114293814e-09
1.672658441e-02	8.169980525e-09
1.673816450e-02	8.220624437e-09
1.674991274e-02	8.255300589e-09
1.676128823e-02	8.305418318e-09
1.677285621e-02	8.350963078e-09
1.678368188e-02	8.399010433e-09
1.679472082e-02	8.447540146e-09
1.680590237e-02	8.497435477e-09
1.681666001e-02	8.544314557e-09
1.682737128e-02	8.592975816e-09
1.683825606e-02	8.627827385e-09
1.684904380e-02	8.684246994e-09
1.685979614e-02	8.727073071e-09
1.687048782e-02	8.771302326e-09
1.688060411e-02	8.808881975e-09
1.689126355e-02	8.860725529e-09
1.690185694e-02	8.903742614e-09
1.691202825e-02	8.963175388e-09
1.692236965e-02	9.002978903e-09
1.693210491e-02	9.049566680e-09
1.694227162e-02	9.102569137e-09
1.695486159e-02	9.154256066e-09
1.696447062e-02	9.198071868e-09
1.697426721e-02	9.252092239e-09
1.698451005e-02	9.292838546e-09
1.699447579e-02	9.342968780e-09
1.700410354e-02	9.386643663e-09
1.701391955e-02	9.448403615e-09
1.702337220e-02	9.488676937e-09
1.703344190e-02	9.526146987e-09
1.704285873e-02	9.575253043e-09
1.705203032e-02	9.618304580e-09
1.706121354e-02	9.668910908e-09
1.707040543e-02	9.713431466e-09
1.707932188e-02	9.760573638e-09
1.708881762e-02	9.811142381e-09
1.709776560e-02	9.843970581e-09
1.710691120e-02	9.894865079e-09
1.711598514e-02	9.947262982e-09
1.712507933e-02	9.993587670e-09
1.713340048e-02	1.004087078e-08
1.714337805e-02	1.008550720e-08
1.715202237e-02	1.012877176e-08
1.716099562e-02	1.019176266e-08
1.716970790e-02	1.022084792e-08
1.717854272e-02	1.028518880e-08
1.718713532e-02	1.031531077e-08
1.719570017e-02	1.035574385e-08
1.720425434e-02	1.041061932e-08
1.721273292e-02	1.045961886e-08
1.722114346e-02	1.050397340e-08
1.722954664e-02	1.055010074e-08
1.723766998e-02	1.059607148e-08
1.724590726e-02	1.064374925e-08
1.725408827e-02	1.068022953e-08
1.726211340e-02	1.073331655e-08
1.727028649e-02	1.077640257e-08
1.727861328e-02	1.083473908e-08
1.728677743e-02	1.086724776e-08
1.729468245e-02	1.093755228e-08
1.730323644e-02	1.097089729e-08
1.731144404e-02	1.101515784e-08
1.731943400e-02	1.105886715e-08
1.732722500e-02	1.111051965e-08
1.733529875e-02	1.115971336e-08
1.734301158e-02	1.121090856e-08
1.735113168e-02	1.124679686e-08
1.735931716e-02	1.131113460e-08
1.736699038e-02	1.133388975e-08
1.737464982e-02	1.138430187e-08
1.738225222e-02	1.142489784e-08
1.738979372e-02	1.146953741e-08
1.739735053e-02	1.152898269e-08
1.740496097e-02	1.156510278e-08
1.741302991e-02	1.161870346e-08
1.742075565e-02	1.166525365e-08
1.742852174e-02	1.171412476e-08
1.743579237e-02	1.174378319e-08
1.744355950e-02	1.180118633e-08
1.745101448e-02	1.184728862e-08
1.745815443e-02	1.190846288e-08
1.746541919e-02	1.194189243e-08
1.747287349e-02	1.199071032e-08
1.748025732e-02	1.203612351e-08
1.748749721e-02	1.208455613e-08
1.749468218e-02	1.211263909e-08
1.750154767e-02	1.217840196e-08
1.750866251e-02	1.222537185e-08
1.751619420e-02	1.226147941e-08
1.752343400e-02	1.230725281e-08
1.753045212e-02	1.236047764e-08
1.753741870e-02	1.240722202e-08
1.754402417e-02	1.245329612e-08
1.755109970e-02	1.249863730e-08
1.755817760e-02	1.253834998e-08
1.756506538e-02	1.258963912e-08
1.757218065e-02	1.264366578e-08
1.757871488e-02	1.268244820e-08
1.758780780e-02	1.274618456e-08
1.759460779e-02	1.279265330e-08
1.760150431e-02	1.284061925e-08
1.760837645e-02	1.287861548e-08
1.761486587e-02	1.293663876e-08
1.762176959e-02	1.295903060e-08
1.762810282e-02	1.301953142e-08
1.763503111e-02	1.307218620e-08
1.764194875e-02	1.311795336e-08
1.764882373e-02	1.317372150e-08
1.765520099e-02	1.321131684e-08
1.766162740e-02	1.325766969e-08
1.766823668e-02	1.329478581e-08
1.767476689e-02	1.334584005e-08
1.768120248e-02	1.339611122e-08
1.768776367e-02	1.343758419e-08
1.769428869e-02	1.348509281e-08
1.770087677e-02	1.352885226e-08
1.770753594e-02	1.357777661e-08
1.771383550e-02	1.362590855e-08
1.772050856e-02	1.367288470e-08
1.772676543e-02	1.371568881e-08
1.773308021e-02	1.376883221e-08
1.773928983e-02	1.382152454e-08
1.774648439e-02	1.385278039e-08
1.775312450e-02	1.391298680e-08
1.775942429e-02	1.395567818e-08
1.776560527e-02	1.400221269e-08
1.777191553e-02	1.404064432e-08
1.777771397e-02	1.409596143e-08
1.778419310e-02	1.415324555e-08
1.779018304e-02	1.417055074e-08
1.779615726e-02	1.422738380e-08
1.780247915e-02	1.428009495e-08
1.780866848e-02	1.432190305e-08
1.781478155e-02	1.437340205e-08
1.782064125e-02	1.441706123e-08
1.782708117e-02	1.446244312e-08
1.783327616e-02	1.451196887e-08
1.783957905e-02	1.455472913e-08
1.784591551e-02	1.461974655e-08
1.785187540e-02	1.466171753e-08
1.785817140e-02	1.469099070e-08
1.786406664e-02	1.474229238e-08
1.787022276e-02	1.478248427e-08
1.787637326e-02	1.482870871e-08
1.788211450e-02	1.488390053e-08
1.788672471e-02	1.492918220e-08
1.789248243e-02	1.497449206e-08
1.789991605e-02	1.503426309e-08
1.790569095e-02	1.506416583e-08
1.791151735e-02	1.510770290e-08
1.791730505e-02	1.515640798e-08
1.792328219e-02	1.519468302e-08
1.792927606e-02	1.526001364e-08
1.793490167e-02	1.528665579e-08
1.794053872e-02	1.534663357e-08
1.794632553e-02	1.538531576e-08
1.795196664e-02	1.544651821e-08
1.795767733e-02	1.549299321e-08
1.796345000e-02	1.553841269e-08
1.796958251e-02	1.557384371e-08
1.797506394e-02	1.562177831e-08
1.798071341e-02	1.566537487e-08
1.798648078e-02	1.571910710e-08
1.799206325e-02	1.576163247e-08
1.799788895e-02	1.581333504e-08
1.800372357e-02	1.585922121e-08
1.800914871e-02	1.591266842e-08
1.801493343e-02	1.595360265e-08
1.802032133e-02	1.598949721e-08
1.802590998e-02	1.602910967e-08
1.803137700e-02	1.608507514e-08
1.803717079e-02	1.613455701e-08
1.804289301e-02	1.617570736e-08
1.804807988e-02	1.622964005e-08
1.805354657e-02	1.627412300e-08
1.806065599e-02	1.633738954e-08
1.806641353e-02	1.637021458e-08
1.807169303e-02	1.642426319e-08
1.807725598e-02	1.647569016e-08
1.808253356e-02	1.653490366e-08
1.808785424e-02	1.657142779e-08
1.809343449e-02	1.661264390e-08
1.809869173e-02	1.666244214e-08
1.810416178e-02	1.669712143e-08
1.810940408e-02	1.674062089e-08
1.811461408e-02	1.680891141e-08
1.811962761e-02	1.684386007e-08
1.812486096e-02	1.687182089e-08
1.813049208e-02	1.693317681e-08
1.813611038e-02	1.697639124e-08
1.814132363e-02	1.703547006e-08
1.814637722e-02	1.707806119e-08
1.815144256e-02	1.712187389e-08
1.815678638e-02	1.717622314e-08
1.816213984e-02	1.722078442e-08
1.816759022e-02	1.727081756e-08
1.817302126e-02	1.731458012e-08
1.817819609e-02	1.736859111e-08
1.818328098e-02	1.739843749e-08
1.818837833e-02	1.745207262e-08
1.819378446e-02	1.748567133e-08
1.819921602e-02	1.752841279e-08
1.820437132e-02	1.759242478e-08
1.820951274e-02	1.762344572e-08
1.821466416e-02	1.767537381e-08
1.821945625e-02	1.773210039e-08
1.822509388e-02	1.777096427e-08
1.822954594e-02	1.781966624e-08
1.823457943e-02	1.786867518e-08
1.823978660e-02	1.791521911e-08
1.824437216e-02	1.796046004e-08
1.824970865e-02	1.800770870e-08
1.825480054e-02	1.804874626e-08
1.825992620e-02	1.809786171e-08
1.826487665e-02	1.812456025e-08
1.826992855e-02	1.819473319e-08
1.827510296e-02	1.823450539e-08
1.828050687e-02	1.828071417e-08
1.828532304e-02	1.833094465e-08
1.829077692e-02	1.837897321e-08
1.829586095e-02	1.842759689e-08
1.830092431e-02	1.847845067e-08
1.830552594e-02	1.850964385e-08
1.831059541e-02	1.854910597e-08
1.831563461e-02	1.860903361e-08
1.832067627e-02	1.865158091e-08
1.832564764e-02	1.870187401e-08
1.833043467e-02	1.874526072e-08
1.833533912e-02	1.879239661e-08
1.834022559e-02	1.884183781e-08
1.834394333e-02	1.889004177e-08
1.834911332e-02	1.893781035e-08
1.835510023e-02	1.898312021e-08
1.835963817e-02	1.902796024e-08
1.836510108e-02	1.907360524e-08
1.836986260e-02	1.912717460e-08
1.837453687e-02	1.916350141e-08
1.837950757e-02	1.921106327e-08
1.838398428e-02	1.925003364e-08
1.838917489e-02	1.930737725e-08
1.839386005e-02	1.935842833e-08
1.839870051e-02	1.939917464e-08
1.840366247e-02	1.943759372e-08
1.840867415e-02	1.950098243e-08
1.841327392e-02	1.954530251e-08
1.841808778e-02	1.958937516e-08
1.842287810e-02	1.963824314e-08
1.842740078e-02	1.968745253e-08
1.843246016e-02	1.972241059e-08
1.843757934e-02	1.977042036e-08
1.844227295e-02	1.982893540e-08
1.844691207e-02	1.986422545e-08
1.845275643e-02	1.992648033e-08
1.845788046e-02	1.995690612e-08
1.846241071e-02	2.001554959e-08
1.846695083e-02	2.005554103e-08
1.847170223e-02	2.010544263e-08
1.847643083e-02	2.014931796e-08
1.848128623e-02	2.020068227e-08
1.848593911e-02	2.023377671e-08
1.849082702e-02	2.029402382e-08
1.849580697e-02	2.033799311e-08
1.850046149e-02	2.038788844e-08
1.850508513e-02	2.043831622e-08
1.850999094e-02	2.047925674e-08
1.851493877e-02	2.053964794e-08
1.851881005e-02	2.056930324e-08
1.852400009e-02	2.062647459e-08
1.852885937e-02	2.066185547e-08
1.853350604e-02	2.071130918e-08
1.853829969e-02	2.076053423e-08
1.854286171e-02	2.081235271e-08
1.854751757e-02	2.084831933e-08
1.855229502e-02	2.089945187e-08
1.855689980e-02	2.094340237e-08
1.856135556e-02	2.100319533e-08
1.856597235e-02	2.103689426e-08
1.857063880e-02	2.108695246e-08
1.857526423e-02	2.112938387e-08
1.857989989e-02	2.117847422e-08
1.858335435e-02	2.121589416e-08
1.858876481e-02	2.126965146e-08
1.859325032e-02	2.130408331e-08
1.859768196e-02	2.137095810e-08
1.860222845e-02	2.142764709e-08
1.860699165e-02	2.144687855e-08
1.861157262e-02	2.149233249e-08
1.861606392e-02	2.155226641e-08
1.862043338e-02	2.159537121e-08
1.862499869e-02	2.165845296e-08
1.862962019e-02	2.168730015e-08
1.863426174e-02	2.172940265e-08
1.863854267e-02	2.177827380e-08
1.864329362e-02	2.182791228e-08
1.864776576e-02	2.187201623e-08
1.865238505e-02	2.192309552e-08
1.865670563e-02	2.197320072e-08
1.866119605e-02	2.201585765e-08
1.866525130e-02	2.206402715e-08
1.866993642e-02	2.209491655e-08
1.867434855e-02	2.214970431e-08
1.867873147e-02	2.218896909e-08
1.868303786e-02	2.225627924e-08
1.868760020e-02	2.229181675e-08
1.869217641e-02	2.234517623e-08
1.869655037e-02	2.236774349e-08
1.870121208e-02	2.243241322e-08
1.870562012e-02	2.248186065e-08
1.871012312e-02	2.251394964e-08
1.871451196e-02	2.257067310e-08
1.871852879e-02	2.262074070e-08
1.872306844e-02	2.265911280e-08
1.872749144e-02	2.271445498e-08
1.873187570e-02	2.276697506e-08
1.873633338e-02	2.280519056e-08
1.874079220e-02	2.284430813e-08
1.874527649e-02	2.289499276e-08
1.874978538e-02	2.294492881e-08
1.875396617e-02	2.298691545e-08
1.875844672e-02	2.302602050e-08
1.876301740e-02	2.309166119e-08
1.876727027e-02	2.311975982e-08
1.877159462e-02	2.317630160e-08
1.877611426e-02	2.320868816e-08
1.878036917e-02	2.326168746e-08
1.878465188e-02	2.331328983e-08
1.878923380e-02	2.336175377e-08
1.879346675e-02	2.340641527e-08
1.879760387e-02	2.345214169e-08
1.880327843e-02	2.350503134e-08
1.880750806e-02	2.356407887e-08
1.881192704e-02	2.359719207e-08
1.881657310e-02	2.364547122e-08
1.882068342e-02	2.369908442e-08
1.882483718e-02	2.375481185e-08
1.882917678e-02	2.380339168e-08
1.883351206e-02	2.382822033e-08
1.883779370e-02	2.387514011e-08
1.884229114e-02	2.392377944e-08
1.884660200e-02	2.397583598e-08
1.885052053e-02	2.400879885e-08
1.885506462e-02	2.407040220e-08
1.885947027e-02	2.411999370e-08
1.886360306e-02	2.416130378e-08
1.886795641e-02	2.421414961e-08
1.887227548e-02	2.425358667e-08
1.887641926e-02	2.431217062e-08
1.888091208e-02	2.434314458e-08
1.888524981e-02	2.439603426e-08
1.888955792e-02	2.444031987e-08
1.889373898e-02	2.448742448e-08
1.889813086e-02	2.452456877e-08
1.890246569e-02	2.458020537e-08
1.890638510e-02	2.461512582e-08
1.891009220e-02	2.467246943e-08
1.891480329e-02	2.472555958e-08
1.891896521e-02	2.478174742e-08
1.892334485e-02	2.481352321e-08
1.892776837e-02	2.486459310e-08
1.893208190e-02	2.490426507e-08
1.893611414e-02	2.495826665e-08
1.894054469e-02	2.500048822e-08
1.894464045e-02	2.504942821e-08
1.894896824e-02	2.509515467e-08
1.895304806e-02	2.514345883e-08
1.895727502e-02	2.518175892e-08
1.896121686e-02	2.522997854e-08
1.896564901e-02	2.526485829e-08
1.896985762e-02	2.532501459e-08
1.897408990e-02	2.537186233e-08
1.897845986e-02	2.541736011e-08
1.898241587e-02	2.545735157e-08
1.898610805e-02	2.550857180e-08
1.899068531e-02	2.556378555e-08
1.899479954e-02	2.560293442e-08
1.899857979e-02	2.565168340e-08
1.900275536e-02	2.569565581e-08
1.900689013e-02	2.574267583e-08
1.901092707e-02	2.580910271e-08
1.901528533e-02	2.582815878e-08
1.901925374e-02	2.587756862e-08
1.902345915e-02	2.592584464e-08
1.902733145e-02	2.597122967e-08
1.903129446e-02	2.602319535e-08
1.903545535e-02	2.607014020e-08
1.903967326e-02	2.610877853e-08
1.904382292e-02	2.616897867e-08
1.904770534e-02	2.620292819e-08
1.905179880e-02	2.623603201e-08
1.905594443e-02	2.629547416e-08
1.905982857e-02	2.633904253e-08
1.906412208e-02	2.639697501e-08
1.906847887e-02	2.643853565e-08
1.907248796e-02	2.648461601e-08
1.907663269e-02	2.655259019e-08
1.908108694e-02	2.657618162e-08
1.908506694e-02	2.662632127e-08
1.908901879e-02	2.667655487e-08
1.909308692e-02	2.671921492e-08
1.909731142e-02	2.676235418e-08
1.910131111e-02	2.680013743e-08
1.910538003e-02	2.686624171e-08
1.910880288e-02	2.690138770e-08
1.911357682e-02	2.695006151e-08
1.911762302e-02	2.701038067e-08
1.912161915e-02	2.704120427e-08
1.912661416e-02	2.711963045e-08
1.913076317e-02	2.715651792e-08
1.913487770e-02	2.718670258e-08
1.913887766e-02	2.724393968e-08
1.914289839e-02	2.728491149e-08
1.914691014e-02	2.733125497e-08
1.915109367e-02	2.739853379e-08
1.915518190e-02	2.742190913e-08
1.915917911e-02	2.747340809e-08
1.916323561e-02	2.752190651e-08
1.916716652e-02	2.756762666e-08
1.917127927e-02	2.761911001e-08
1.917521868e-02	2.766524362e-08
1.917920433e-02	2.771755385e-08
1.918327168e-02	2.776004162e-08
1.918735944e-02	2.779300136e-08
1.919137904e-02	2.783822039e-08
1.919547578e-02	2.789888408e-08
1.919959430e-02	2.793159639e-08
1.920386476e-02	2.797787092e-08
1.920805417e-02	2.803579400e-08
1.921201779e-02	2.807917758e-08
1.921575278e-02	2.811932249e-08
1.921994700e-02	2.817569827e-08
1.922370544e-02	2.819926152e-08
1.922791338e-02	2.825366089e-08
1.923195553e-02	2.830814172e-08
1.923599268e-02	2.835420642e-08
1.923992879e-02	2.840051231e-08
1.924381682e-02	2.845370580e-08
1.924779077e-02	2.850287134e-08
1.925170148e-02	2.853749738e-08
1.925584115e-02	2.858310791e-08
1.925991708e-02	2.864085247e-08
1.926404832e-02	2.867969753e-08
1.926783786e-02	2.871250379e-08
1.927161458e-02	2.878461553e-08
1.927564916e-02	2.882941798e-08
1.927956419e-02	2.885516122e-08
1.928373419e-02	2.891645449e-08
1.928774235e-02	2.895965013e-08
1.929168712e-02	2.899765891e-08
1.929573525e-02	2.905167618e-08
1.929974501e-02	2.910164981e-08
1.930383729e-02	2.914570678e-08
1.930760193e-02	2.919708992e-08
1.931145945e-02	2.924467684e-08
1.931520550e-02	2.928112893e-08
1.931921915e-02	2.934066820e-08
1.932302232e-02	2.938553015e-08
1.932722015e-02	2.942682143e-08
1.933131075e-02	2.946382480e-08
1.933527474e-02	2.951531126e-08
1.933915464e-02	2.958415617e-08
1.934310730e-02	2.961227362e-08
1.934719336e-02	2.966159887e-08
1.935105633e-02	2.969678559e-08
1.935498848e-02	2.974382440e-08
1.935915456e-02	2.981024815e-08
1.936285064e-02	2.984419765e-08
1.936674308e-02	2.987492102e-08
1.937084706e-02	2.993554713e-08
1.937485775e-02	2.998634453e-08
1.937873165e-02	3.004006110e-08
1.938277664e-02	3.008063199e-08
1.938659699e-02	3.010657567e-08
1.939087486e-02	3.017610653e-08
1.939483798e-02	3.021546214e-08
1.939869279e-02	3.025478330e-08
1.940241582e-02	3.030958675e-08
1.940604119e-02	3.036794832e-08
1.941025601e-02	3.040058855e-08
1.941383245e-02	3.044651233e-08
1.941794771e-02	3.048855533e-08
1.942213934e-02	3.053359267e-08
1.942597812e-02	3.058638839e-08
1.942978707e-02	3.065045675e-08
1.943487326e-02	3.068694329e-08
1.943860752e-02	3.073913140e-08
1.944256543e-02	3.078100839e-08
1.944652137e-02	3.083374774e-08
1.945026430e-02	3.087559341e-08
1.945414183e-02	3.092503457e-08
1.945805621e-02	3.097076099e-08
1.946099147e-02	3.101151983e-08
1.946569593e-02	3.105569271e-08
1.946983383e-02	3.113030705e-08
1.947382612e-02	3.115341302e-08
1.947755800e-02	3.119563767e-08
1.948148791e-02	3.124907551e-08
1.948545014e-02	3.128952422e-08
1.948955159e-02	3.133923476e-08
1.949328521e-02	3.137228847e-08
1.949724308e-02	3.143987425e-08
1.950082796e-02	3.148091808e-08
1.950480751e-02	3.153543338e-08
1.950858254e-02	3.156339731e-08
1.951248451e-02	3.161906834e-08
1.951614199e-02	3.166779224e-08
1.952008108e-02	3.171009211e-08
1.952404560e-02	3.177195229e-08
1.952803398e-02	3.180835429e-08
1.953181213e-02	3.186165742e-08
1.953571356e-02	3.189328909e-08
1.953939611e-02	3.195317603e-08
1.954323402e-02	3.199385654e-08
1.954735737e-02	3.202830094e-08
1.955109673e-02	3.208020398e-08
1.955411136e-02	3.213167165e-08
1.955893758e-02	3.216326891e-08
1.956271961e-02	3.221163889e-08
1.956652471e-02	3.225940749e-08
1.957052449e-02	3.230959410e-08
1.957447754e-02	3.235590312e-08
1.957779021e-02	3.240050823e-08
1.958203908e-02	3.245402747e-08
1.958585024e-02	3.250553900e-08
1.958959941e-02	3.255208606e-08
1.959340496e-02	3.259454875e-08
1.959720880e-02	3.264336979e-08
1.960110593e-02	3.269460568e-08
1.960496283e-02	3.273199115e-08
1.960894536e-02	3.278039871e-08
1.961259917e-02	3.282545172e-08
1.961658047e-02	3.288819204e-08
1.962043055e-02	3.292258944e-08
1.962415485e-02	3.296513361e-08
1.962804611e-02	3.301398906e-08
1.963162443e-02	3.306303871e-08
1.963562371e-02	3.310376623e-08
1.963956387e-02	3.315786177e-08
1.964324208e-02	3.320170578e-08
1.964718166e-02	3.324368927e-08
1.965095936e-02	3.329684520e-08
1.965474219e-02	3.333995938e-08
1.965867312e-02	3.338755572e-08
1.966218944e-02	3.342770689e-08
1.966600524e-02	3.347881752e-08
1.966980381e-02	3.353626762e-08
1.967337373e-02	3.357490910e-08
1.967724330e-02	3.361737805e-08
1.968093984e-02	3.366170756e-08
1.968503124e-02	3.370504103e-08
1.968862326e-02	3.375877951e-08
1.969258995e-02	3.381203251e-08
1.969629873e-02	3.386130143e-08
1.970030739e-02	3.389690156e-08
1.970373003e-02	3.394598882e-08
1.970808388e-02	3.400179768e-08
1.971182840e-02	3.403998186e-08
1.971549712e-02	3.408586802e-08
1.971931295e-02	3.412724389e-08
1.972282163e-02	3.417730835e-08
1.972661741e-02	3.421698032e-08
1.973152495e-02	3.428416204e-08
1.973539570e-02	3.432694112e-08
1.973909390e-02	3.437741903e-08
1.974277589e-02	3.441638311e-08
1.974638030e-02	3.444630466e-08
1.975035035e-02	3.451540014e-08
1.975385940e-02	3.455651602e-08
1.975775109e-02	3.460201067e-08
1.976154139e-02	3.465619706e-08
1.976549227e-02	3.469822755e-08
1.976921485e-02	3.475006795e-08
1.977309090e-02	3.478468460e-08
1.977707996e-02	3.483578897e-08
1.978024714e-02	3.488416832e-08
1.978460465e-02	3.492707894e-08
1.978841092e-02	3.496351537e-08
1.979220092e-02	3.502243133e-08
1.979601578e-02	3.507341979e-08
1.979962954e-02	3.512583027e-08
1.980362279e-02	3.516399250e-08
1.980724137e-02	3.521812567e-08
1.981096407e-02	3.524723284e-08
1.981468055e-02	3.530054224e-08
1.981846937e-02	3.534391327e-08
1.982224396e-02	3.538918867e-08
1.982588756e-02	3.544171188e-08
1.982895273e-02	3.547701762e-08
1.983305125e-02	3.553225955e-08
1.983696585e-02	3.557651387e-08
1.984053328e-02	3.563291784e-08
1.984419211e-02	3.568242164e-08
1.984805797e-02	3.572347486e-08
1.985171435e-02	3.577430672e-08
1.985540288e-02	3.581625891e-08
1.985905045e-02	3.586299074e-08
1.986286805e-02	3.589964646e-08
1.986685601e-02	3.596314787e-08
1.987052042e-02	3.600520968e-08
1.987413256e-02	3.605813382e-08
1.987781296e-02	3.610354703e-08
1.988178951e-02	3.614261762e-08
1.988507698e-02	3.619024213e-08
1.988918951e-02	3.623548308e-08
1.989286301e-02	3.628490858e-08
1.989647443e-02	3.632522578e-08
1.990021483e-02	3.636068809e-08
1.990411591e-02	3.641723930e-08
1.990753979e-02	3.646489201e-08
1.991137013e-02	3.651205295e-08
1.991477311e-02	3.656581023e-08
1.991861857e-02	3.658322191e-08
1.992231787e-02	3.666220564e-08
1.992613350e-02	3.671326927e-08
1.993010761e-02	3.674893209e-08
1.993362055e-02	3.679152946e-08
1.993740127e-02	3.684292826e-08
1.994101693e-02	3.688311699e-08
1.994483416e-02	3.692713640e-08
1.994835454e-02	3.697253396e-08
1.995220995e-02	3.702309959e-08
1.995590506e-02	3.707417886e-08
1.995956729e-02	3.711950124e-08
1.996303872e-02	3.716696604e-08
1.996697288e-02	3.720311429e-08
1.997053760e-02	3.725052269e-08
1.997427153e-02	3.731177212e-08
1.997783512e-02	3.734530192e-08
1.998166255e-02	3.738910522e-08
1.998537691e-02	3.743690509e-08
1.998843938e-02	3.747781740e-08
1.999228956e-02	3.754207371e-08
1.999630746e-02	3.758437668e-08
2.000006613e-02	3.763229560e-08
2.000400912e-02	3.766803672e-08
2.000767268e-02	3.772564971e-08
2.001121542e-02	3.776854151e-08
2.001484885e-02	3.781597498e-08
2.001957177e-02	3.787028039e-08
2.002344698e-02	3.791582515e-08
2.002723915e-02	3.796406043e-08
2.003088342e-02	3.800275205e-08
2.003463365e-02	3.805562294e-08
2.003824691e-02	3.809973315e-08
2.004199256e-02	3.815202461e-08
2.004561888e-02	3.818028921e-08
2.004915638e-02	3.823298160e-08
2.005294922e-02	3.828254491e-08
2.005639927e-02	3.833405018e-08
2.006054788e-02	3.837935375e-08
2.006406889e-02	3.843038608e-08
2.006766180e-02	3.845267451e-08
2.007125255e-02	3.851561845e-08
2.007494765e-02	3.855941546e-08
2.007880953e-02	3.861543730e-08
2.008244861e-02	3.866033686e-08
2.008614297e-02	3.870747587e-08
2.008985981e-02	3.875312712e-08
2.009349930e-02	3.879546769e-08
2.009709387e-02	3.884658771e-08
2.010064166e-02	3.889927381e-08
2.010439154e-02	3.893916187e-08
2.010813888e-02	3.898858113e-08
2.011168303e-02	3.903805987e-08
2.011540932e-02	3.907829564e-08
2.011894068e-02	3.911490120e-08
2.012245584e-02	3.916922855e-08
2.012622865e-02	3.922035482e-08
2.013015142e-02	3.926623784e-08
2.013397893e-02	3.931585442e-08
2.013730116e-02	3.936247978e-08
2.014078363e-02	3.941730516e-08
2.014464038e-02	3.945125776e-08
2.014833107e-02	3.950391254e-08
2.015194242e-02	3.954254776e-08
2.015549731e-02	3.959330755e-08
2.015932260e-02	3.963072751e-08
2.016319315e-02	3.970347196e-08
2.016690784e-02	3.972137226e-08
2.017054229e-02	3.978579141e-08
2.017419135e-02	3.982364673e-08
2.017800932e-02	3.986466867e-08
2.018185197e-02	3.992168966e-08
2.018554788e-02	3.996630729e-08
2.018918327e-02	4.000621105e-08
2.019284659e-02	4.005387314e-08
2.019667517e-02	4.010436985e-08
2.020032978e-02	4.014284220e-08
2.020390967e-02	4.019638021e-08
2.020740858e-02	4.025175685e-08
2.021113425e-02	4.028065731e-08
2.021449844e-02	4.033669170e-08
2.021821774e-02	4.036303002e-08
2.022192967e-02	4.042492155e-08
2.022547881e-02	4.047702193e-08
2.022899793e-02	4.051966317e-08
2.023215560e-02	4.056849982e-08
2.023674748e-02	4.060308830e-08
2.024013695e-02	4.065987125e-08
2.024385868e-02	4.069973427e-08
2.024741324e-02	4.075145878e-08
2.025114219e-02	4.079319484e-08
2.025479051e-02	4.083802234e-08
2.025808230e-02	4.088083586e-08
2.026175592e-02	4.094104541e-08
2.026538586e-02	4.098166328e-08
2.026931812e-02	4.101256518e-08
2.027289424e-02	4.108868297e-08
2.027626639e-02	4.110838740e-08
2.028016020e-02	4.117673743e-08
2.028354295e-02	4.121977646e-08
2.028724541e-02	4.125052176e-08
2.029072851e-02	4.130278501e-08
2.029456142e-02	4.133971006e-08
2.029808241e-02	4.140721128e-08
2.030273727e-02	4.145551862e-08
2.030650935e-02	4.150504121e-08
2.031012140e-02	4.155482065e-08
2.031377181e-02	4.159843914e-08
2.031759207e-02	4.164952782e-08
2.032129762e-02	4.169288635e-08
2.032494095e-02	4.174514333e-08
2.032820056e-02	4.177854470e-08
2.033202204e-02	4.183988809e-08
2.033575763e-02	4.188396074e-08
2.033952280e-02	4.192808035e-08
2.034311044e-02	4.197255079e-08
2.034679871e-02	4.201952381e-08
2.035036600e-02	4.205980655e-08
2.035387138e-02	4.211053503e-08
2.035752177e-02	4.214161548e-08
2.036100802e-02	4.221543429e-08
2.036465752e-02	4.226641020e-08
2.036833210e-02	4.230714711e-08
2.037179697e-02	4.233885710e-08
2.037548979e-02	4.239157451e-08
2.037923712e-02	4.244229675e-08
2.038273217e-02	4.248250117e-08
2.038654062e-02	4.252522071e-08
2.039015708e-02	4.257465247e-08
2.039383995e-02	4.260140115e-08
2.039724483e-02	4.266786877e-08
2.040094200e-02	4.271903262e-08
2.040439291e-02	4.275745797e-08
2.040807929e-02	4.281576316e-08
2.041163614e-02	4.286176209e-08
2.041522051e-02	4.289909433e-08
2.041894076e-02	4.295153610e-08
2.042238002e-02	4.299451563e-08
2.042612430e-02	4.304172355e-08
2.042969777e-02	4.308215037e-08
2.043324599e-02	4.314225655e-08
2.043692814e-02	4.318120497e-08
2.044023845e-02	4.323184264e-08
2.044419270e-02	4.327626295e-08
2.044779178e-02	4.330787898e-08
2.045136465e-02	4.337379847e-08
2.045481525e-02	4.341523070e-08
2.045831019e-02	4.345040176e-08
2.046194302e-02	4.351118760e-08
2.046545947e-02	4.356353230e-08
2.046916287e-02	4.360741077e-08
2.047274086e-02	4.364232809e-08
2.047638335e-02	4.369715657e-08
2.048009821e-02	4.373728582e-08
2.048370740e-02	4.379416276e-08
2.048725686e-02	4.383489338e-08
2.049075674e-02	4.387837718e-08
2.049451027e-02	4.391846258e-08
2.049804914e-02	4.396499712e-08
2.050137201e-02	4.401729793e-08
2.050513433e-02	4.407468854e-08
2.050874868e-02	4.411312330e-08
2.051223313e-02	4.415727737e-08
2.051586145e-02	4.419884742e-08
2.051941511e-02	4.425338152e-08