-2.053819486e-02	-4.424616814e-08
-2.053401330e-02	-4.421526310e-08
-2.052959378e-02	-4.415662590e-08
-2.052539086e-02	-4.414246540e-08
-2.052114883e-02	-4.410889491e-08
-2.051648791e-02	-4.405809751e-08
-2.051215326e-02	-4.401977236e-08
-2.050751279e-02	-4.398508054e-08
-2.050295574e-02	-4.394157482e-08
-2.049825625e-02	-4.388580667e-08
-2.049404553e-02	-4.384778848e-08
-2.048968153e-02	-4.380305181e-08
-2.048506698e-02	-4.375911074e-08
-2.048099161e-02	-4.370121586e-08
-2.047669256e-02	-4.365999034e-08
-2.047230151e-02	-4.362158694e-08
-2.046818524e-02	-4.356754462e-08
-2.046377107e-02	-4.351544110e-08
-2.045968595e-02	-4.346108869e-08
-2.045516908e-02	-4.343109823e-08
-2.045120201e-02	-4.339203080e-08
-2.044710769e-02	-4.333431445e-08
-2.044271029e-02	-4.328473862e-08
-2.043822133e-02	-4.324273945e-08
-2.043486344e-02	-4.320083426e-08
-2.043104818e-02	-4.315077604e-08
-2.042716041e-02	-4.310786541e-08
-2.042302320e-02	-4.305475652e-08
-2.041891307e-02	-4.300752350e-08
-2.041495999e-02	-4.295981128e-08
-2.041084327e-02	-4.292281420e-08
-2.040715646e-02	-4.286357249e-08
-2.040310070e-02	-4.282102834e-08
-2.039929270e-02	-4.277944262e-08
-2.039558187e-02	-4.273627831e-08
-2.039160036e-02	-4.268792712e-08
-2.038799742e-02	-4.264615660e-08
-2.038426903e-02	-4.260146381e-08
-2.038024521e-02	-4.254635028e-08
-2.037658827e-02	-4.250056747e-08
-2.037266426e-02	-4.245750340e-08
-2.036858074e-02	-4.240991646e-08
-2.036516246e-02	-4.237242449e-08
-2.036131183e-02	-4.231654672e-08
-2.035723866e-02	-4.226426468e-08
-2.035367073e-02	-4.222881800e-08
-2.034986694e-02	-4.217939249e-08
-2.034630484e-02	-4.212543788e-08
-2.034247870e-02	-4.209308576e-08
-2.033863410e-02	-4.203925959e-08
-2.033503837e-02	-4.198885683e-08
-2.033150185e-02	-4.194693284e-08
-2.032774382e-02	-4.189686838e-08
-2.032393399e-02	-4.184843264e-08
-2.032041537e-02	-4.181590512e-08
-2.031647966e-02	-4.175614662e-08
-2.031307797e-02	-4.171643709e-08
-2.030945901e-02	-4.164884189e-08
-2.030573203e-02	-4.160107644e-08
-2.030185804e-02	-4.156681058e-08
-2.029807175e-02	-4.152272853e-08
-2.029453466e-02	-4.148377385e-08
-2.029078660e-02	-4.143695743e-08
-2.028738759e-02	-4.138937049e-08
-2.028391231e-02	-4.133181077e-08
-2.028033309e-02	-4.129637349e-08
-2.027665568e-02	-4.123675279e-08
-2.027309946e-02	-4.119072570e-08
-2.026921833e-02	-4.114963796e-08
-2.026530732e-02	-4.111088686e-08
-2.026066463e-02	-4.105665036e-08
-2.025692156e-02	-4.099484341e-08
-2.025333777e-02	-4.095944685e-08
-2.024963629e-02	-4.091725350e-08
-2.024583251e-02	-4.086325817e-08
-2.024210887e-02	-4.081737514e-08
-2.023852711e-02	-4.077508781e-08
-2.023495538e-02	-4.073436971e-08
-2.023137428e-02	-4.068179639e-08
-2.022767792e-02	-4.062682068e-08
-2.022411792e-02	-4.058590525e-08
-2.022057208e-02	-4.053157477e-08
-2.021680665e-02	-4.049092247e-08
-2.021314518e-02	-4.045636847e-08
-2.020942524e-02	-4.039505327e-08
-2.020566673e-02	-4.035207060e-08
-2.020209185e-02	-4.031465692e-08
-2.019812598e-02	-4.026607085e-08
-2.019487942e-02	-4.020963867e-08
-2.019151346e-02	-4.016524654e-08
-2.018777432e-02	-4.011575526e-08
-2.018406682e-02	-4.007687259e-08
-2.018045384e-02	-4.001863007e-08
-2.017685783e-02	-3.998272924e-08
-2.017300615e-02	-3.994239323e-08
-2.016943344e-02	-3.987968112e-08
-2.016541725e-02	-3.983981496e-08
-2.016187521e-02	-3.979378785e-08
-2.015846876e-02	-3.973123857e-08
-2.015478571e-02	-3.970019260e-08
-2.015124516e-02	-3.965123691e-08
-2.014753818e-02	-3.960933171e-08
-2.014389438e-02	-3.955565587e-08
-2.014024782e-02	-3.951892500e-08
-2.013664644e-02	-3.946909857e-08
-2.013257663e-02	-3.941407589e-08
-2.012949414e-02	-3.938077162e-08
-2.012588640e-02	-3.933214481e-08
-2.012239845e-02	-3.927658965e-08
-2.011825400e-02	-3.923805155e-08
-2.011456978e-02	-3.918690333e-08
-2.011087125e-02	-3.916220000e-08
-2.010705890e-02	-3.910150181e-08
-2.010341197e-02	-3.905777683e-08
-2.009980514e-02	-3.899746708e-08
-2.009635210e-02	-3.895325034e-08
-2.009241601e-02	-3.891267319e-08
-2.008916909e-02	-3.886845333e-08
-2.008539798e-02	-3.881846089e-08
-2.008205000e-02	-3.877502409e-08
-2.007813451e-02	-3.871974458e-08
-2.007441333e-02	-3.868405044e-08
-2.007085605e-02	-3.862767154e-08
-2.006707572e-02	-3.858173837e-08
-2.006334719e-02	-3.854385176e-08
-2.005934946e-02	-3.850177116e-08
-2.005593704e-02	-3.844627868e-08
-2.005195637e-02	-3.839410312e-08
-2.004826615e-02	-3.835054412e-08
-2.004479519e-02	-3.830094949e-08
-2.004080832e-02	-3.825923537e-08
-2.003743391e-02	-3.820856323e-08
-2.003355009e-02	-3.816873156e-08
-2.003015276e-02	-3.812562986e-08
-2.002607846e-02	-3.807143407e-08
-2.002266694e-02	-3.803498824e-08
-2.001914806e-02	-3.798843492e-08
-2.001530360e-02	-3.793080003e-08
-2.001150924e-02	-3.789046092e-08
-2.000756795e-02	-3.783150736e-08
-2.000440653e-02	-3.780132586e-08
-2.000084439e-02	-3.775038752e-08
-1.999686273e-02	-3.770379348e-08
-1.999299781e-02	-3.766378324e-08
-1.998983020e-02	-3.760348289e-08
-1.998588342e-02	-3.756886936e-08
-1.998221341e-02	-3.752277645e-08
-1.997773250e-02	-3.745847005e-08
-1.997405762e-02	-3.741882939e-08
-1.997047061e-02	-3.737549283e-08
-1.996653279e-02	-3.732048268e-08
-1.996310068e-02	-3.728691216e-08
-1.995904874e-02	-3.723672869e-08
-1.995554236e-02	-3.717512532e-08
-1.995203344e-02	-3.713630218e-08
-1.994849938e-02	-3.708526360e-08
-1.994495218e-02	-3.702667340e-08
-1.994121127e-02	-3.699179676e-08
-1.993756875e-02	-3.693583130e-08
-1.993388044e-02	-3.690779219e-08
-1.993020960e-02	-3.686217852e-08
-1.992670155e-02	-3.682270699e-08
-1.992287135e-02	-3.676949472e-08
-1.991919183e-02	-3.670729625e-08
-1.991551478e-02	-3.667390426e-08
-1.991191373e-02	-3.662472936e-08
-1.990809431e-02	-3.658687091e-08
-1.990458453e-02	-3.653376509e-08
-1.990093239e-02	-3.648343754e-08
-1.989712840e-02	-3.642180597e-08
-1.989326788e-02	-3.639264556e-08
-1.988978473e-02	-3.634530295e-08
-1.988579513e-02	-3.629350326e-08
-1.988199451e-02	-3.624948071e-08
-1.987819501e-02	-3.619915627e-08
-1.987464589e-02	-3.616509714e-08
-1.987117278e-02	-3.611866286e-08
-1.986751491e-02	-3.606826010e-08
-1.986350717e-02	-3.600084032e-08
-1.986010880e-02	-3.597477761e-08
-1.985630908e-02	-3.593101504e-08
-1.985253258e-02	-3.587479587e-08
-1.984871045e-02	-3.583522103e-08
-1.984497364e-02	-3.579309344e-08
-1.984132790e-02	-3.574179178e-08
-1.983768494e-02	-3.568679102e-08
-1.983381309e-02	-3.565311401e-08
-1.983009504e-02	-3.560589980e-08
-1.982612036e-02	-3.553947919e-08
-1.982261002e-02	-3.551362007e-08
-1.981906627e-02	-3.546397843e-08
-1.981494695e-02	-3.541255773e-08
-1.981139347e-02	-3.536987891e-08
-1.980778841e-02	-3.532381733e-08
-1.980432563e-02	-3.527499319e-08
-1.980049034e-02	-3.522472827e-08
-1.979675525e-02	-3.518515966e-08
-1.979282746e-02	-3.513055045e-08
-1.978929144e-02	-3.508372148e-08
-1.978549912e-02	-3.504445356e-08
-1.978177774e-02	-3.498818430e-08
-1.977795922e-02	-3.493810103e-08
-1.977407253e-02	-3.490646933e-08
-1.977050634e-02	-3.486587652e-08
-1.976677255e-02	-3.480847964e-08
-1.976291935e-02	-3.476747026e-08
-1.975935322e-02	-3.472423075e-08
-1.975560037e-02	-3.467103100e-08
-1.975170266e-02	-3.462563030e-08
-1.974825322e-02	-3.458882741e-08
-1.974468093e-02	-3.453348526e-08
-1.974069594e-02	-3.448511841e-08
-1.973705070e-02	-3.443898167e-08
-1.973306316e-02	-3.439694490e-08
-1.972954808e-02	-3.436502194e-08
-1.972575455e-02	-3.429944386e-08
-1.972191588e-02	-3.424890645e-08
-1.971835772e-02	-3.420862996e-08
-1.971452826e-02	-3.415861561e-08
-1.971088783e-02	-3.410184207e-08
-1.970716735e-02	-3.407585453e-08
-1.970345505e-02	-3.403596957e-08
-1.969979676e-02	-3.396757881e-08
-1.969598120e-02	-3.393135223e-08
-1.969112628e-02	-3.386738723e-08
-1.968754333e-02	-3.382919679e-08
-1.968375988e-02	-3.377946744e-08
-1.967983750e-02	-3.373441756e-08
-1.967637172e-02	-3.367910673e-08
-1.967266756e-02	-3.364470305e-08
-1.966902549e-02	-3.359995388e-08
-1.966526975e-02	-3.354919721e-08
-1.966142163e-02	-3.350148497e-08
-1.965717785e-02	-3.344897114e-08
-1.965355641e-02	-3.340142494e-08
-1.964982424e-02	-3.335329929e-08
-1.964605864e-02	-3.330764488e-08
-1.964226637e-02	-3.326604976e-08
-1.963858522e-02	-3.321482953e-08
-1.963478583e-02	-3.316541656e-08
-1.963111751e-02	-3.313160174e-08
-1.962720203e-02	-3.307441786e-08
-1.962323217e-02	-3.303782168e-08
-1.961952274e-02	-3.298402368e-08
-1.961572405e-02	-3.293626761e-08
-1.961202778e-02	-3.289585959e-08
-1.960835728e-02	-3.285924149e-08
-1.960460848e-02	-3.279992148e-08
-1.960027868e-02	-3.275884006e-08
-1.959669064e-02	-3.271311676e-08
-1.959284735e-02	-3.265974472e-08
-1.958882414e-02	-3.261001539e-08
-1.958496590e-02	-3.256682289e-08
-1.958123477e-02	-3.251893527e-08
-1.957742785e-02	-3.247311173e-08
-1.957353638e-02	-3.243234039e-08
-1.956993157e-02	-3.239415621e-08
-1.956618684e-02	-3.233277210e-08
-1.956245812e-02	-3.230151940e-08
-1.955834642e-02	-3.223865063e-08
-1.955486820e-02	-3.219044040e-08
-1.955067959e-02	-3.215258825e-08
-1.954738832e-02	-3.210655487e-08
-1.954335349e-02	-3.205911202e-08
-1.953965843e-02	-3.200228206e-08
-1.953588704e-02	-3.195670913e-08
-1.953204248e-02	-3.192213006e-08
-1.952820897e-02	-3.187790707e-08
-1.952456635e-02	-3.182908292e-08
-1.952059694e-02	-3.179162539e-08
-1.951676911e-02	-3.173035407e-08
-1.951269975e-02	-3.166987204e-08
-1.950871759e-02	-3.165314628e-08
-1.950522443e-02	-3.159681121e-08
-1.950119457e-02	-3.154167265e-08
-1.949740880e-02	-3.149417340e-08
-1.949373232e-02	-3.146292070e-08
-1.948970279e-02	-3.140785733e-08
-1.948562640e-02	-3.136275418e-08
-1.948199970e-02	-3.131247985e-08
-1.947825754e-02	-3.126948779e-08
-1.947414341e-02	-3.120463325e-08
-1.947005019e-02	-3.117745548e-08
-1.946660212e-02	-3.112581553e-08
-1.946210792e-02	-3.108842693e-08
-1.945890269e-02	-3.103687781e-08
-1.945499063e-02	-3.098401005e-08
-1.945137863e-02	-3.095256002e-08
-1.944730233e-02	-3.089906270e-08
-1.944358708e-02	-3.084905146e-08
-1.943963935e-02	-3.080452467e-08
-1.943601988e-02	-3.076332733e-08
-1.943222900e-02	-3.071427142e-08
-1.942845049e-02	-3.066112177e-08
-1.942466833e-02	-3.062041306e-08
-1.942083903e-02	-3.057388167e-08
-1.941608553e-02	-3.051875250e-08
-1.941306347e-02	-3.047584187e-08
-1.940922645e-02	-3.043166276e-08
-1.940552469e-02	-3.038888056e-08
-1.940159125e-02	-3.034036024e-08
-1.939660353e-02	-3.028142236e-08
-1.939291728e-02	-3.023151136e-08
-1.938898816e-02	-3.019260992e-08
-1.938517527e-02	-3.014081647e-08
-1.938059283e-02	-3.010574879e-08
-1.937745047e-02	-3.004661046e-08
-1.937308270e-02	-3.000180801e-08
-1.936960101e-02	-2.995740022e-08
-1.936580285e-02	-2.990886113e-08
-1.936126206e-02	-2.985894387e-08
-1.935737084e-02	-2.981831660e-08
-1.935377926e-02	-2.976959895e-08
-1.934975519e-02	-2.972088444e-08
-1.934618421e-02	-2.967285588e-08
-1.934250042e-02	-2.962584841e-08
-1.933873699e-02	-2.959025765e-08
-1.933468010e-02	-2.953184597e-08
-1.933087014e-02	-2.948438744e-08
-1.932689671e-02	-2.943940647e-08
-1.932296294e-02	-2.939772992e-08
-1.931911170e-02	-2.934991123e-08
-1.931513984e-02	-2.930236500e-08
-1.931081425e-02	-2.925936356e-08
-1.930727287e-02	-2.920955281e-08
-1.930345649e-02	-2.915966686e-08
-1.929963437e-02	-2.911882346e-08
-1.929555104e-02	-2.907154663e-08
-1.929157163e-02	-2.903302103e-08
-1.928785357e-02	-2.897884404e-08
-1.928372994e-02	-2.893702968e-08
-1.927982769e-02	-2.888768248e-08
-1.927614081e-02	-2.884016131e-08
-1.927211877e-02	-2.879158775e-08
-1.926811177e-02	-2.873917416e-08
-1.926416843e-02	-2.869764795e-08
-1.926051425e-02	-2.864754587e-08
-1.925643995e-02	-2.860409968e-08
-1.925249253e-02	-2.857625791e-08
-1.924847548e-02	-2.851259670e-08
-1.924460975e-02	-2.845091191e-08
-1.924052093e-02	-2.841728817e-08
-1.923660590e-02	-2.837649175e-08
-1.923265338e-02	-2.832999169e-08
-1.922856399e-02	-2.828344776e-08
-1.922467821e-02	-2.822341048e-08
-1.922033545e-02	-2.818612211e-08
-1.921643721e-02	-2.813763312e-08
-1.921251208e-02	-2.809803947e-08
-1.920793864e-02	-2.805028653e-08
-1.920448494e-02	-2.800130891e-08
-1.920064123e-02	-2.795436407e-08
-1.919624464e-02	-2.791041984e-08
-1.919270925e-02	-2.786749982e-08
-1.918873316e-02	-2.781668051e-08
-1.918467698e-02	-2.777662957e-08
-1.918062583e-02	-2.773509084e-08
-1.917689898e-02	-2.767697046e-08
-1.917299052e-02	-2.763054555e-08
-1.916869498e-02	-2.757824158e-08
-1.916496974e-02	-2.752486953e-08
-1.916080219e-02	-2.749346022e-08
-1.915687184e-02	-2.745284549e-08
-1.915281428e-02	-2.740610735e-08
-1.914866962e-02	-2.735833877e-08
-1.914426167e-02	-2.732593029e-08
-1.914047276e-02	-2.724847196e-08
-1.913650321e-02	-2.721755751e-08
-1.913213541e-02	-2.716780938e-08
-1.912828237e-02	-2.711906042e-08
-1.912408848e-02	-2.707198715e-08
-1.912033861e-02	-2.703053927e-08
-1.911606470e-02	-2.698110749e-08
-1.911220744e-02	-2.692826481e-08
-1.910808903e-02	-2.689500435e-08
-1.910403021e-02	-2.683335090e-08
-1.910010952e-02	-2.678908093e-08
-1.909588323e-02	-2.674604816e-08
-1.909107917e-02	-2.670427139e-08
-1.908704614e-02	-2.664418086e-08
-1.908306761e-02	-2.660003932e-08
-1.907871822e-02	-2.655863527e-08
-1.907525905e-02	-2.649762074e-08
-1.907115348e-02	-2.644616248e-08
-1.906719449e-02	-2.640863604e-08
-1.906299285e-02	-2.637607721e-08
-1.905883021e-02	-2.631255698e-08
-1.905477944e-02	-2.627391239e-08
-1.905078938e-02	-2.622974575e-08
-1.904668270e-02	-2.616889727e-08
-1.904269547e-02	-2.614213607e-08
-1.903870498e-02	-2.608768656e-08
-1.903468788e-02	-2.603467159e-08
-1.903047948e-02	-2.599380941e-08
-1.902620165e-02	-2.593856435e-08
-1.902191808e-02	-2.590103791e-08
-1.901754310e-02	-2.586425695e-08
-1.901393067e-02	-2.581063435e-08
-1.900909083e-02	-2.576134663e-08
-1.900593594e-02	-2.571274489e-08
-1.900200587e-02	-2.566682115e-08
-1.899790507e-02	-2.563167514e-08
-1.899390247e-02	-2.557342947e-08
-1.898977351e-02	-2.553326263e-08
-1.898541852e-02	-2.546901572e-08
-1.898156431e-02	-2.543672002e-08
-1.897767365e-02	-2.539664401e-08
-1.897360014e-02	-2.534885349e-08
-1.896951200e-02	-2.529390598e-08
-1.896538291e-02	-2.525095465e-08
-1.896109854e-02	-2.520093717e-08
-1.895700390e-02	-2.515681753e-08
-1.895272805e-02	-2.510583221e-08
-1.894863148e-02	-2.506008071e-08
-1.894443734e-02	-2.503320678e-08
-1.894016358e-02	-2.496491624e-08
-1.893600869e-02	-2.492028608e-08
-1.893169483e-02	-2.487431849e-08
-1.892761898e-02	-2.482999839e-08
-1.892352994e-02	-2.477719641e-08
-1.891934120e-02	-2.474340664e-08
-1.891510056e-02	-2.469262803e-08
-1.891076273e-02	-2.465000245e-08
-1.890661581e-02	-2.459632034e-08
-1.890237596e-02	-2.455483485e-08
-1.889827511e-02	-2.451432347e-08
-1.889415398e-02	-2.445543259e-08
-1.888964564e-02	-2.441091516e-08
-1.888573376e-02	-2.436698973e-08
-1.888152763e-02	-2.431421281e-08
-1.887741558e-02	-2.426892800e-08
-1.887327920e-02	-2.422440434e-08
-1.886889246e-02	-2.416762452e-08
-1.886485552e-02	-2.413960106e-08
-1.886045270e-02	-2.410003872e-08
-1.885618824e-02	-2.405094837e-08
-1.885211131e-02	-2.399335104e-08
-1.884780417e-02	-2.394140100e-08
-1.884368693e-02	-2.391214975e-08
-1.883957326e-02	-2.385656329e-08
-1.883513166e-02	-2.380928955e-08
-1.883090370e-02	-2.375777176e-08
-1.882667313e-02	-2.373753799e-08
-1.882190050e-02	-2.365646827e-08
-1.881819826e-02	-2.361766390e-08
-1.881389594e-02	-2.356808803e-08
-1.880967450e-02	-2.352856016e-08
-1.880556272e-02	-2.349714772e-08
-1.880130819e-02	-2.343405973e-08
-1.879692798e-02	-2.339661785e-08
-1.879262502e-02	-2.334821030e-08
-1.878842053e-02	-2.330168204e-08
-1.878375918e-02	-2.326234522e-08
-1.877990982e-02	-2.321563843e-08
-1.877512733e-02	-2.315748670e-08
-1.877002619e-02	-2.309794433e-08
-1.876600199e-02	-2.305621767e-08
-1.876156206e-02	-2.300517909e-08
-1.875737160e-02	-2.295918957e-08
-1.875299057e-02	-2.291742532e-08
-1.874884383e-02	-2.286548783e-08
-1.874449654e-02	-2.282373611e-08
-1.873996087e-02	-2.279015933e-08
-1.873554902e-02	-2.273605436e-08
-1.873120659e-02	-2.268477148e-08
-1.872667819e-02	-2.262999937e-08
-1.872263106e-02	-2.258422597e-08
-1.871845459e-02	-2.254454776e-08
-1.871396632e-02	-2.248929329e-08
-1.870979245e-02	-2.245291009e-08
-1.870540295e-02	-2.240331230e-08
-1.870087261e-02	-2.235516472e-08
-1.869642030e-02	-2.233259436e-08
-1.869218683e-02	-2.226087412e-08
-1.868787453e-02	-2.221994304e-08
-1.868336385e-02	-2.217185810e-08
-1.867916189e-02	-2.212803290e-08
-1.867466472e-02	-2.206191296e-08
-1.867023880e-02	-2.203496697e-08
-1.866590629e-02	-2.199274858e-08
-1.866120874e-02	-2.195518769e-08
-1.865697483e-02	-2.189381609e-08
-1.865258110e-02	-2.183987716e-08
-1.864828515e-02	-2.180698004e-08
-1.864387303e-02	-2.175244914e-08
-1.863957189e-02	-2.170830758e-08
-1.863487729e-02	-2.166674064e-08
-1.863020284e-02	-2.161700819e-08
-1.862585339e-02	-2.156278108e-08
-1.862153455e-02	-2.152340668e-08
-1.861736901e-02	-2.147057650e-08
-1.861282959e-02	-2.142660721e-08
-1.860850880e-02	-2.139758147e-08
-1.860390481e-02	-2.133658261e-08
-1.859961239e-02	-2.128521517e-08
-1.859499110e-02	-2.124346659e-08
-1.859052736e-02	-2.118758882e-08
-1.858554845e-02	-2.115010311e-08
-1.858142566e-02	-2.109599504e-08
-1.857693313e-02	-2.105345400e-08
-1.857244612e-02	-2.101105392e-08
-1.856794114e-02	-2.096398382e-08
-1.856339029e-02	-2.092116088e-08
-1.855875023e-02	-2.085883712e-08
-1.855440264e-02	-2.081764921e-08
-1.854968942e-02	-2.077419986e-08
-1.854541880e-02	-2.072148246e-08
-1.854050347e-02	-2.067438101e-08
-1.853575128e-02	-2.063614045e-08
-1.853154393e-02	-2.058829981e-08
-1.852713330e-02	-2.054785420e-08
-1.852243597e-02	-2.049983817e-08
-1.851772742e-02	-2.044979250e-08
-1.851324799e-02	-2.040199257e-08
-1.850855680e-02	-2.035627553e-08
-1.850419803e-02	-2.030679991e-08
-1.849973687e-02	-2.026368258e-08
-1.849524819e-02	-2.020873506e-08
-1.849078223e-02	-2.018176401e-08
-1.848627448e-02	-2.012380337e-08
-1.848153236e-02	-2.008645861e-08
-1.847703470e-02	-2.002462661e-08
-1.847250649e-02	-2.000534503e-08
-1.846763827e-02	-1.994361951e-08
-1.846284136e-02	-1.989749532e-08
-1.845810847e-02	-1.984576141e-08
-1.845360355e-02	-1.980047034e-08
-1.844905676e-02	-1.975682681e-08
-1.844446930e-02	-1.971526301e-08
-1.843945787e-02	-1.966282435e-08
-1.843496951e-02	-1.961683797e-08
-1.843025302e-02	-1.956588394e-08
-1.842421047e-02	-1.950317809e-08
-1.841947059e-02	-1.946519749e-08
-1.841481895e-02	-1.941530840e-08
-1.841031000e-02	-1.937016458e-08
-1.840547732e-02	-1.932069521e-08
-1.840109696e-02	-1.927703915e-08
-1.839630228e-02	-1.923761148e-08
-1.839158796e-02	-1.919802096e-08
-1.838630874e-02	-1.914447040e-08
-1.838186665e-02	-1.909303090e-08
-1.837735232e-02	-1.906360111e-08
-1.837232526e-02	-1.900256784e-08
-1.836765367e-02	-1.896134857e-08
-1.836290628e-02	-1.889847356e-08
-1.835852125e-02	-1.886423276e-08
-1.835378992e-02	-1.881684629e-08
-1.834887207e-02	-1.876748967e-08
-1.834412286e-02	-1.870193354e-08
-1.833908384e-02	-1.867763423e-08
-1.833420826e-02	-1.863130643e-08
-1.832962972e-02	-1.858975517e-08
-1.832450895e-02	-1.853307871e-08
-1.831978579e-02	-1.849946750e-08
-1.831490194e-02	-1.843678352e-08
-1.831008208e-02	-1.839500677e-08
-1.830453817e-02	-1.835094036e-08
-1.830015106e-02	-1.830510745e-08
-1.829527780e-02	-1.825420985e-08
-1.829023694e-02	-1.822775561e-08
-1.828537993e-02	-1.816241244e-08
-1.828039896e-02	-1.810966057e-08
-1.827571673e-02	-1.807420138e-08
-1.827058783e-02	-1.802459418e-08
-1.826561662e-02	-1.797308893e-08
-1.826063049e-02	-1.793492981e-08
-1.825573436e-02	-1.788102530e-08
-1.825082883e-02	-1.784001277e-08
-1.824576586e-02	-1.780421216e-08
-1.824094908e-02	-1.774891072e-08
-1.823570358e-02	-1.770085083e-08
-1.823076478e-02	-1.765124992e-08
-1.822563978e-02	-1.761474458e-08
-1.822066410e-02	-1.756101235e-08
-1.821575788e-02	-1.751153046e-08
-1.821050756e-02	-1.746644298e-08
-1.820567783e-02	-1.742103605e-08
-1.820019722e-02	-1.737328624e-08
-1.819499681e-02	-1.732018984e-08
-1.818989303e-02	-1.728298914e-08
-1.818494240e-02	-1.723397084e-08
-1.817970305e-02	-1.718282888e-08
-1.817453656e-02	-1.714204502e-08
-1.816925457e-02	-1.708396849e-08
-1.816435472e-02	-1.704985296e-08
-1.815918743e-02	-1.699996390e-08
-1.815412197e-02	-1.695785824e-08
-1.814874835e-02	-1.690265702e-08
-1.814357294e-02	-1.686141898e-08
-1.813856248e-02	-1.681482807e-08
-1.813328902e-02	-1.677060198e-08
-1.812789791e-02	-1.671678203e-08
-1.812262896e-02	-1.667598250e-08
-1.811771297e-02	-1.662832665e-08
-1.811228609e-02	-1.658615838e-08
-1.810697800e-02	-1.653535468e-08
-1.810182739e-02	-1.649345263e-08
-1.809674181e-02	-1.643865233e-08
-1.809140093e-02	-1.639106539e-08
-1.808600226e-02	-1.635082025e-08
-1.808079708e-02	-1.629879820e-08
-1.807543701e-02	-1.625878170e-08
-1.806983520e-02	-1.621070616e-08
-1.806468276e-02	-1.616501103e-08
-1.805947537e-02	-1.612029629e-08
-1.805392865e-02	-1.609105131e-08
-1.804861150e-02	-1.602247889e-08
-1.804328642e-02	-1.598528446e-08
-1.803655198e-02	-1.591575046e-08
-1.803110704e-02	-1.588431610e-08
-1.802574370e-02	-1.583415455e-08
-1.802021383e-02	-1.578352627e-08
-1.801472584e-02	-1.571408311e-08
-1.800939854e-02	-1.569300368e-08
-1.800407248e-02	-1.564239108e-08
-1.799876628e-02	-1.561595875e-08
-1.799317914e-02	-1.555260452e-08
-1.798759697e-02	-1.551977008e-08
-1.798188252e-02	-1.546948951e-08
-1.797645184e-02	-1.541649644e-08
-1.797074916e-02	-1.536999323e-08
-1.796529743e-02	-1.531609813e-08
-1.795961232e-02	-1.524983100e-08
-1.795411113e-02	-1.522406896e-08
-1.794855937e-02	-1.517664178e-08
-1.794272033e-02	-1.514635376e-08
-1.793751363e-02	-1.509012834e-08
-1.793156578e-02	-1.503736393e-08
-1.792568754e-02	-1.499362330e-08
-1.792017474e-02	-1.494733623e-08
-1.791473379e-02	-1.489275204e-08
-1.790869181e-02	-1.485427343e-08
-1.790278178e-02	-1.481346137e-08
-1.789718357e-02	-1.474554983e-08
-1.789160179e-02	-1.471512716e-08
-1.788591701e-02	-1.465874824e-08
-1.788031173e-02	-1.462500859e-08
-1.787429902e-02	-1.457399508e-08
-1.786887961e-02	-1.452248981e-08
-1.786313163e-02	-1.449018470e-08
-1.785727169e-02	-1.443457943e-08
-1.785145920e-02	-1.438797288e-08
-1.784560119e-02	-1.433994432e-08
-1.783935278e-02	-1.429489755e-08
-1.783341202e-02	-1.424499283e-08
-1.782756778e-02	-1.419474357e-08
-1.782152535e-02	-1.415945350e-08
-1.781547670e-02	-1.411547794e-08
-1.780984790e-02	-1.406709856e-08
-1.780416859e-02	-1.402297582e-08
-1.779822825e-02	-1.397258560e-08
-1.779180774e-02	-1.392157522e-08
-1.778590292e-02	-1.387861449e-08
-1.777975060e-02	-1.382725016e-08
-1.777365089e-02	-1.379958064e-08
-1.776768442e-02	-1.374570434e-08
-1.776161634e-02	-1.368080908e-08
-1.775549015e-02	-1.364335782e-08
-1.774934960e-02	-1.360076356e-08
-1.774328773e-02	-1.356345949e-08
-1.773715016e-02	-1.349399443e-08
-1.773086261e-02	-1.346474629e-08
-1.772482200e-02	-1.341568411e-08
-1.771845435e-02	-1.336447014e-08
-1.771208454e-02	-1.331378865e-08
-1.770582973e-02	-1.328447787e-08
-1.769916124e-02	-1.321497207e-08
-1.769273904e-02	-1.319047543e-08
-1.768634575e-02	-1.313243023e-08
-1.767997750e-02	-1.309051562e-08
-1.767378066e-02	-1.303832128e-08
-1.766712316e-02	-1.301488018e-08
-1.766112369e-02	-1.294147798e-08
-1.765443500e-02	-1.289602719e-08
-1.764788159e-02	-1.285913032e-08
-1.764137070e-02	-1.280965469e-08
-1.763497672e-02	-1.277591193e-08
-1.762826133e-02	-1.271676730e-08
-1.762173893e-02	-1.266507100e-08
-1.761539730e-02	-1.261203722e-08
-1.760856246e-02	-1.257212409e-08
-1.760176714e-02	-1.252889713e-08
-1.759506087e-02	-1.247503334e-08
-1.758864975e-02	-1.245537276e-08
-1.758195321e-02	-1.240044718e-08
-1.757340141e-02	-1.232812556e-08
-1.756632220e-02	-1.228316336e-08
-1.755973673e-02	-1.223315215e-08
-1.755275167e-02	-1.217806057e-08
-1.754574044e-02	-1.213737064e-08
-1.753919700e-02	-1.210450175e-08
-1.753191897e-02	-1.205986220e-08
-1.752536190e-02	-1.200575095e-08
-1.751844198e-02	-1.195663239e-08
-1.751159669e-02	-1.191559169e-08
-1.750404931e-02	-1.186765080e-08
-1.749722541e-02	-1.182556709e-08
-1.749021653e-02	-1.177701859e-08
-1.748292481e-02	-1.172875510e-08
-1.747559875e-02	-1.168331685e-08
-1.746819969e-02	-1.165001569e-08
-1.746144507e-02	-1.158848751e-08
-1.745411600e-02	-1.153565109e-08
-1.744670784e-02	-1.147217156e-08
-1.743961601e-02	-1.144373151e-08
-1.743244778e-02	-1.141613093e-08
-1.742523094e-02	-1.135997441e-08
-1.741796413e-02	-1.131536302e-08
-1.741072304e-02	-1.127678420e-08
-1.740311283e-02	-1.121870137e-08
-1.739596573e-02	-1.116412347e-08
-1.738823709e-02	-1.113040888e-08
-1.738077430e-02	-1.106677587e-08
-1.737290014e-02	-1.102200790e-08
-1.736537160e-02	-1.099383724e-08
-1.735773529e-02	-1.094421439e-08
-1.735033495e-02	-1.087886185e-08
-1.734245814e-02	-1.085817705e-08
-1.733507630e-02	-1.079911701e-08
-1.732710236e-02	-1.075417362e-08
-1.731940122e-02	-1.072039324e-08
-1.731137243e-02	-1.066374186e-08
-1.730355458e-02	-1.061193591e-08
-1.729559503e-02	-1.055577624e-08
-1.728748656e-02	-1.051803370e-08
-1.727958213e-02	-1.047216632e-08
-1.727210462e-02	-1.041803943e-08
-1.726382015e-02	-1.037381644e-08
-1.725574566e-02	-1.033721712e-08
-1.724764291e-02	-1.029083608e-08
-1.723930687e-02	-1.024343395e-08
-1.723093541e-02	-1.020919002e-08
-1.722275177e-02	-1.015223166e-08
-1.721451801e-02	-1.008881792e-08
-1.720588838e-02	-1.005828875e-08
-1.719751807e-02	-1.000907620e-08
-1.718869544e-02	-9.959882495e-09
-1.718021336e-02	-9.913329148e-09
-1.717176558e-02	-9.869983199e-09
-1.716297410e-02	-9.832275090e-09
-1.715403751e-02	-9.774709083e-09
-1.714568613e-02	-9.730003734e-09
-1.713670164e-02	-9.683475467e-09
-1.712777487e-02	-9.627569513e-09
-1.711896821e-02	-9.588696260e-09
-1.711025745e-02	-9.545992380e-09
-1.710143849e-02	-9.488116278e-09
-1.709236261e-02	-9.453440126e-09
-1.708304517e-02	-9.404443739e-09
-1.707412856e-02	-9.349110972e-09
-1.706507215e-02	-9.307738233e-09
-1.705565788e-02	-9.277992103e-09
-1.704643970e-02	-9.220291419e-09
-1.703692355e-02	-9.170627883e-09
-1.702711391e-02	-9.124751103e-09
-1.701774250e-02	-9.093864840e-09
-1.700804591e-02	-9.030830077e-09
-1.699872537e-02	-8.984611905e-09
-1.698898958e-02	-8.947805871e-09
-1.697900144e-02	-8.889738737e-09
-1.696909931e-02	-8.857609030e-09
-1.695964126e-02	-8.791561148e-09
-1.694716576e-02	-8.742643038e-09
-1.693696438e-02	-8.706262985e-09
-1.692674631e-02	-8.645458330e-09
-1.691662618e-02	-8.614080336e-09
-1.690657234e-02	-8.566167636e-09
-1.689620087e-02	-8.509030765e-09
-1.688578163e-02	-8.460078203e-09
-1.687542306e-02	-8.422583119e-09
-1.686505779e-02	-8.382162545e-09
-1.685494410e-02	-8.324151789e-09
-1.684426975e-02	-8.279421383e-09
-1.683372404e-02	-8.231289440e-09
-1.682292169e-02	-8.183549048e-09
-1.681231896e-02	-8.136867310e-09
-1.680135368e-02	-8.091137759e-09
-1.679022407e-02	-8.048418195e-09
-1.677913178e-02	-8.000956555e-09
-1.676800382e-02	-7.952173123e-09
-1.675697939e-02	-7.886538695e-09
-1.674536546e-02	-7.847164292e-09
-1.673374962e-02	-7.814793394e-09
-1.672210219e-02	-7.766811812e-09
-1.671084269e-02	-7.720656280e-09
-1.669917914e-02	-7.677861547e-09
-1.668717866e-02	-7.626822997e-09
-1.667527417e-02	-7.577522755e-09
-1.666315231e-02	-7.532660804e-09
-1.665107777e-02	-7.486279765e-09
-1.663868612e-02	-7.443604050e-09
-1.662643719e-02	-7.393289003e-09
-1.661388314e-02	-7.350722932e-09
-1.660139883e-02	-7.302287203e-09
-1.658861445e-02	-7.247220660e-09
-1.657583636e-02	-7.209049009e-09
-1.656282180e-02	-7.164374980e-09
-1.655012481e-02	-7.107776822e-09
-1.653686514e-02	-7.068684303e-09
-1.652375623e-02	-7.027107982e-09
-1.651022658e-02	-6.952471712e-09
-1.649707845e-02	-6.927921828e-09
-1.648362140e-02	-6.885095775e-09
-1.646965533e-02	-6.834965541e-09
-1.645587433e-02	-6.795578610e-09
-1.644168120e-02	-6.744518113e-09
-1.642784880e-02	-6.699706275e-09
-1.641367068e-02	-6.650612770e-09
-1.639911886e-02	-6.601625756e-09
-1.638405784e-02	-6.561787811e-09
-1.636955367e-02	-6.496645090e-09
-1.635454274e-02	-6.461054358e-09
-1.633950745e-02	-6.422300101e-09
-1.632461087e-02	-6.366694846e-09
-1.630913277e-02	-6.327865442e-09
-1.629387713e-02	-6.278377278e-09
-1.627771769e-02	-6.231091032e-09
-1.626167214e-02	-6.194037567e-09
-1.624588874e-02	-6.148508467e-09
-1.622970263e-02	-6.094616487e-09
-1.621306779e-02	-6.042055694e-09
-1.619637532e-02	-6.018699142e-09
-1.617976966e-02	-5.956807644e-09
-1.616240112e-02	-5.902712081e-09
-1.614481250e-02	-5.857574510e-09
-1.612794785e-02	-5.815725678e-09
-1.611062888e-02	-5.763155489e-09
-1.609231133e-02	-5.720896359e-09
-1.607466592e-02	-5.672288321e-09
-1.605662134e-02	-5.631704904e-09
-1.603776617e-02	-5.586338694e-09
-1.601896879e-02	-5.542002949e-09
-1.599997954e-02	-5.484242756e-09
-1.598066950e-02	-5.439925803e-09
-1.596154869e-02	-5.382720005e-09
-1.594214694e-02	-5.347517647e-09
-1.592175843e-02	-5.292184880e-09
-1.590172777e-02	-5.253543399e-09
-1.588147794e-02	-5.209066689e-09
-1.585515208e-02	-5.152571911e-09
-1.583386502e-02	-5.106701373e-09
-1.581277477e-02	-5.053207208e-09
-1.579065140e-02	-5.008210556e-09
-1.576891077e-02	-4.960015995e-09
-1.574620947e-02	-4.915188496e-09
-1.572375731e-02	-4.861343519e-09
-1.570042922e-02	-4.835305845e-09
-1.567735981e-02	-4.781285451e-09
-1.565313654e-02	-4.733012588e-09
-1.562928990e-02	-4.687843674e-09
-1.560463693e-02	-4.656431227e-09
-1.557993644e-02	-4.599573109e-09
-1.555435284e-02	-4.550846054e-09
-1.552905061e-02	-4.501733780e-09
-1.550211205e-02	-4.454112383e-09
-1.547530229e-02	-4.409616881e-09
-1.544849881e-02	-4.366803379e-09
-1.542150210e-02	-4.319388720e-09
-1.539343948e-02	-4.271501098e-09
-1.536462254e-02	-4.220543959e-09
-1.533592109e-02	-4.170075418e-09
-1.530667061e-02	-4.121727386e-09
-1.527640541e-02	-4.082387437e-09
-1.524558891e-02	-4.038609196e-09
-1.521418211e-02	-3.998921589e-09
-1.518256821e-02	-3.937888294e-09
-1.515017203e-02	-3.897542912e-09
-1.511738477e-02	-3.857780136e-09
-1.508375341e-02	-3.809447742e-09
-1.504999400e-02	-3.765443994e-09
-1.501486770e-02	-3.709763570e-09
-1.497803599e-02	-3.666768387e-09
-1.494187249e-02	-3.614655476e-09
-1.490476625e-02	-3.575982675e-09
-1.486641865e-02	-3.527950980e-09
-1.482752489e-02	-3.471321501e-09
-1.478733755e-02	-3.446207826e-09
-1.474719442e-02	-3.375233031e-09
-1.470571734e-02	-3.341411950e-09
-1.466308909e-02	-3.297345585e-09
-1.461965960e-02	-3.245915483e-09
-1.457419831e-02	-3.200286158e-09
-1.452829290e-02	-3.146895328e-09
-1.448120775e-02	-3.104507784e-09
-1.443334506e-02	-3.060754599e-09
-1.438291773e-02	-3.021627652e-09
-1.433242844e-02	-2.968130332e-09
-1.428040185e-02	-2.926829653e-09
-1.422709055e-02	-2.878785407e-09
-1.417256558e-02	-2.833459890e-09
-1.411559510e-02	-2.781340739e-09
-1.405718888e-02	-2.735172679e-09
-1.399747257e-02	-2.685114482e-09
-1.393658121e-02	-2.639322268e-09
-1.387368535e-02	-2.587453680e-09
-1.380857698e-02	-2.549974234e-09
-1.374121335e-02	-2.504150699e-09
-1.367230104e-02	-2.470229393e-09
-1.360117252e-02	-2.411761335e-09
-1.352801135e-02	-2.373370417e-09
-1.345147804e-02	-2.327518694e-09
-1.337336231e-02	-2.270745141e-09
-1.329256185e-02	-2.225028096e-09
-1.320869443e-02	-2.184494814e-09
-1.312163848e-02	-2.128056389e-09
-1.303194221e-02	-2.084303228e-09
-1.293792686e-02	-2.038160225e-09
-1.284157257e-02	-1.990360301e-09
-1.274102638e-02	-1.944370768e-09
-1.263744733e-02	-1.904147558e-09
-1.252901871e-02	-1.841823815e-09
-1.241731692e-02	-1.805365438e-09
-1.229969678e-02	-1.763096935e-09
-1.217833254e-02	-1.711619830e-09
-1.205200928e-02	-1.674779343e-09
-1.191952040e-02	-1.626221442e-09
-1.174560058e-02	-1.555719632e-09
-1.160159559e-02	-1.516473643e-09
-1.144939167e-02	-1.453307335e-09
-1.128981193e-02	-1.416567097e-09
-1.112299736e-02	-1.372300257e-09
-1.094946403e-02	-1.332286871e-09
-1.076662070e-02	-1.282811235e-09
-1.057531583e-02	-1.236627515e-09
-1.037464614e-02	-1.187421280e-09
-1.016616565e-02	-1.145628847e-09
-9.945223265e-03	-1.096676262e-09
-9.713698492e-03	-1.056227545e-09
-9.470337721e-03	-1.010165975e-09
-9.214867056e-03	-9.567532438e-10
-8.944891472e-03	-9.140994529e-10
-8.663903286e-03	-8.649777603e-10
-8.368051604e-03	-8.210992940e-10
-8.059087887e-03	-7.726573011e-10
-7.732601791e-03	-7.256685997e-10
-7.389477255e-03	-6.771952863e-10
-7.027576429e-03	-6.361263789e-10
-6.650296633e-03	-5.842765606e-10
-6.250587967e-03	-5.354492801e-10
-5.830184702e-03	-4.968579349e-10
-5.387526960e-03	-4.346532097e-10
-4.929048335e-03	-3.953946930e-10
-4.440008193e-03	-3.538465597e-10
-3.925990828e-03	-3.022880446e-10
-3.386845400e-03	-2.664373302e-10
-2.822310213e-03	-2.175818844e-10
-2.225040622e-03	-1.644792023e-10
-1.596150690e-03	-1.325374173e-10
-9.243597348e-04	-7.758051894e-11
-1.805487967e-04	-2.844003406e-11
6.921436366e-04	2.360710305e-11
1.387895592e-03	6.102704072e-11
2.033077544e-03	1.061928232e-10
2.638899018e-03	1.615005106e-10
3.218236464e-03	2.046961682e-10
3.767034638e-03	2.454643763e-10
4.289498200e-03	2.953910273e-10
4.781990169e-03	3.393916433e-10
5.255615210e-03	3.887889558e-10
5.705351611e-03	4.366358604e-10
6.131796294e-03	4.940703209e-10
6.536228325e-03	5.240544861e-10
6.923272251e-03	5.922416691e-10
7.290811655e-03	6.260752549e-10
7.639869802e-03	6.725220665e-10
7.970660510e-03	7.016449426e-10
8.288345094e-03	7.574005352e-10
8.589727430e-03	8.059020601e-10
8.876087511e-03	8.512432371e-10
9.148266978e-03	8.963808082e-10
9.408715448e-03	9.485500950e-10
9.656874125e-03	9.948309310e-10
9.891793963e-03	1.042261251e-09
1.011337881e-02	1.091693016e-09
1.032773197e-02	1.132671071e-09
1.053196548e-02	1.168690962e-09
1.072648055e-02	1.228283447e-09
1.091100647e-02	1.278250838e-09
1.108913226e-02	1.316184431e-09
1.125867774e-02	1.364723540e-09
1.142098615e-02	1.426583740e-09
1.157440910e-02	1.468974416e-09
1.172116194e-02	1.498842719e-09
1.186291774e-02	1.554939727e-09
1.199917246e-02	1.600039714e-09
1.212785712e-02	1.628846208e-09
1.225352890e-02	1.689375243e-09
1.237424789e-02	1.740282270e-09
1.248966909e-02	1.782106000e-09
1.259970018e-02	1.826435481e-09
1.270674195e-02	1.872064806e-09
1.280825428e-02	1.907599207e-09
1.290675511e-02	1.985834333e-09
1.302527005e-02	2.035071911e-09
1.311614988e-02	2.071126209e-09
1.320391884e-02	2.131360832e-09
1.328836788e-02	2.170616217e-09
1.336977934e-02	2.207732323e-09
1.344939823e-02	2.262216260e-09
1.352669450e-02	2.302671263e-09
1.360132006e-02	2.348134590e-09
1.367337097e-02	2.392185319e-09
1.374304083e-02	2.447668424e-09
1.381026924e-02	2.497729775e-09
1.387624616e-02	2.538037550e-09
1.393880561e-02	2.593833882e-09
1.400097412e-02	2.635100109e-09
1.406072220e-02	2.681108434e-09
1.412002315e-02	2.723774730e-09
1.417699583e-02	2.769247476e-09
1.423146357e-02	2.810739209e-09
1.428506047e-02	2.864111247e-09
1.433709590e-02	2.908431332e-09
1.438962910e-02	2.956939121e-09
1.444009115e-02	2.990365564e-09
1.448822112e-02	3.056090845e-09
1.453614771e-02	3.093604721e-09
1.458251081e-02	3.143496919e-09
1.462750434e-02	3.189924962e-09
1.467134139e-02	3.239378674e-09
1.471411199e-02	3.280297220e-09
1.475623144e-02	3.330383606e-09
1.479725459e-02	3.370744648e-09
1.483693078e-02	3.420320510e-09
1.487661881e-02	3.463725992e-09
1.491492229e-02	3.510877559e-09
1.495264678e-02	3.573113628e-09
1.498912757e-02	3.611325996e-09
1.502545249e-02	3.663028585e-09
1.506098892e-02	3.698609944e-09
1.509485230e-02	3.742306705e-09
1.512905943e-02	3.783422616e-09
1.516219876e-02	3.836976313e-09
1.519423617e-02	3.866656670e-09
1.522617484e-02	3.944284157e-09
1.525703979e-02	3.981165360e-09
1.528832193e-02	4.018917317e-09
1.531772963e-02	4.068681102e-09
1.534775782e-02	4.117846643e-09
1.537663338e-02	4.163278626e-09
1.540524908e-02	4.208889182e-09
1.543383283e-02	4.255370469e-09
1.546118529e-02	4.309221710e-09
1.548853206e-02	4.350268693e-09
1.551533251e-02	4.398876707e-09
1.554106267e-02	4.450967693e-09
1.556698769e-02	4.488763499e-09
1.559260777e-02	4.534897106e-09
1.561777117e-02	4.580044074e-09
1.564250818e-02	4.627023356e-09
1.566687637e-02	4.666626397e-09
1.569087313e-02	4.717777747e-09
1.571432685e-02	4.768167963e-09
1.573746307e-02	4.815137849e-09
1.576026897e-02	4.857152680e-09
1.578281582e-02	4.904523491e-09
1.580536093e-02	4.949488800e-09
1.582666318e-02	4.996862743e-09
1.584787341e-02	5.043215593e-09
1.586983129e-02	5.104859682e-09
1.588990458e-02	5.139003363e-09
1.591040515e-02	5.187711626e-09
1.593068922e-02	5.217213456e-09
1.595083908e-02	5.278278071e-09
1.597105766e-02	5.328809230e-09
1.599084407e-02	5.375600590e-09
1.601000729e-02	5.420587846e-09
1.602910898e-02	5.461537712e-09
1.604805482e-02	5.509046356e-09
1.606563122e-02	5.554089966e-09
1.608869407e-02	5.610876047e-09
1.610684193e-02	5.667233038e-09
1.612525181e-02	5.706554173e-09
1.614292654e-02	5.750357470e-09
1.616031470e-02	5.815916753e-09
1.617744870e-02	5.845371580e-09
1.619477295e-02	5.891047908e-09
1.621135394e-02	5.930929725e-09
1.622775833e-02	5.988843388e-09
1.624479713e-02	6.025712063e-09
1.626098612e-02	6.082516937e-09
1.627736189e-02	6.123654749e-09
1.629361693e-02	6.175983793e-09
1.630912074e-02	6.226859500e-09
1.632437318e-02	6.269804571e-09
1.633969052e-02	6.312405071e-09
1.635506633e-02	6.358310039e-09
1.637008586e-02	6.409022879e-09
1.638497100e-02	6.452591227e-09
1.639997339e-02	6.500660529e-09
1.641441686e-02	6.552090631e-09
1.642871908e-02	6.593300457e-09
1.644307848e-02	6.643249056e-09
1.645698379e-02	6.671438513e-09
1.647064305e-02	6.728722636e-09
1.648473326e-02	6.786542315e-09
1.649840391e-02	6.838949660e-09
1.651203395e-02	6.864006935e-09
1.652575562e-02	6.913501364e-09
1.653905937e-02	6.965670651e-09
1.655204769e-02	7.006918085e-09
1.656573026e-02	7.053292860e-09
1.657906082e-02	7.098702942e-09
1.659231158e-02	7.148407217e-09
1.660499534e-02	7.187650074e-09
1.661761184e-02	7.240145093e-09
1.663027657e-02	7.285364121e-09
1.664275566e-02	7.338291385e-09
1.665511358e-02	7.385530627e-09
1.666709826e-02	7.410982586e-09
1.667920431e-02	7.483686315e-09
1.669113971e-02	7.530618640e-09
1.670280911e-02	7.564424060e-09
1.671476667e-02	7.613548885e-09
1.672683616e-02	7.667315560e-09
1.673834792e-02	7.705459046e-09
1.675029240e-02	7.754436642e-09
1.676224164e-02	7.788301571e-09
1.677362230e-02	7.849713889e-09
1.678534952e-02	7.907120115e-09
1.679592344e-02	7.935597744e-09
1.680688565e-02	7.981126844e-09
1.681809247e-02	8.035914611e-09
1.682914795e-02	8.080228432e-09
1.683976708e-02	8.125074723e-09
1.685071448e-02	8.164718504e-09
1.686154125e-02	8.219465555e-09
1.687232981e-02	8.268014038e-09
1.688365601e-02	8.311616884e-09
1.689424130e-02	8.373179517e-09
1.690421560e-02	8.415579567e-09
1.691453638e-02	8.448924577e-09
1.692479422e-02	8.492705926e-09
1.693537190e-02	8.551672003e-09
1.694578660e-02	8.590551519e-09
1.695604183e-02	8.635407206e-09
1.696581021e-02	8.686264120e-09
1.697615067e-02	8.730897432e-09
1.698571465e-02	8.759481551e-09
1.699599753e-02	8.825335246e-09
1.700598920e-02	8.867312469e-09
1.701566022e-02	8.915701240e-09
1.702585200e-02	8.944416904e-09
1.703531251e-02	9.016406481e-09
1.704436064e-02	9.056413603e-09
1.705384634e-02	9.099245920e-09
1.706581391e-02	9.159142213e-09
1.707531913e-02	9.210569183e-09
1.708446828e-02	9.246513881e-09
1.709345388e-02	9.293017070e-09
1.710286147e-02	9.336281632e-09
1.711230840e-02	9.391047476e-09
1.712145441e-02	9.438853664e-09
1.713069085e-02	9.476392596e-09
1.713971805e-02	9.535114373e-09
1.714844446e-02	9.574498195e-09
1.715742626e-02	9.621822002e-09
1.716588253e-02	9.661688181e-09
1.717490335e-02	9.712106563e-09
1.718340663e-02	9.764560866e-09
1.719194121e-02	9.804765306e-09
1.720084885e-02	9.857432588e-09
1.720935196e-02	9.896465598e-09
1.721792905e-02	9.952415400e-09
1.722636878e-02	9.986120595e-09
1.723504819e-02	1.004197959e-08
1.724337089e-02	1.008624014e-08
1.725181527e-02	1.013091417e-08
1.726053899e-02	1.018232859e-08
1.726876392e-02	1.023356137e-08
1.727697082e-02	1.028019299e-08
1.728497351e-02	1.031283012e-08
1.729250663e-02	1.037017999e-08
1.730081865e-02	1.040561414e-08
1.730882874e-02	1.045984438e-08
1.731691763e-02	1.050392956e-08
1.732460540e-02	1.055296669e-08
1.733244578e-02	1.061454812e-08
1.733884570e-02	1.064503656e-08
1.734830843e-02	1.068829799e-08
1.735579837e-02	1.073784880e-08
1.736356517e-02	1.077878301e-08
1.737132392e-02	1.082464726e-08
1.737914715e-02	1.087977018e-08
1.738685153e-02	1.091849933e-08
1.739475420e-02	1.096599545e-08
1.740218169e-02	1.102459818e-08
1.741004836e-02	1.105900498e-08
1.741756728e-02	1.111326343e-08
1.742496841e-02	1.114815569e-08
1.743241196e-02	1.120519549e-08
1.744002917e-02	1.124997288e-08
1.744738349e-02	1.129372291e-08
1.745477159e-02	1.132766927e-08
1.746206080e-02	1.138641611e-08
1.746950346e-02	1.143138455e-08
1.747672319e-02	1.148343792e-08
1.748370844e-02	1.154301793e-08
1.749110002e-02	1.155518009e-08
1.749848386e-02	1.162160071e-08
1.750505696e-02	1.166971386e-08
1.751231016e-02	1.171340438e-08
1.751931434e-02	1.175944090e-08
1.752660324e-02	1.180616648e-08
1.753401850e-02	1.183842774e-08
1.754047296e-02	1.190174125e-08
1.754783128e-02	1.194521566e-08
1.755452917e-02	1.199657999e-08
1.756150856e-02	1.203618303e-08
1.756815729e-02	1.208555218e-08
1.757523512e-02	1.214261388e-08
1.758202752e-02	1.217673250e-08
1.758917235e-02	1.222144414e-08
1.759607120e-02	1.226992372e-08
1.760287027e-02	1.232161065e-08
1.760948082e-02	1.236702699e-08
1.761636960e-02	1.240599736e-08
1.762319065e-02	1.247236787e-08
1.762996782e-02	1.249869682e-08
1.763649441e-02	1.255551109e-08
1.764306946e-02	1.259300933e-08
1.764971393e-02	1.264794117e-08
1.765660616e-02	1.268828655e-08
1.766474486e-02	1.274144874e-08
1.767067326e-02	1.279996692e-08
1.767731977e-02	1.283711121e-08
1.768429183e-02	1.288969395e-08
1.769087216e-02	1.292952563e-08
1.769744445e-02	1.296657285e-08
1.770378539e-02	1.302026123e-08
1.771038983e-02	1.307995085e-08
1.771667017e-02	1.313160018e-08
1.772330151e-02	1.315742798e-08
1.772936779e-02	1.321566113e-08
1.773618512e-02	1.325579665e-08
1.774208036e-02	1.329751391e-08
1.774824091e-02	1.333742392e-08
1.775440391e-02	1.340025507e-08
1.776071830e-02	1.343601183e-08
1.776714458e-02	1.350662957e-08
1.777344092e-02	1.354595699e-08
1.777979638e-02	1.358452641e-08
1.778582705e-02	1.363093253e-08
1.779175314e-02	1.367200770e-08
1.779793137e-02	1.373367056e-08
1.780393304e-02	1.375760654e-08
1.781020017e-02	1.382142118e-08
1.781636027e-02	1.385175931e-08
1.782228841e-02	1.390437337e-08
1.782833509e-02	1.395574396e-08
1.783448741e-02	1.401072905e-08
1.784049588e-02	1.404738159e-08
1.784650684e-02	1.410197831e-08
1.785239233e-02	1.414984087e-08
1.785847203e-02	1.420322544e-08
1.786420173e-02	1.423335683e-08
1.787028881e-02	1.427918663e-08
1.787629136e-02	1.433711282e-08
1.788196640e-02	1.437980420e-08
1.788805912e-02	1.443649632e-08
1.789390457e-02	1.446752352e-08
1.789958305e-02	1.451394525e-08
1.790522576e-02	1.455702503e-08
1.791119965e-02	1.461576870e-08
1.791705986e-02	1.466385051e-08
1.792276665e-02	1.469667245e-08
1.792867376e-02	1.473939201e-08
1.793467648e-02	1.479791018e-08
1.794040066e-02	1.484540001e-08
1.794620071e-02	1.488652216e-08
1.795211902e-02	1.494630886e-08
1.795739752e-02	1.497316402e-08
1.796342224e-02	1.502445002e-08
1.796955966e-02	1.507374085e-08
1.797493569e-02	1.511538296e-08
1.798035514e-02	1.517107905e-08
1.798600486e-02	1.520765642e-08
1.799166614e-02	1.525159753e-08
1.799721875e-02	1.528978484e-08
1.800274845e-02	1.535335831e-08
1.800821623e-02	1.539908162e-08
1.801409754e-02	1.544098681e-08
1.802008047e-02	1.548626534e-08
1.802567271e-02	1.554552270e-08
1.803092409e-02	1.559148404e-08
1.803659894e-02	1.563266257e-08
1.804073886e-02	1.567609627e-08
1.804650588e-02	1.572397447e-08
1.805215922e-02	1.576366211e-08
1.805792955e-02	1.581444384e-08
1.806380834e-02	1.586203705e-08
1.806951873e-02	1.590624436e-08
1.807477257e-02	1.596140486e-08
1.808030065e-02	1.600631380e-08
1.808569470e-02	1.604069240e-08
1.809060138e-02	1.609029959e-08
1.809617085e-02	1.614805976e-08
1.810167722e-02	1.619040973e-08
1.810700968e-02	1.623602340e-08
1.811204317e-02	1.629137810e-08
1.811899928e-02	1.633596754e-08
1.812426492e-02	1.638052881e-08
1.812937183e-02	1.642957531e-08
1.813469062e-02	1.649154826e-08
1.814008463e-02	1.652903711e-08
1.814546167e-02	1.657194459e-08
1.814941148e-02	1.662201221e-08
1.815449581e-02	1.667274696e-08
1.816054208e-02	1.670986306e-08
1.816679382e-02	1.675222557e-08
1.817173009e-02	1.680218354e-08
1.817722638e-02	1.684258528e-08
1.818267680e-02	1.688494150e-08
1.818838085e-02	1.695964672e-08
1.819291274e-02	1.700248215e-08
1.819800101e-02	1.703095351e-08
1.820254409e-02	1.707763836e-08
1.820775747e-02	1.712605532e-08
1.821298099e-02	1.714968750e-08
1.821851592e-02	1.721193293e-08
1.822375411e-02	1.726799860e-08
1.822853162e-02	1.730169755e-08
1.823382394e-02	1.736308477e-08
1.823884501e-02	1.740471747e-08
1.824385146e-02	1.745524551e-08
1.824827437e-02	1.750404772e-08
1.825402711e-02	1.756801898e-08
1.825901644e-02	1.759700087e-08
1.826415441e-02	1.763534482e-08
1.826894983e-02	1.768562851e-08
1.827378605e-02	1.772722049e-08
1.827857990e-02	1.777055396e-08
1.828339186e-02	1.782457120e-08
1.828824617e-02	1.786871905e-08
1.829330265e-02	1.791863317e-08
1.829824588e-02	1.795567411e-08
1.830324965e-02	1.801177111e-08
1.830745599e-02	1.805961489e-08
1.831321848e-02	1.810869586e-08
1.831828197e-02	1.815488898e-08
1.832333917e-02	1.819859516e-08
1.832831435e-02	1.824032182e-08
1.833340068e-02	1.828490816e-08
1.833808031e-02	1.833341278e-08
1.834339416e-02	1.837643931e-08
1.834820872e-02	1.842790071e-08
1.835328561e-02	1.847615795e-08
1.835776573e-02	1.851504372e-08
1.836238911e-02	1.856542767e-08
1.836734665e-02	1.862382369e-08
1.837202820e-02	1.867047411e-08
1.837691681e-02	1.869702230e-08
1.838185642e-02	1.875785202e-08
1.838629970e-02	1.879499320e-08
1.839112102e-02	1.884455651e-08
1.839574128e-02	1.889469303e-08
1.840094999e-02	1.893612528e-08
1.840574244e-02	1.898727658e-08
1.841013249e-02	1.903603181e-08
1.841531978e-02	1.908022663e-08
1.842021924e-02	1.912839614e-08
1.842484592e-02	1.917486800e-08
1.842979180e-02	1.921132951e-08
1.843459114e-02	1.926845072e-08
1.843909005e-02	1.930458650e-08
1.844371433e-02	1.935938364e-08
1.844886868e-02	1.940298650e-08
1.845355770e-02	1.944677411e-08
1.845812664e-02	1.949833575e-08
1.846250169e-02	1.953959571e-08
1.846744293e-02	1.959268898e-08
1.847228001e-02	1.961539717e-08
1.847663437e-02	1.969326896e-08
1.848136948e-02	1.973121197e-08
1.848606194e-02	1.978283626e-08
1.849055884e-02	1.982930502e-08
1.849522636e-02	1.986867939e-08
1.850114671e-02	1.992473258e-08
1.850578003e-02	1.998028459e-08
1.851023392e-02	2.001779222e-08
1.851338224e-02	2.006532903e-08
1.851936221e-02	2.011375853e-08
1.852407761e-02	2.015781239e-08
1.852858255e-02	2.020521451e-08
1.853308199e-02	2.024874843e-08
1.853793189e-02	2.029307791e-08
1.854240126e-02	2.033047280e-08
1.854705992e-02	2.038674834e-08
1.855152470e-02	2.043084604e-08
1.855609233e-02	2.048829300e-08
1.856068737e-02	2.052844733e-08
1.856528049e-02	2.058661471e-08
1.856979004e-02	2.062772433e-08
1.857433253e-02	2.066613089e-08
1.857889135e-02	2.072132271e-08
1.858380910e-02	2.077051644e-08
1.858834965e-02	2.079997443e-08
1.859284707e-02	2.084742354e-08
1.859729578e-02	2.090004071e-08
1.860172493e-02	2.094838563e-08
1.860637155e-02	2.099566874e-08
1.861041503e-02	2.104448974e-08
1.861522382e-02	2.108873154e-08
1.861961402e-02	2.113973878e-08
1.862406029e-02	2.118714094e-08
1.862853379e-02	2.123490641e-08
1.863288042e-02	2.126952303e-08
1.863740168e-02	2.131778027e-08
1.864173456e-02	2.137026276e-08
1.864651851e-02	2.141236213e-08
1.865100591e-02	2.147306656e-08
1.865536032e-02	2.151176130e-08
1.865979986e-02	2.156444110e-08
1.866416868e-02	2.160344905e-08
1.866855519e-02	2.165103286e-08
1.867307867e-02	2.169288167e-08
1.867779665e-02	2.173625585e-08
1.868243205e-02	2.178028465e-08
1.868691085e-02	2.183840191e-08
1.869076944e-02	2.188479234e-08
1.869492179e-02	2.191628311e-08
1.869930536e-02	2.197253359e-08
1.870383131e-02	2.201927168e-08
1.870838972e-02	2.205933832e-08
1.871285618e-02	2.210628627e-08
1.871704159e-02	2.216127765e-08
1.872155111e-02	2.220890842e-08
1.872561590e-02	2.224483432e-08
1.873011310e-02	2.228849666e-08
1.873441014e-02	2.234567114e-08
1.873897055e-02	2.238925517e-08
1.874331750e-02	2.244045034e-08
1.874750244e-02	2.249214980e-08
1.875193644e-02	2.253957699e-08
1.875609715e-02	2.256422712e-08
1.876039498e-02	2.262397623e-08
1.876494667e-02	2.267289431e-08
1.876899587e-02	2.271731465e-08
1.877322657e-02	2.276377714e-08
1.877786399e-02	2.281406711e-08
1.878221174e-02	2.285232335e-08
1.878664355e-02	2.289890797e-08
1.879116311e-02	2.294731240e-08
1.879536613e-02	2.299162936e-08
1.879967327e-02	2.303641927e-08
1.880387657e-02	2.308902391e-08
1.880801660e-02	2.313510742e-08
1.881200041e-02	2.318104369e-08
1.881625983e-02	2.322374447e-08
1.882073772e-02	2.329340686e-08
1.882498448e-02	2.331530383e-08
1.882923713e-02	2.335614093e-08
1.883321309e-02	2.340023551e-08
1.883766926e-02	2.346306353e-08
1.884313916e-02	2.350707040e-08
1.884739493e-02	2.356548833e-08
1.885146701e-02	2.360905984e-08
1.885558361e-02	2.365801869e-08
1.885971155e-02	2.369810095e-08
1.886408179e-02	2.376037769e-08
1.886832662e-02	2.381541292e-08
1.887249088e-02	2.384736096e-08
1.887688038e-02	2.389116111e-08
1.888123783e-02	2.393417821e-08
1.888564894e-02	2.397690404e-08
1.888979097e-02	2.403046713e-08
1.889404040e-02	2.407262291e-08
1.889808672e-02	2.411550847e-08
1.890227644e-02	2.416419165e-08
1.890648798e-02	2.419838547e-08
1.891069005e-02	2.424215116e-08
1.891467512e-02	2.430845589e-08
1.891890564e-02	2.435643121e-08
1.892322734e-02	2.440491394e-08
1.892738529e-02	2.446582822e-08
1.893136641e-02	2.448159551e-08
1.893554861e-02	2.454666304e-08
1.893980521e-02	2.458164304e-08
1.894395629e-02	2.463190481e-08
1.894795167e-02	2.467985508e-08
1.895203876e-02	2.472675920e-08
1.895616538e-02	2.477104485e-08
1.896058561e-02	2.482242482e-08
1.896486157e-02	2.486933835e-08
1.896892879e-02	2.491441641e-08
1.897302405e-02	2.495989540e-08
1.897669152e-02	2.500808057e-08
1.898108676e-02	2.503580646e-08
1.898510413e-02	2.509447186e-08
1.898946216e-02	2.514848283e-08
1.899360640e-02	2.518154909e-08
1.899752518e-02	2.523413494e-08
1.900140784e-02	2.527384760e-08
1.900572083e-02	2.533843594e-08
1.900976856e-02	2.538083288e-08
1.901398802e-02	2.542412873e-08
1.901806722e-02	2.546581467e-08
1.902226813e-02	2.552224681e-08
1.902656474e-02	2.556515745e-08
1.903074711e-02	2.561045162e-08
1.903496573e-02	2.563774216e-08
1.903895741e-02	2.570069233e-08
1.904298652e-02	2.575795764e-08
1.904726052e-02	2.580923114e-08
1.905123570e-02	2.584366610e-08
1.905547894e-02	2.589089597e-08
1.905947810e-02	2.593144809e-08
1.906339694e-02	2.598297839e-08
1.906727881e-02	2.601631085e-08
1.907156352e-02	2.607172505e-08
1.907567719e-02	2.610513584e-08
1.907967345e-02	2.617267151e-08
1.908394059e-02	2.620257111e-08
1.908790211e-02	2.626035951e-08
1.909210076e-02	2.630083957e-08
1.909607511e-02	2.635037783e-08
1.910042334e-02	2.639352650e-08
1.910433927e-02	2.643317337e-08
1.910862023e-02	2.648525183e-08
1.911256780e-02	2.653715490e-08
1.911653967e-02	2.658478879e-08
1.912067531e-02	2.663023335e-08
1.912485917e-02	2.669892164e-08
1.912876454e-02	2.672929422e-08
1.913283184e-02	2.678109077e-08
1.913710732e-02	2.682561760e-08
1.914115619e-02	2.686179719e-08
1.914523330e-02	2.690770841e-08
1.914917483e-02	2.696294095e-08
1.915315057e-02	2.700088081e-08
1.915686888e-02	2.705969654e-08
1.916175255e-02	2.711201619e-08
1.916575588e-02	2.714014612e-08
1.916962169e-02	2.720123581e-08
1.917363822e-02	2.725959426e-08
1.917740479e-02	2.729695780e-08
1.918156127e-02	2.733030281e-08
1.918547224e-02	2.737699704e-08
1.918952580e-02	2.742931042e-08
1.919325498e-02	2.746691515e-08
1.919719322e-02	2.752348512e-08
1.920124668e-02	2.757075571e-08
1.920530406e-02	2.761622530e-08
1.920904594e-02	2.766442926e-08
1.921341324e-02	2.771000848e-08
1.921735809e-02	2.775895477e-08
1.922131351e-02	2.779422916e-08
1.922507443e-02	2.784776722e-08
1.922896894e-02	2.789770011e-08
1.923319005e-02	2.792738676e-08
1.923716928e-02	2.798614925e-08
1.924133617e-02	2.801969156e-08
1.924510776e-02	2.809131157e-08
1.924913060e-02	2.812458766e-08
1.925317400e-02	2.817375320e-08
1.925717144e-02	2.822565311e-08
1.926097755e-02	2.828171882e-08
1.926490620e-02	2.829421927e-08
1.926866463e-02	2.836521909e-08
1.927297953e-02	2.841534309e-08
1.927687159e-02	2.845468931e-08
1.928074517e-02	2.848492405e-08
1.928474437e-02	2.855200242e-08
1.928866448e-02	2.859755658e-08
1.929260104e-02	2.864339264e-08
1.929677038e-02	2.868520073e-08
1.930050377e-02	2.872483512e-08
1.930449667e-02	2.877978262e-08
1.930849777e-02	2.881336253e-08
1.931228860e-02	2.887458062e-08
1.931613463e-02	2.891388925e-08
1.931975947e-02	2.896163593e-08
1.932392805e-02	2.901290940e-08
1.932793338e-02	2.905342392e-08
1.933178766e-02	2.909921611e-08
1.933547567e-02	2.915161721e-08
1.933922843e-02	2.917918648e-08
1.934354393e-02	2.924226822e-08
1.934757048e-02	2.929405536e-08
1.935143548e-02	2.934251932e-08
1.935515536e-02	2.938423345e-08
1.935894750e-02	2.942644873e-08
1.936326722e-02	2.947040548e-08
1.936662467e-02	2.952623625e-08
1.937087437e-02	2.956175498e-08
1.937472033e-02	2.961756382e-08
1.937841405e-02	2.966651325e-08
1.938223139e-02	2.970847168e-08
1.938634184e-02	2.976515130e-08
1.939007398e-02	2.980541519e-08
1.939390533e-02	2.985710528e-08
1.939772895e-02	2.987851362e-08
1.940193160e-02	2.994289517e-08
1.940585154e-02	2.998581206e-08
1.940987786e-02	3.002377699e-08
1.941357402e-02	3.008349792e-08
1.941744503e-02	3.012424422e-08
1.942138041e-02	3.017154610e-08
1.942535441e-02	3.021651141e-08
1.942911824e-02	3.026760638e-08
1.943278026e-02	3.031169782e-08
1.943673691e-02	3.036486626e-08
1.944065875e-02	3.040588506e-08
1.944434325e-02	3.045054340e-08
1.944843800e-02	3.050686908e-08
1.945225290e-02	3.054717685e-08
1.945609716e-02	3.058841491e-08
1.945999639e-02	3.064326533e-08
1.946465464e-02	3.069357411e-08
1.946828553e-02	3.074682086e-08
1.947225706e-02	3.078615453e-08
1.947589841e-02	3.083379159e-08
1.947968023e-02	3.088713229e-08
1.948347145e-02	3.093485079e-08
1.948710534e-02	3.097814978e-08
1.949105405e-02	3.101246888e-08
1.949489723e-02	3.106342916e-08
1.949873271e-02	3.111951050e-08
1.950246682e-02	3.117096566e-08
1.950621451e-02	3.120017306e-08
1.951001044e-02	3.125183494e-08
1.951379410e-02	3.129731081e-08
1.951748252e-02	3.134390168e-08
1.952111086e-02	3.138019718e-08
1.952512995e-02	3.143695194e-08
1.952888047e-02	3.148208327e-08
1.953266449e-02	3.152780969e-08
1.953668165e-02	3.157958120e-08
1.954051144e-02	3.162885949e-08
1.954443349e-02	3.168251029e-08
1.954828050e-02	3.170563504e-08
1.955205104e-02	3.176457604e-08
1.955565801e-02	3.180700430e-08
1.955960653e-02	3.185841562e-08
1.956320409e-02	3.189560065e-08
1.956729495e-02	3.195050431e-08
1.957117154e-02	3.200583082e-08
1.957494339e-02	3.204369552e-08
1.957884443e-02	3.208556624e-08
1.958223369e-02	3.213578733e-08
1.958652605e-02	3.218116295e-08
1.959013186e-02	3.222552376e-08
1.959415564e-02	3.227492107e-08
1.959784565e-02	3.231750596e-08
1.960167705e-02	3.237451756e-08
1.960548444e-02	3.241431480e-08
1.960936053e-02	3.246689439e-08
1.961296697e-02	3.250891235e-08
1.961691826e-02	3.255210798e-08
1.962067196e-02	3.259061478e-08
1.962450675e-02	3.264691227e-08
1.962852171e-02	3.268555372e-08
1.963214468e-02	3.274729491e-08
1.963601406e-02	3.278949767e-08
1.963961251e-02	3.283556547e-08
1.964378821e-02	3.288318374e-08
1.964752919e-02	3.292767608e-08
1.965123944e-02	3.296876692e-08
1.965509890e-02	3.301067839e-08
1.965905601e-02	3.305980320e-08
1.966244410e-02	3.311229195e-08
1.966631749e-02	3.315567239e-08
1.967017601e-02	3.321218913e-08
1.967396466e-02	3.325750525e-08
1.967774195e-02	3.330775137e-08
1.968164149e-02	3.334330143e-08
1.968517670e-02	3.339659513e-08
1.968892577e-02	3.343866006e-08
1.969255255e-02	3.347486475e-08
1.969632249e-02	3.353454807e-08
1.970025681e-02	3.358293683e-08
1.970385896e-02	3.361812355e-08
1.970758554e-02	3.366459229e-08
1.971119075e-02	3.371903553e-08
1.971503541e-02	3.377011481e-08
1.971890748e-02	3.380782918e-08
1.972225724e-02	3.386251987e-08
1.972620631e-02	3.391016316e-08
1.972988973e-02	3.394347683e-08
1.973355405e-02	3.399850265e-08
1.973726563e-02	3.405180263e-08
1.974093821e-02	3.409050364e-08
1.974485860e-02	3.413209248e-08
1.974863756e-02	3.417789407e-08
1.975239056e-02	3.422682783e-08
1.975692496e-02	3.428735687e-08
1.976060216e-02	3.432853853e-08
1.976446126e-02	3.437940170e-08
1.976819502e-02	3.442238749e-08
1.977217033e-02	3.447975616e-08
1.977614227e-02	3.451979144e-08
1.977997042e-02	3.456982145e-08
1.978383336e-02	3.462197507e-08
1.978741804e-02	3.464672541e-08
1.979094363e-02	3.470096821e-08
1.979474444e-02	3.474739935e-08
1.979833363e-02	3.481470949e-08
1.980218017e-02	3.483011035e-08
1.980597338e-02	3.488607579e-08
1.980941061e-02	3.494756952e-08
1.981341682e-02	3.498699094e-08
1.981721227e-02	3.503055617e-08
1.982073502e-02	3.507181927e-08
1.982456088e-02	3.513690871e-08
1.982845826e-02	3.517005951e-08
1.983194476e-02	3.521349634e-08
1.983531378e-02	3.525582437e-08
1.983901593e-02	3.530396568e-08
1.984270746e-02	3.535638554e-08
1.984646756e-02	3.539403726e-08
1.985002794e-02	3.544437110e-08
1.985399779e-02	3.550790387e-08
1.985770780e-02	3.553370033e-08
1.986116912e-02	3.560097292e-08
1.986507651e-02	3.563495060e-08
1.986868372e-02	3.568023540e-08
1.987221554e-02	3.572952935e-08
1.987601405e-02	3.577191063e-08
1.987971255e-02	3.581020445e-08
1.988342368e-02	3.586435326e-08
1.988732518e-02	3.592247677e-08
1.989112666e-02	3.595699008e-08
1.989508087e-02	3.601222889e-08
1.989841846e-02	3.605026271e-08
1.990204729e-02	3.609388122e-08
1.990605326e-02	3.614285569e-08
1.990956312e-02	3.618902687e-08
1.991324838e-02	3.624040683e-08
1.991693019e-02	3.627550587e-08
1.992048215e-02	3.633798933e-08
1.992415221e-02	3.637415955e-08
1.992786783e-02	3.642143013e-08
1.993178832e-02	3.647383118e-08
1.993545366e-02	3.651259168e-08
1.993901090e-02	3.656794950e-08
1.994285905e-02	3.661803279e-08
1.994654145e-02	3.665975630e-08
1.995029741e-02	3.670391979e-08
1.995380530e-02	3.676410741e-08
1.995711743e-02	3.680686140e-08
1.996083217e-02	3.684378959e-08
1.996464114e-02	3.688717005e-08
1.996830565e-02	3.693245170e-08
1.997212692e-02	3.698526620e-08
1.997539390e-02	3.702572434e-08
1.997929837e-02	3.707594228e-08
1.998289452e-02	3.711640042e-08
1.998676484e-02	3.717144504e-08
1.999048232e-02	3.720880231e-08
1.999395543e-02	3.727203753e-08
1.999767432e-02	3.729636815e-08
2.000143567e-02	3.734620399e-08
2.000511073e-02	3.739604921e-08
2.000854358e-02	3.744320704e-08
2.001229410e-02	3.748858268e-08
2.001584697e-02	3.754068302e-08
2.001942863e-02	3.758787218e-08
2.002346245e-02	3.761621511e-08
2.002693898e-02	3.767595796e-08
2.003054700e-02	3.774108186e-08
2.003418305e-02	3.776882031e-08
2.003793466e-02	3.781905703e-08
2.004254641e-02	3.787328415e-08
2.004639321e-02	3.792384977e-08
2.004989883e-02	3.796596168e-08
2.005358554e-02	3.801364255e-08
2.005718174e-02	3.805689773e-08
2.006084555e-02	3.810940213e-08
2.006469552e-02	3.815183981e-08
2.006829347e-02	3.820060131e-08
2.007171321e-02	3.824939411e-08
2.007533042e-02	3.829590987e-08
2.007908138e-02	3.833772107e-08
2.008284378e-02	3.838062229e-08
2.008639897e-02	3.842408730e-08
2.008992072e-02	3.847289578e-08
2.009369144e-02	3.852718865e-08
2.009759862e-02	3.857400821e-08
2.010121868e-02	3.861440683e-08
2.010502089e-02	3.868675350e-08
2.010860571e-02	3.872536993e-08
2.011221658e-02	3.876292768e-08
2.011569577e-02	3.880495816e-08
2.011919105e-02	3.885179961e-08
2.012290753e-02	3.890826309e-08
2.012656645e-02	3.894727105e-08
2.012994420e-02	3.898783566e-08
2.013390258e-02	3.904039960e-08
2.013755074e-02	3.908206052e-08
2.014122180e-02	3.912874223e-08
2.014500606e-02	3.917923580e-08
2.014825899e-02	3.922908417e-08
2.015188304e-02	3.928312020e-08
2.015553931e-02	3.931493358e-08
2.015939690e-02	3.936035934e-08
2.016277249e-02	3.941581739e-08
2.016662850e-02	3.946145611e-08
2.017026491e-02	3.950427900e-08
2.017394227e-02	3.954750286e-08
2.017756218e-02	3.957795998e-08
2.018124742e-02	3.964700221e-08
2.018475688e-02	3.968289051e-08
2.018827214e-02	3.973405438e-08
2.019194393e-02	3.978236173e-08
2.019541948e-02	3.982724560e-08
2.019917171e-02	3.988416949e-08
2.020276397e-02	3.991961931e-08
2.020607896e-02	3.996989677e-08
2.020977026e-02	4.000870111e-08
2.021358310e-02	4.006955586e-08
2.021718956e-02	4.010908062e-08
2.022082885e-02	4.015163420e-08
2.022461999e-02	4.019772705e-08
2.022797886e-02	4.025042255e-08
2.023167804e-02	4.029026992e-08
2.023548294e-02	4.034022475e-08
2.023908884e-02	4.038972544e-08
2.024266885e-02	4.043169327e-08
2.024620653e-02	4.047639237e-08
2.024989119e-02	4.050360770e-08
2.025367667e-02	4.055799771e-08
2.025718635e-02	4.062060649e-08
2.026081433e-02	4.066130265e-08
2.026449681e-02	4.071404824e-08
2.026775599e-02	4.075561516e-08
2.027140360e-02	4.081003023e-08
2.027498632e-02	4.083322389e-08
2.027859363e-02	4.089411310e-08
2.028219686e-02	4.093877147e-08
2.028584968e-02	4.099102533e-08
2.028937315e-02	4.103386076e-08
2.029260300e-02	4.109278925e-08
2.029659028e-02	4.112594317e-08
2.030038702e-02	4.118856448e-08
2.030393704e-02	4.122552712e-08
2.030765058e-02	4.126514896e-08
2.031110566e-02	4.131010174e-08
2.031462435e-02	4.136375881e-08
2.031840894e-02	4.139677805e-08
2.032275711e-02	4.147856821e-08
2.032631144e-02	4.150768476e-08
2.033002948e-02	4.155559432e-08
2.033357280e-02	4.160503549e-08
2.033730314e-02	4.164015326e-08
2.034109589e-02	4.169598408e-08
2.034447978e-02	4.174647139e-08
2.034823721e-02	4.178727091e-08
2.035180668e-02	4.183599795e-08
2.035553224e-02	4.190283514e-08
2.035910088e-02	4.194664156e-08
2.036237538e-02	4.197343720e-08
2.036583659e-02	4.203547278e-08
2.036967656e-02	4.207947342e-08
2.037321104e-02	4.211933330e-08
2.037689316e-02	4.215658097e-08
2.038061003e-02	4.221343908e-08
2.038410017e-02	4.224237715e-08
2.038794978e-02	4.230352632e-08
2.039132890e-02	4.235769705e-08
2.039482233e-02	4.239769162e-08
2.039853382e-02	4.243730093e-08
2.040213543e-02	4.247154486e-08
2.040554195e-02	4.253688177e-08
2.040910733e-02	4.258529559e-08
2.041272124e-02	4.262588838e-08
2.041634062e-02	4.267760037e-08
2.041984537e-02	4.272876110e-08
2.042365165e-02	4.277318146e-08
2.042703485e-02	4.281461054e-08
2.043080854e-02	4.285660655e-08
2.043437607e-02	4.290717844e-08
2.043798264e-02	4.295189944e-08
2.044146126e-02	4.298594605e-08
2.044513872e-02	4.305235727e-08
2.044867690e-02	4.308459973e-08
2.045223231e-02	4.313246541e-08
2.045570903e-02	4.318810200e-08
2.045929856e-02	4.323512516e-08
2.046286128e-02	4.327342210e-08
2.046631332e-02	4.332590147e-08
2.046985106e-02	4.337031866e-08
2.047344491e-02	4.342295461e-08
2.047700254e-02	4.346834277e-08
2.048066110e-02	4.351323606e-08
2.048426001e-02	4.356138991e-08
2.048779535e-02	4.361044584e-08
2.049125149e-02	4.364836689e-08
2.049492159e-02	4.369647064e-08
2.049833330e-02	4.374033030e-08
2.050221815e-02	4.378034366e-08
2.050570562e-02	4.382967833e-08
2.050932981e-02	4.388637362e-08
2.051288134e-02	4.393510064e-08
2.051656984e-02	4.396960453e-08
2.052021084e-02	4.401293174e-08
2.052374125e-02	4.407307548e-08
2.052733970e-02	4.410895754e-08
2.053099133e-02	4.416245173e-08
2.053436758e-02	4.420476409e-08
2.053819486e-02	4.424616814e-08