-8.488618891e-04	-4.229744875e-08
-8.477385364e-04	-4.210876226e-08
-8.463503125e-04	-4.191999838e-08
-8.451291993e-04	-4.173127359e-08
-8.438749566e-04	-4.154301804e-08
-8.425824185e-04	-4.135487051e-08
-8.414135187e-04	-4.116694721e-08
-8.400661258e-04	-4.097898811e-08
-8.387445707e-04	-4.079072635e-08
-8.375376348e-04	-4.060079358e-08
-8.362032418e-04	-4.041025492e-08
-8.350231884e-04	-4.022386766e-08
-8.335963692e-04	-4.003232312e-08
-8.324576098e-04	-3.984269457e-08
-8.312156715e-04	-3.965360648e-08
-8.299906815e-04	-3.946462861e-08
-8.287865667e-04	-3.927615479e-08
-8.275651079e-04	-3.908756654e-08
-8.262828122e-04	-3.890171162e-08
-8.250832121e-04	-3.871103865e-08
-8.238696718e-04	-3.852433516e-08
-8.227515969e-04	-3.833627738e-08
-8.213394513e-04	-3.814770269e-08
-8.202886172e-04	-3.795771025e-08
-8.190781468e-04	-3.776889562e-08
-8.177873760e-04	-3.758015496e-08
-8.165480922e-04	-3.739091100e-08
-8.153739860e-04	-3.720132080e-08
-8.142063771e-04	-3.701179289e-08
-8.130164022e-04	-3.682226981e-08
-8.117576429e-04	-3.663294294e-08
-8.106037956e-04	-3.644429081e-08
-8.093266417e-04	-3.625566292e-08
-8.080756006e-04	-3.606679257e-08
-8.068016833e-04	-3.587824003e-08
-8.056234664e-04	-3.568964259e-08
-8.044030631e-04	-3.550202190e-08
-8.031457164e-04	-3.531280981e-08
-8.020714112e-04	-3.512454571e-08
-8.009450390e-04	-3.493621454e-08
-7.998027706e-04	-3.474763053e-08
-7.984254494e-04	-3.455866506e-08
-7.972919502e-04	-3.437024159e-08
-7.961152884e-04	-3.418112667e-08
-7.949150941e-04	-3.398991415e-08
-7.937546807e-04	-3.380085227e-08
-7.926356905e-04	-3.360978487e-08
-7.914225075e-04	-3.342294054e-08
-7.902130103e-04	-3.323420602e-08
-7.889807086e-04	-3.304556823e-08
-7.878904835e-04	-3.285729631e-08
-7.866680908e-04	-3.266783238e-08
-7.855100726e-04	-3.248014134e-08
-7.843465992e-04	-3.229204327e-08
-7.831873932e-04	-3.210333678e-08
-7.820557205e-04	-3.191546052e-08
-7.809081540e-04	-3.172668559e-08
-7.798275578e-04	-3.153755847e-08
-7.787043726e-04	-3.134873158e-08
-7.774621251e-04	-3.115913377e-08
-7.762917565e-04	-3.096933747e-08
-7.750342292e-04	-3.077982077e-08
-7.739915615e-04	-3.059083791e-08
-7.729813561e-04	-3.040185568e-08
-7.717634318e-04	-3.021315113e-08
-7.707520546e-04	-3.002349957e-08
-7.696434846e-04	-2.983497068e-08
-7.684716195e-04	-2.964717190e-08
-7.673670197e-04	-2.945978893e-08
-7.662858652e-04	-2.927171864e-08
-7.652648860e-04	-2.908307094e-08
-7.640863957e-04	-2.889435094e-08
-7.629764516e-04	-2.870541805e-08
-7.618446133e-04	-2.851445776e-08
-7.606763039e-04	-2.832491595e-08
-7.595684444e-04	-2.813605283e-08
-7.585582044e-04	-2.794715523e-08
-7.574953626e-04	-2.775808861e-08
-7.564482732e-04	-2.756802827e-08
-7.552975770e-04	-2.737908062e-08
-7.542993802e-04	-2.719032259e-08
-7.531262234e-04	-2.700348670e-08
-7.522156537e-04	-2.681552726e-08
-7.510815895e-04	-2.662747251e-08
-7.500734239e-04	-2.643895586e-08
-7.488751142e-04	-2.625016152e-08
-7.479279097e-04	-2.606153250e-08
-7.468848969e-04	-2.587305794e-08
-7.458251698e-04	-2.568447040e-08
-7.447731399e-04	-2.549534655e-08
-7.438015617e-04	-2.530605620e-08
-7.427882063e-04	-2.511650339e-08
-7.418055123e-04	-2.492585558e-08
-7.407539304e-04	-2.473547496e-08
-7.397027264e-04	-2.454652737e-08
-7.386303192e-04	-2.435791927e-08
-7.376249529e-04	-2.417039657e-08
-7.366507322e-04	-2.398251364e-08
-7.356569806e-04	-2.379453896e-08
-7.347740509e-04	-2.360620199e-08
-7.338199952e-04	-2.341777336e-08
-7.326795633e-04	-2.322944527e-08
-7.318489185e-04	-2.304059869e-08
-7.309325413e-04	-2.285152058e-08
-7.298952061e-04	-2.266196518e-08
-7.289902203e-04	-2.247104632e-08
-7.280463325e-04	-2.228076011e-08
-7.270887906e-04	-2.209171030e-08
-7.260522371e-04	-2.190265751e-08
-7.250505670e-04	-2.171422654e-08
-7.241876701e-04	-2.152605237e-08
-7.231715158e-04	-2.133820030e-08
-7.223446889e-04	-2.115044267e-08
-7.213518233e-04	-2.096169825e-08
-7.203902994e-04	-2.077264032e-08
-7.193430668e-04	-2.058423016e-08
-7.185465347e-04	-2.039674199e-08
-7.175819640e-04	-2.020731216e-08
-7.167674014e-04	-2.001771796e-08
-7.158507635e-04	-1.982814337e-08
-7.148329509e-04	-1.963734578e-08
-7.139852840e-04	-1.944794252e-08
-7.130191610e-04	-1.925933670e-08
-7.122053111e-04	-1.907039271e-08
-7.112360237e-04	-1.888139743e-08
-7.103905268e-04	-1.869270365e-08
-7.094452053e-04	-1.850617958e-08
-7.085058442e-04	-1.831764290e-08
-7.077119911e-04	-1.813010408e-08
-7.067945945e-04	-1.794198837e-08
-7.059157792e-04	-1.775324800e-08
-7.050909288e-04	-1.756469566e-08
-7.041924733e-04	-1.737503636e-08
-7.032971120e-04	-1.718696953e-08
-7.024865438e-04	-1.699642580e-08
-7.016107496e-04	-1.680699782e-08
-7.007853693e-04	-1.661736637e-08
-6.998527883e-04	-1.642781827e-08
-6.990851525e-04	-1.623844501e-08
-6.982019153e-04	-1.604916771e-08
-6.974704567e-04	-1.586042971e-08
-6.965542777e-04	-1.567218158e-08
-6.958925826e-04	-1.548350598e-08
-6.949953361e-04	-1.529570808e-08
-6.941059592e-04	-1.510872162e-08
-6.932928566e-04	-1.492059863e-08
-6.925190223e-04	-1.473222155e-08
-6.918188760e-04	-1.454322629e-08
-6.909037914e-04	-1.435254705e-08
-6.901374224e-04	-1.416386814e-08
-6.894573669e-04	-1.397444620e-08
-6.886565434e-04	-1.378482391e-08
-6.878872337e-04	-1.359531864e-08
-6.871601372e-04	-1.340589379e-08
-6.863398024e-04	-1.321672366e-08
-6.856341919e-04	-1.302742377e-08
-6.848692950e-04	-1.283887643e-08
-6.841440328e-04	-1.265044919e-08
-6.833756368e-04	-1.246445325e-08
-6.826889689e-04	-1.227648269e-08
-6.818019047e-04	-1.208826180e-08
-6.812246348e-04	-1.189957499e-08
-6.803974266e-04	-1.170956627e-08
-6.797883810e-04	-1.152067219e-08
-6.789923582e-04	-1.133162700e-08
-6.783575929e-04	-1.114221429e-08
-6.776257279e-04	-1.095276362e-08
-6.769668911e-04	-1.076314058e-08
-6.763725062e-04	-1.057390424e-08
-6.756070132e-04	-1.038457833e-08
-6.748626458e-04	-1.019536288e-08
-6.741061883e-04	-1.000630298e-08
-6.734645822e-04	-9.817979386e-09
-6.729109138e-04	-9.629230825e-09
-6.723218510e-04	-9.440757066e-09
-6.716292070e-04	-9.251775985e-09
-6.710816086e-04	-9.062880414e-09
-6.703816393e-04	-8.874963720e-09
-6.696146202e-04	-8.688099420e-09
-6.690344006e-04	-8.499548295e-09
-6.683679884e-04	-8.310867570e-09
-6.678718521e-04	-8.122105044e-09
-6.672101111e-04	-7.932185652e-09
-6.665276703e-04	-7.742665763e-09
-6.661078091e-04	-7.551974801e-09
-6.654774071e-04	-7.363006974e-09
-6.649869134e-04	-7.174255469e-09
-6.642380646e-04	-6.985772513e-09
-6.636490028e-04	-6.797117015e-09
-6.632283809e-04	-6.609536635e-09
-6.626321016e-04	-6.420245383e-09
-6.619495788e-04	-6.232456303e-09
-6.613015740e-04	-6.044278441e-09
-6.608261224e-04	-5.855926699e-09
-6.601665605e-04	-5.667146548e-09
-6.596844460e-04	-5.478426674e-09
-6.591855137e-04	-5.289588298e-09
-6.585863662e-04	-5.100352777e-09
-6.580360044e-04	-4.910874487e-09
-6.574845506e-04	-4.721274686e-09
-6.568862451e-04	-4.531611880e-09
-6.563499178e-04	-4.349471714e-09
-6.557874414e-04	-4.174496396e-09
-6.551756699e-04	-4.007654064e-09
-6.546507916e-04	-3.847745351e-09
-6.543579797e-04	-3.693651260e-09
-6.537959773e-04	-3.547839002e-09
-6.531790130e-04	-3.407354913e-09
-6.527949340e-04	-3.270789018e-09
-6.521513988e-04	-3.141526187e-09
-6.516448084e-04	-3.014863301e-09
-6.511535943e-04	-2.895329558e-09
-6.506832142e-04	-2.778551763e-09
-6.501318925e-04	-2.667326133e-09
-6.496098221e-04	-2.560191242e-09
-6.490554064e-04	-2.457092229e-09
-6.485983025e-04	-2.358979138e-09
-6.479143827e-04	-2.264483968e-09
-6.473847286e-04	-2.173045974e-09
-6.469416601e-04	-2.084744123e-09
-6.463129365e-04	-2.000946570e-09
-6.458387767e-04	-1.921677948e-09
-6.452461841e-04	-1.843809415e-09
-6.446588040e-04	-1.770511296e-09
-6.440852691e-04	-1.700289450e-09
-6.435268476e-04	-1.635684913e-09
-6.429510977e-04	-1.569871755e-09
-6.423022031e-04	-1.507632162e-09
-6.415781743e-04	-1.446174580e-09
-6.411138758e-04	-1.386556663e-09
-6.402586124e-04	-1.329860047e-09
-6.395814364e-04	-1.275950553e-09
-6.389914140e-04	-1.225616800e-09
-6.383831284e-04	-1.179719791e-09
-6.375984103e-04	-1.132894559e-09
-6.369202762e-04	-1.088647304e-09
-6.361441078e-04	-1.045496496e-09
-6.354984237e-04	-1.003784573e-09
-6.347777963e-04	-9.631722016e-10
-6.339004379e-04	-9.238420324e-10
-6.331592440e-04	-8.870924598e-10
-6.322452508e-04	-8.501283903e-10
-6.313542279e-04	-8.135308584e-10
-6.306513313e-04	-7.817982011e-10
-6.297128852e-04	-7.499802869e-10
-6.287404786e-04	-7.198902144e-10
-6.279228727e-04	-6.935201675e-10
-6.270455145e-04	-6.670398210e-10
-6.258995479e-04	-6.403889860e-10
-6.249456433e-04	-6.163130221e-10
-6.240402069e-04	-5.916872737e-10
-6.228300931e-04	-5.666510809e-10
-6.218163220e-04	-5.454301098e-10
-6.206820904e-04	-5.214801855e-10
-6.195292626e-04	-5.006775491e-10
-6.181571208e-04	-4.796375661e-10
-6.169758440e-04	-4.596553529e-10
-6.156088345e-04	-4.404885970e-10
-6.144463942e-04	-4.231169594e-10
-6.132432382e-04	-4.060802870e-10
-6.118666383e-04	-3.908874271e-10
-6.105872227e-04	-3.757737249e-10
-6.092637724e-04	-3.609981226e-10
-6.077267803e-04	-3.471792876e-10
-6.064492500e-04	-3.342304774e-10
-6.047776574e-04	-3.202797397e-10
-6.033986891e-04	-3.095695315e-10
-6.016688286e-04	-2.967039423e-10
-6.001025012e-04	-2.851588877e-10
-5.982753882e-04	-2.735211173e-10
-5.965593515e-04	-2.632056918e-10
-5.945282392e-04	-2.510605573e-10
-5.925588101e-04	-2.400644459e-10
-5.909483689e-04	-2.316935203e-10
-5.883815674e-04	-2.203013768e-10
-5.863098969e-04	-2.110492313e-10
-5.840562388e-04	-2.019313623e-10
-5.820338984e-04	-1.944509208e-10
-5.795143543e-04	-1.857883347e-10
-5.769082279e-04	-1.784584668e-10
-5.745646288e-04	-1.714886743e-10
-5.719342045e-04	-1.647891897e-10
-5.698514490e-04	-1.616037010e-10
-5.670268532e-04	-1.549483201e-10
-5.647238608e-04	-1.493513531e-10
-5.616906529e-04	-1.435440682e-10
-5.589788350e-04	-1.377731416e-10
-5.558897537e-04	-1.320784860e-10
-5.536382278e-04	-1.279067903e-10
-5.498616691e-04	-1.221508806e-10
-5.470766486e-04	-1.177326799e-10
-5.439841410e-04	-1.126837230e-10
-5.404742245e-04	-1.074275711e-10
-5.366840371e-04	-1.015334030e-10
-5.322191375e-04	-9.634181404e-11
-5.278586177e-04	-9.191960994e-11
-5.234006059e-04	-8.797812983e-11
-5.199445002e-04	-8.581686270e-11
-5.168939981e-04	-8.389614438e-11
-5.114309157e-04	-8.041621598e-11
-5.077564590e-04	-7.806008665e-11
-5.035910333e-04	-7.530692756e-11
-4.998190156e-04	-7.302158104e-11
-4.958607193e-04	-6.928593480e-11
-4.911689848e-04	-6.555473927e-11
-4.858775160e-04	-6.173243833e-11
-4.828666976e-04	-6.027163506e-11
-4.773265718e-04	-5.665558790e-11
-4.713591874e-04	-5.335058401e-11
-4.675307264e-04	-5.187561804e-11
-4.609885026e-04	-4.888790821e-11
-4.562835592e-04	-4.777234317e-11
-4.522927981e-04	-4.710647038e-11
-4.450573760e-04	-4.537740491e-11
-4.406051610e-04	-4.456724709e-11
-4.362040680e-04	-4.364803431e-11
-4.318230981e-04	-4.262483885e-11
-4.270797419e-04	-4.128761866e-11
-4.186395622e-04	-3.856675077e-11
-4.126826427e-04	-3.712468108e-11
-4.064682561e-04	-3.564751311e-11
-4.047554900e-04	-3.564714122e-11
-4.002451361e-04	-3.374256463e-11
-3.946331460e-04	-3.145948409e-11
-3.884052110e-04	-2.917387746e-11
-3.819782684e-04	-2.688634840e-11
-3.746269590e-04	-2.486815336e-11
-3.714695727e-04	-2.404962705e-11
-3.654092120e-04	-2.240714770e-11
-3.582603136e-04	-2.098715186e-11
-3.550638685e-04	-2.120560867e-11
-3.492712193e-04	-1.998234807e-11
-3.414528970e-04	-1.926626835e-11
-3.373589675e-04	-2.029114636e-11
-3.314143189e-04	-2.135501901e-11
-3.282686137e-04	-2.158715703e-11
-3.218354606e-04	-2.019682320e-11
-3.183509566e-04	-2.017231924e-11
-3.117097035e-04	-1.855369866e-11
-3.079472261e-04	-1.821580957e-11
-3.007964681e-04	-1.603117598e-11
-2.963912600e-04	-1.510538371e-11
-2.941785521e-04	-1.406431913e-11
-2.870297259e-04	-1.178381535e-11
-2.823553532e-04	-1.129056479e-11
-2.741214261e-04	-9.743595758e-12
-2.687295301e-04	-9.571487021e-12
-2.656827384e-04	-9.494697832e-12
-2.581186222e-04	-8.202082000e-12
-2.528200354e-04	-8.400631030e-12
-2.495372769e-04	-8.720511397e-12
-2.417424594e-04	-9.005868509e-12
-2.361209529e-04	-9.030551539e-12
-2.326764884e-04	-9.108794404e-12
-2.243367469e-04	-8.661001480e-12
-2.185216356e-04	-9.342052451e-12
-2.147107894e-04	-9.823082572e-12
-2.118923667e-04	-9.967440947e-12
-2.042086092e-04	-8.583662098e-12
-1.982977971e-04	-8.487711366e-12
-1.935807894e-04	-8.216888244e-12
-1.844241293e-04	-6.433557315e-12
-1.766265640e-04	-5.554514738e-12
-1.712486071e-04	-5.589625749e-12
-1.614512197e-04	-3.160633435e-12
-1.529608574e-04	-2.167711891e-12
-1.466590076e-04	-1.462874506e-12
-1.350649707e-04	3.858232447e-13
-1.253337460e-04	3.629642789e-13
-1.182661356e-04	4.305749842e-13
-1.051998360e-04	2.065807050e-12
-9.385762307e-05	2.057550058e-12
-8.445436434e-05	1.875774716e-12
-7.080158944e-05	2.763686597e-12
-5.899714035e-05	1.898800936e-12
-4.770533866e-05	8.126502060e-13
-3.334360851e-05	1.348080663e-12
-2.088530988e-05	7.662074144e-13
-1.047436265e-05	3.299934703e-13
4.437717979e-06	1.733278148e-12
1.780848084e-05	1.744126265e-12
2.862371605e-05	1.806735027e-12
4.447628299e-05	3.482785444e-12
5.782640975e-05	4.144712297e-12
6.892637412e-05	4.964134000e-12
8.405248020e-05	6.346750027e-12
9.690705371e-05	7.367008115e-12
1.075296111e-04	8.309679988e-12
1.224975173e-04	1.033959547e-11
1.346546942e-04	1.059564946e-11
1.439288971e-04	1.062462540e-11
1.577008541e-04	1.225476653e-11
1.692272728e-04	1.225481573e-11
1.778753370e-04	1.197070812e-11
1.904741150e-04	1.260487783e-11
2.000750048e-04	1.169280247e-11
2.067676661e-04	1.063403812e-11
2.174452547e-04	1.214653351e-11
2.248821171e-04	1.128474583e-11
2.300453593e-04	1.072977799e-11
2.392820617e-04	1.188788808e-11
2.456591619e-04	1.179922374e-11
2.491216418e-04	1.212622915e-11
2.574827880e-04	1.714242508e-11
2.631405183e-04	1.773366166e-11
2.723944418e-04	1.937880767e-11
2.786281002e-04	1.949030506e-11
2.877089016e-04	2.095039702e-11
2.932382775e-04	2.074653582e-11
3.015631526e-04	2.113642144e-11
3.066601374e-04	2.022256425e-11
3.141801250e-04	2.164285772e-11
3.183035657e-04	2.063527258e-11
3.251165774e-04	2.120652577e-11
3.332094233e-04	2.186242269e-11
3.374527098e-04	2.320163356e-11
3.441264032e-04	2.556725828e-11
3.516149805e-04	2.698745216e-11
3.603937580e-04	2.948109908e-11
3.640182216e-04	3.016204387e-11
3.704111942e-04	3.216508797e-11
3.774465881e-04	3.375442220e-11
3.845761902e-04	3.532985386e-11
3.916340237e-04	3.668793461e-11
3.981678669e-04	3.790583824e-11
4.045711037e-04	3.880899483e-11
4.109195926e-04	3.956264240e-11
4.162734171e-04	4.008168329e-11
4.216703625e-04	4.045143302e-11
4.269450314e-04	4.126306712e-11
4.315889303e-04	4.228352338e-11
4.394249368e-04	4.514330738e-11
4.445066078e-04	4.652622531e-11
4.484491626e-04	4.796767137e-11
4.555973145e-04	5.111819927e-11
4.596387951e-04	5.295475025e-11
4.659871890e-04	5.663540212e-11
4.696538830e-04	5.897414140e-11
4.757129731e-04	6.286705266e-11
4.817052134e-04	6.645045760e-11
4.848460093e-04	6.821439289e-11
4.898625262e-04	7.114521398e-11
4.949593100e-04	7.411388642e-11
4.998345164e-04	7.698742011e-11
5.043921387e-04	7.959995658e-11
5.101167425e-04	8.395689044e-11
5.142190044e-04	8.440257609e-11
5.174696152e-04	8.644994578e-11
5.219200309e-04	9.008898068e-11
5.248196212e-04	9.276571429e-11
5.288808595e-04	9.696848261e-11
5.313836300e-04	9.974668415e-11
5.348127686e-04	1.041769267e-10
5.383726218e-04	1.087377221e-10
5.416585431e-04	1.135524819e-10
5.457242974e-04	1.211960512e-10
5.488146596e-04	1.264485055e-10
5.521134763e-04	1.317561816e-10
5.556885149e-04	1.374867219e-10
5.589210719e-04	1.428899525e-10
5.616737835e-04	1.481508787e-10
5.644613655e-04	1.530375544e-10
5.666933104e-04	1.578020757e-10
5.689070265e-04	1.625167050e-10
5.716541544e-04	1.691673713e-10
5.739482197e-04	1.761686881e-10
5.762853691e-04	1.833915914e-10
5.783936552e-04	1.911836143e-10
5.805047258e-04	1.989670339e-10
5.827483464e-04	2.075709385e-10
5.852300313e-04	2.171519076e-10
5.870516899e-04	2.267622417e-10
5.893410864e-04	2.368367346e-10
5.914360235e-04	2.455241515e-10
5.930688577e-04	2.553681267e-10
5.949894656e-04	2.652617648e-10
5.967874078e-04	2.761365124e-10
5.982510065e-04	2.852438168e-10
5.997713894e-04	2.958095628e-10
6.013058923e-04	3.065588908e-10
6.028940626e-04	3.196214381e-10
6.044181939e-04	3.326170303e-10
6.058575409e-04	3.450705542e-10
6.071773871e-04	3.593131371e-10
6.085906125e-04	3.736096376e-10
6.098590762e-04	3.880501379e-10
6.111858680e-04	4.040343654e-10
6.123846734e-04	4.203236995e-10
6.136763599e-04	4.381918472e-10
6.149915127e-04	4.564047441e-10
6.162785864e-04	4.762339844e-10
6.175410895e-04	4.960665955e-10
6.187365304e-04	5.164152480e-10
6.198178165e-04	5.365936107e-10
6.208344317e-04	5.582136469e-10
6.218699660e-04	5.810189685e-10
6.227099519e-04	6.036133534e-10
6.235473054e-04	6.259211763e-10
6.245824831e-04	6.509028803e-10
6.255512740e-04	6.759468040e-10
6.264458408e-04	7.027096620e-10
6.273917794e-04	7.296044044e-10
6.282597494e-04	7.581341428e-10
6.291294862e-04	7.897962570e-10
6.298496044e-04	8.215011947e-10
6.306508081e-04	8.532595488e-10
6.315195953e-04	8.881301552e-10
6.323048558e-04	9.246553503e-10
6.330286250e-04	9.648076941e-10
6.337730052e-04	1.003228467e-09
6.346001657e-04	1.043531885e-09
6.353773791e-04	1.085095833e-09
6.359471454e-04	1.127786676e-09
6.365672251e-04	1.171642890e-09
6.372527691e-04	1.218233802e-09
6.379685246e-04	1.266286580e-09
6.386012164e-04	1.316101729e-09
6.392397392e-04	1.369445974e-09
6.397831800e-04	1.423688274e-09
6.404465463e-04	1.480038380e-09
6.411429818e-04	1.539123641e-09
6.416917100e-04	1.600971382e-09
6.422519074e-04	1.665934862e-09
6.428072254e-04	1.732531767e-09
6.433474288e-04	1.802299085e-09
6.439891753e-04	1.875132471e-09
6.444504055e-04	1.951031371e-09
6.449413260e-04	2.031727738e-09
6.455638124e-04	2.112773400e-09
6.461412221e-04	2.197863655e-09
6.465829764e-04	2.284186776e-09
6.470795990e-04	2.376185273e-09
6.476321878e-04	2.471218675e-09
6.481720854e-04	2.568561587e-09
6.487105576e-04	2.671387192e-09
6.491133155e-04	2.776877538e-09
6.496000891e-04	2.886979736e-09
6.500639718e-04	3.001716977e-09
6.506863401e-04	3.121102485e-09
6.510372662e-04	3.246444435e-09
6.514927601e-04	3.375986729e-09
6.520161329e-04	3.511473381e-09
6.525926290e-04	3.652926378e-09
6.531083810e-04	3.801748794e-09
6.535488307e-04	3.955470738e-09
6.541594407e-04	4.113957958e-09
6.545194696e-04	4.277088935e-09
6.550862714e-04	4.446440215e-09
6.556867599e-04	4.622280358e-09
6.564092243e-04	4.806707218e-09
6.569750908e-04	4.995512757e-09
6.574851060e-04	5.184398921e-09
6.580252978e-04	5.373767074e-09
6.585589482e-04	5.564845708e-09
6.593030334e-04	5.754565456e-09
6.598454051e-04	5.944165753e-09
6.604809994e-04	6.132856912e-09
6.608699497e-04	6.322131212e-09
6.614932076e-04	6.511186441e-09
6.620648828e-04	6.699786567e-09
6.625586224e-04	6.888483009e-09
6.632240030e-04	7.076797895e-09
6.638106245e-04	7.264818740e-09
6.644942117e-04	7.452947095e-09
6.649154137e-04	7.640764815e-09
6.656345248e-04	7.828592258e-09
6.662203007e-04	8.016732413e-09
6.667503483e-04	8.206540374e-09
6.673549724e-04	8.395538364e-09
6.679155982e-04	8.584471706e-09
6.685165598e-04	8.773980437e-09
6.691169512e-04	8.963621238e-09
6.698291904e-04	9.153265737e-09
6.705111991e-04	9.343209490e-09
6.711650847e-04	9.532316752e-09
6.718120120e-04	9.720406045e-09
6.724843981e-04	9.908414316e-09
6.731337906e-04	1.009618827e-08
6.736850428e-04	1.028388516e-08
6.743476135e-04	1.047146248e-08
6.750528442e-04	1.066161152e-08
6.756168381e-04	1.085047122e-08
6.763198756e-04	1.103925937e-08
6.770837791e-04	1.123089103e-08
6.776558657e-04	1.142033327e-08
6.785350502e-04	1.160906386e-08
6.791954765e-04	1.179776095e-08
6.799397994e-04	1.198709645e-08
6.804949383e-04	1.217609501e-08
6.813373173e-04	1.236463137e-08
6.820941087e-04	1.255325298e-08
6.828390345e-04	1.274162802e-08
6.835737325e-04	1.292950959e-08
6.842741843e-04	1.311733255e-08
6.850638197e-04	1.330674373e-08
6.859148042e-04	1.349480466e-08
6.866310828e-04	1.368306360e-08
6.874839526e-04	1.387170097e-08
6.882455335e-04	1.406090675e-08
6.889933735e-04	1.425052983e-08
6.898212934e-04	1.444007180e-08
6.906615036e-04	1.463045550e-08
6.915152055e-04	1.481917870e-08
6.922946803e-04	1.500790391e-08
6.930333602e-04	1.519709057e-08
6.938350730e-04	1.538600713e-08
6.946734701e-04	1.557464878e-08
6.954834211e-04	1.576332445e-08
6.963384957e-04	1.595314216e-08
6.971395911e-04	1.614149950e-08
6.978901599e-04	1.632960958e-08
6.987583912e-04	1.651752945e-08
6.995811531e-04	1.670533384e-08
7.004072373e-04	1.689326323e-08
7.012109889e-04	1.708151756e-08
7.020572205e-04	1.727015287e-08
7.028130857e-04	1.745862982e-08
7.037892833e-04	1.764745904e-08
7.047394290e-04	1.783621184e-08
7.055280217e-04	1.802506365e-08
7.063862137e-04	1.821374561e-08
7.073072607e-04	1.840307563e-08
7.080833937e-04	1.859393078e-08
7.088263647e-04	1.878365931e-08
7.098073056e-04	1.897326604e-08
7.108063437e-04	1.916276628e-08
7.116726897e-04	1.935235699e-08
7.126012754e-04	1.954112969e-08
7.134855187e-04	1.972962482e-08
7.143393847e-04	1.991759843e-08
7.154186664e-04	2.010559012e-08
7.163558214e-04	2.029328335e-08
7.172741077e-04	2.048097246e-08
7.181249982e-04	2.066908896e-08
7.190850402e-04	2.085733848e-08
7.200258226e-04	2.104563966e-08
7.211495162e-04	2.123600954e-08
7.221061004e-04	2.142479021e-08
7.230728622e-04	2.161385697e-08
7.240300838e-04	2.180484177e-08
7.249749914e-04	2.199446270e-08
7.259627696e-04	2.218414846e-08
7.269246383e-04	2.237330410e-08
7.280368706e-04	2.256203044e-08
7.290089801e-04	2.275086760e-08
7.299032393e-04	2.293912193e-08
7.309795583e-04	2.312718644e-08
7.319143664e-04	2.331518200e-08
7.330430048e-04	2.350135683e-08
7.338697979e-04	2.368987956e-08
7.348795753e-04	2.388001414e-08
7.360401778e-04	2.406861821e-08
7.371187161e-04	2.425742336e-08
7.380276368e-04	2.444551420e-08
7.391885006e-04	2.463471364e-08
7.401008596e-04	2.482416860e-08
7.412053783e-04	2.501399648e-08
7.422050224e-04	2.520401170e-08
7.430354749e-04	2.539471385e-08
7.441479586e-04	2.558335037e-08
7.451365540e-04	2.577200387e-08
7.462539682e-04	2.596036552e-08
7.472553882e-04	2.614586788e-08
7.482844735e-04	2.633381775e-08
7.494083121e-04	2.652368006e-08
7.504167377e-04	2.671231360e-08
7.514072772e-04	2.690092384e-08
7.525313632e-04	2.708980712e-08
7.535508839e-04	2.727822206e-08
7.545278043e-04	2.746772366e-08
7.555786759e-04	2.765755497e-08
7.567355574e-04	2.784754487e-08
7.577645596e-04	2.803721788e-08
7.587273646e-04	2.822668255e-08
7.597985744e-04	2.841563469e-08
7.610083951e-04	2.860431700e-08
7.620121257e-04	2.879286048e-08
7.632136216e-04	2.898118394e-08
7.643326241e-04	2.917057380e-08
7.654835911e-04	2.935829056e-08
7.664772615e-04	2.954599771e-08
7.675949107e-04	2.973469086e-08
7.687369524e-04	2.992279531e-08
7.699264661e-04	3.011113510e-08
7.711397219e-04	3.029983512e-08
7.721519648e-04	3.048838862e-08
7.732487176e-04	3.067696158e-08
7.744515770e-04	3.086591717e-08
7.754777116e-04	3.105540896e-08
7.766622104e-04	3.124495717e-08
7.778343964e-04	3.143431865e-08
7.789412698e-04	3.162400901e-08
7.801302742e-04	3.181460952e-08
7.812092967e-04	3.200380679e-08
7.823639855e-04	3.219285998e-08
7.836287167e-04	3.238153350e-08
7.846953892e-04	3.257032777e-08
7.858324174e-04	3.275889452e-08
7.869419597e-04	3.294688962e-08
7.881692257e-04	3.313507504e-08
7.892834959e-04	3.332271584e-08
7.903340950e-04	3.351067676e-08
7.915902088e-04	3.369846558e-08
7.927398128e-04	3.388671739e-08
7.939695096e-04	3.407570206e-08
7.951655062e-04	3.426590876e-08
7.963695379e-04	3.445520549e-08
7.976945317e-04	3.464465138e-08
7.986791891e-04	3.483446427e-08
7.999267606e-04	3.502386533e-08
8.009871256e-04	3.521315388e-08
8.022754669e-04	3.540219965e-08
8.034099825e-04	3.559144253e-08
8.046005288e-04	3.578019730e-08
8.057858577e-04	3.596841423e-08
8.070254851e-04	3.615614170e-08
8.082299093e-04	3.634394219e-08
8.092959510e-04	3.653172100e-08
8.105098133e-04	3.671986208e-08
8.118916007e-04	3.691040061e-08
8.131707934e-04	3.709845029e-08
8.144432883e-04	3.728714918e-08
8.156421766e-04	3.747656766e-08
8.170149707e-04	3.766381706e-08
8.182291387e-04	3.785477057e-08
8.194919612e-04	3.804455370e-08
8.206902580e-04	3.823400091e-08
8.219196678e-04	3.842329837e-08
8.232089108e-04	3.861256563e-08
8.244839668e-04	3.879946439e-08
8.257541972e-04	3.898944131e-08
8.269811404e-04	3.917724153e-08
8.284031959e-04	3.936369332e-08
8.295454872e-04	3.955348048e-08
8.306631024e-04	3.974178388e-08
8.320543500e-04	3.993066174e-08
8.332578606e-04	4.011942537e-08
8.346149744e-04	4.030911929e-08
8.358346993e-04	4.050067930e-08
8.371714141e-04	4.068921445e-08
8.383346858e-04	4.087609726e-08
8.396643688e-04	4.106754226e-08
8.409563153e-04	4.125587675e-08
8.420818002e-04	4.144382143e-08
8.434018141e-04	4.163254504e-08
8.447461723e-04	4.182032114e-08
8.459187463e-04	4.200825394e-08
8.472257337e-04	4.219730277e-08
8.486431888e-04	4.238504712e-08