-7.815869861E-4	-4.05219319611E-8
-7.743665501E-4	-3.84967063611E-8
-7.67616251E-4	-3.65724011811E-8
-7.614143198E-4	-3.47448262111E-8
-7.55619613E-4	-3.30085946211E-8
-7.502274008E-4	-3.13589981011E-8
-7.451992198E-4	-2.97914754111E-8
-7.407118893E-4	-2.83023133111E-8
-7.36456782E-4	-2.68871820011E-8
-7.325883309E-4	-2.55433238811E-8
-7.288980481E-4	-2.42678397911E-8
-7.25437181E-4	-2.30544642211E-8
-7.222542004E-4	-2.19018009411E-8
-7.19284797E-4	-2.08073708311E-8
-7.165799427E-4	-1.97677375711E-8
-7.140119857E-4	-1.87798777111E-8
-7.116921886E-4	-1.78414604111E-8
-7.095153394E-4	-1.69492996111E-8
-7.074975152E-4	-1.61030281211E-8
-7.057207888E-4	-1.52977818411E-8
-7.038631391E-4	-1.45343345611E-8
-7.021175078E-4	-1.38070538411E-8
-7.005563652E-4	-1.31170747011E-8
-6.991191956E-4	-1.24621577211E-8
-6.976526986E-4	-1.18401419711E-8
-6.96291821E-4	-1.12487093311E-8
-6.948841111E-4	-1.06863120311E-8
-6.93644138E-4	-1.01525156311E-8
-6.923839678E-4	-9.6449679461E-9
-6.912594556E-4	-9.1635453901E-9
-6.901205523E-4	-8.7049301701E-9
-6.890463769E-4	-8.2712992381E-9
-6.879330297E-4	-7.8578798191E-9
-6.868142842E-4	-7.4660441441E-9
-6.857653446E-4	-7.0927134941E-9
-6.847363183E-4	-6.7384912511E-9
-6.836761042E-4	-6.4016195041E-9
-6.826216088E-4	-6.0819064961E-9
-6.816007771E-4	-5.7784277571E-9
-6.806115858E-4	-5.4907204561E-9
-6.795753176E-4	-5.2159629971E-9
-6.786104038E-4	-4.9557121581E-9
-6.775265668E-4	-4.7085166151E-9
-6.765108807E-4	-4.4742940991E-9
-6.754161176E-4	-4.2513076471E-9
-6.743760668E-4	-4.0387966701E-9
-6.732325575E-4	-3.8377735161E-9
-6.720252027E-4	-3.6455456531E-9
-6.70896804E-4	-3.4647741021E-9
-6.697810653E-4	-3.2913006691E-9
-6.685335917E-4	-3.1279185961E-9
-6.673780181E-4	-2.9717983021E-9
-6.660896838E-4	-2.8242337781E-9
-6.648111038E-4	-2.6824979341E-9
-6.635404064E-4	-2.5495187331E-9
-6.622264569E-4	-2.4222778731E-9
-6.607841615E-4	-2.3022448051E-9
-6.592748956E-4	-2.1866356471E-9
-6.577361898E-4	-2.0782047071E-9
-6.56279447E-4	-1.9755141701E-9
-6.546609363E-4	-1.8772133211E-9
-6.528618518E-4	-1.7832414021E-9
-6.511387108E-4	-1.6950736511E-9
-6.49451344E-4	-1.6111209731E-9
-6.475519624E-4	-1.5301898991E-9
-6.456267633E-4	-1.4547685541E-9
-6.435684185E-4	-1.3824294921E-9
-6.413542494E-4	-1.3130504721E-9
-6.390674584E-4	-1.2479599431E-9
-6.367551394E-4	-1.1858116291E-9
-6.343743407E-4	-1.1279409811E-9
-6.318206738E-4	-1.0715668671E-9
-6.2914839E-4	-1.0180763811E-9
-6.264632775E-4	-9.689181201E-10
-6.235249243E-4	-9.197385011E-10
-6.205842779E-4	-8.749218861E-10
-6.174568386E-4	-8.315676221E-10
-6.141808366E-4	-7.910697681E-10
-6.108501898E-4	-7.520011391E-10
-6.070959941E-4	-7.145243256E-10
-6.036768167E-4	-6.798587933E-10
-5.99887954E-4	-6.465952155E-10
-5.959846702E-4	-6.147973219E-10
-5.917710249E-4	-5.844467521E-10
-5.874399093E-4	-5.554476512E-10
-5.828869572E-4	-5.279791864E-10
-5.781147963E-4	-5.019331388E-10
-5.733062879E-4	-4.773199705E-10
-5.684161114E-4	-4.542115568E-10
-5.633187651E-4	-4.325610454E-10
-5.577361938E-4	-4.109048112E-10
-5.521288167E-4	-3.906613528E-10
-5.465792121E-4	-3.719154783E-10
-5.408287832E-4	-3.546156516E-10
-5.348827541E-4	-3.371928458E-10
-5.282493857E-4	-3.198386688E-10
-5.222048581E-4	-3.054164684E-10
-5.151781592E-4	-2.893906056E-10
-5.087368613E-4	-2.7642519E-10
-5.02215517E-4	-2.63456387E-10
-4.950586624E-4	-2.503942287E-10
-4.880156641E-4	-2.388131319E-10
-4.809351662E-4	-2.27261294E-10
-4.732672607E-4	-2.157095447E-10
-4.657183008E-4	-2.055731439E-10
-4.580438924E-4	-1.954240301E-10
-4.505991891E-4	-1.867440431E-10
-4.429037546E-4	-1.780640241E-10
-4.351360017E-4	-1.694423787E-10
-4.277677928E-4	-1.621832083E-10
-4.197488956E-4	-1.535044247E-10
-4.115139453E-4	-1.462751825E-10
-4.039458506E-4	-1.404567853E-10
-3.958896589E-4	-1.332605211E-10
-3.883596708E-4	-1.274532756E-10
-3.807143118E-4	-1.216882479E-10
-3.729906626E-4	-1.159059848E-10
-3.650485604E-4	-1.101435122E-10
-3.57606836E-4	-1.057501907E-10
-3.504444368E-4	-1.014496685E-10
-3.424125872E-4	-9.57024437E-11
-3.345366603E-4	-9.13130567E-11
-3.275134489E-4	-8.84445189E-11
-3.203881081E-4	-8.40886774E-11
-3.127298023E-4	-7.97481084E-11
-3.058784896E-4	-7.69055977E-11
-2.993909411E-4	-7.4016373E-11
-2.929786307E-4	-7.1103413E-11
-2.85644375E-4	-6.67600008E-11
-2.784270836E-4	-6.38634236E-11
-2.719057477E-4	-6.24008388E-11
-2.65642208E-4	-5.94909955E-11
-2.5922693E-4	-5.66029858E-11
-2.533268706E-4	-5.51898709E-11
-2.472795693E-4	-5.22824534E-11
-2.415053883E-4	-5.08034014E-11
-2.350832338E-4	-4.7931191E-11
-2.291667991E-4	-4.65153187E-11
-2.236100173E-4	-4.50320717E-11
-2.175623001E-4	-4.21186985E-11
-2.112989542E-4	-4.07070357E-11
-2.055257203E-4	-3.9283712E-11
-1.999626942E-4	-3.77811197E-11
-1.944152198E-4	-3.63543998E-11
-1.889313633E-4	-3.48896367E-11
-1.834682576E-4	-3.34774618E-11
-1.789837318E-4	-3.34871847E-11
-1.745783869E-4	-3.20506968E-11
-1.696083157E-4	-3.0585618E-11
-1.647012358E-4	-2.91530166E-11
-1.59548084E-4	-2.77105177E-11
-1.55001528E-4	-2.77158273E-11
-1.501710267E-4	-2.62847451E-11
-1.450321734E-4	-2.48492292E-11
-1.395875701E-4	-2.33672889E-11
-1.337875182E-4	-2.19024211E-11
-1.276468359E-4	-2.04919675E-11
-1.223802212E-4	-2.04356602E-11
-1.169382709E-4	-1.90140549E-11
-1.111517277E-4	-1.75313114E-11
-1.050019263E-4	-1.61158858E-11
-9.838048727E-5	-1.46575062E-11
-9.243792877E-5	-1.46568616E-11
-8.622017602E-5	-1.32130924E-11
-7.981213159E-5	-1.17626227E-11
-7.278582889E-5	-1.01711729E-11
-6.512883265E-5	-8.68490809999996E-12
-5.729467692E-5	-7.21743129999998E-12
-5.000647796E-5	-7.2314001E-12
-4.25145713E-5	-5.76160820000001E-12
-3.474490184E-5	-4.33303159999998E-12
-2.680685766E-5	-2.89453139999998E-12
-1.841583305E-5	-1.44485020000001E-12
-1.073305299E-5	-1.44229220000002E-12
-2.962897359E-6	0
5.308082798E-6	1.45724609999997E-12
1.390022408E-5	2.91889679999998E-12
2.328651009E-5	4.37246729999997E-12
3.282207254E-5	5.8055489E-12
4.122613659E-5	5.81593519999999E-12
4.967142105E-5	7.56919019999998E-12
5.856262102E-5	8.73337540000001E-12
6.762890092E-5	1.01679019E-11
7.667030469E-5	1.15839488E-11
8.508379706E-5	1.16028168E-11
9.275456621E-5	1.29834528E-11
1.007151063E-4	1.44536739E-11
1.088990509E-4	1.58869097E-11
1.171267957E-4	1.73683276E-11
1.251273056E-4	1.87988584E-11
1.332787696E-4	2.02401699E-11
1.41554915E-4	2.17069482E-11
1.492790981E-4	2.31321622E-11
1.56769965E-4	2.45817167E-11
1.646710491E-4	2.6029189E-11
1.726733435E-4	2.89533953E-11
1.807634856E-4	3.04034286E-11
1.882246371E-4	3.18416291E-11
1.963575789E-4	3.47326639E-11
2.040539521E-4	3.61587029E-11
2.119946069E-4	3.90495165E-11
2.203147042E-4	4.19453036E-11
2.280521854E-4	4.34250104E-11
2.357660465E-4	4.62967479E-11
2.438981397E-4	4.91882338E-11
2.518528232E-4	5.20771078E-11
2.597776818E-4	5.50112349E-11
2.684682288E-4	5.92765892E-11
2.76955706E-4	6.21900585E-11
2.857446418E-4	6.65256205E-11
2.940958287E-4	6.94125243E-11
3.024574077E-4	7.3758109E-11
3.110638165E-4	7.81244009E-11
3.200107489E-4	8.23885941E-11
3.282726717E-4	8.67710127E-11
3.36409649E-4	9.11177396E-11
3.45257816E-4	9.68916142E-11
3.547058539E-4	1.02683542E-10
3.628797576E-4	1.069960599E-10
3.719322927E-4	1.142567871E-10
3.808466124E-4	1.200285111E-10
3.892044763E-4	1.258272444E-10
3.980080675E-4	1.330099007E-10
4.068168856E-4	1.402123257E-10
4.155330759E-4	1.474083774E-10
4.243793994E-4	1.560866358E-10
4.325947062E-4	1.6336374292E-10
4.408941483E-4	1.7207913934E-10
4.499508706E-4	1.822269465E-10
4.582363684E-4	1.9092118457E-10
4.660081371E-4	2.0102539746E-10
4.746203996E-4	2.126179865E-10
4.820623938E-4	2.2272019429E-10
4.89636272E-4	2.3430234747E-10
4.97458948E-4	2.472864187E-10
5.048277049E-4	2.60320378881E-10
5.118728305E-4	2.7330331514E-10
5.189512488E-4	2.8779388555E-10
5.25461875E-4	3.022129503E-10
5.32004889E-4	3.1811531149E-10
5.381831608E-4	3.3406076786E-10
5.442746641E-4	3.5141979748E-10
5.504142027E-4	3.701853927E-10
5.559050931E-4	3.88958969E-10
5.614421528E-4	4.092234577E-10
5.665228879E-4	4.294220093E-10
5.71519999E-4	4.511502264E-10
5.763946068E-4	4.742913155E-10
5.810916954E-4	4.988178438E-10
5.856453191E-4	5.249043892E-10
5.899160035E-4	5.509144424E-10
5.940050349E-4	5.798618472E-10
5.980371002E-4	6.087989877E-10
6.017396665E-4	6.390936547E-10
6.055482148E-4	6.723620241E-10
6.089928051E-4	7.056750485E-10
6.123781726E-4	7.416892661E-10
6.156482337E-4	7.792995809E-10
6.188483371E-4	8.197966367E-10
6.217758372E-4	8.602407056E-10
6.246220459E-4	9.036132864E-10
6.273882672E-4	9.49937758E-10
6.299951879E-4	9.976669981E-10
6.325526543E-4	1.0482337376E-9
6.349148408E-4	1.1017409513E-9
6.372520725E-4	1.1567087578E-9
6.39492194E-4	1.2145156148E-9
6.416812032E-4	1.2766797659E-9
6.436874913E-4	1.3403345269E-9
6.456606161E-4	1.4082984579E-9
6.475676583E-4	1.4793939519E-9
6.493766517E-4	1.5545962619E-9
6.51091393E-4	1.6325988549E-9
6.527914283E-4	1.7137144249E-9
6.544877091E-4	1.8004413999E-9
6.561104351E-4	1.8915330119E-9
6.576839765E-4	1.9854502059E-9
6.591102059E-4	2.0852767759E-9
6.606334049E-4	2.1907891329E-9
6.619699514E-4	2.3006366019E-9
6.633258914E-4	2.4163526519E-9
6.646426989E-4	2.5377885739E-9
6.658800051E-4	2.6650145069E-9
6.670923537E-4	2.7980122959E-9
6.681947972E-4	2.9382866589E-9
6.693451382E-4	3.0857917339E-9
6.704637151E-4	3.2405428929E-9
6.715834471E-4	3.4039144079E-9
6.727188461E-4	3.5745575569E-9
6.738494761E-4	3.7537483459E-9
6.74829818E-4	3.9417442149E-9
6.757669639E-4	4.1397641269E-9
6.767945626E-4	4.3465492809E-9
6.777051126E-4	4.5650418729E-9
6.786211509E-4	4.7936245369E-9
6.796348642E-4	5.0336198489E-9
6.805683035E-4	5.2850974379E-9
6.815353137E-4	5.5512109489E-9
6.824294603E-4	5.8288388519E-9
6.833875256E-4	6.1208644999E-9
6.844670011E-4	6.4274081359E-9
6.85432727E-4	6.7483549299E-9
6.863724162E-4	7.0867091879E-9
6.873408736E-4	7.4412430609E-9
6.884555781E-4	7.8142902309E-9
6.894491337E-4	8.2059164989E-9
6.905243742E-4	8.6167021659E-9
6.916874904E-4	9.0475745519E-9
6.926924836E-4	9.5002570389E-9
6.938522501E-4	9.9758962839E-9
6.950859339E-4	1.04749945789E-8
6.962169714E-4	1.09999400989E-8
6.975069497E-4	1.15502966289E-8
6.988603183E-4	1.21277326489E-8
7.004091607E-4	1.27351826789E-8
7.018706274E-4	1.33731413089E-8
7.034566968E-4	1.40425888789E-8
7.051111053E-4	1.47452471289E-8
7.06676913E-4	1.54827238089E-8
7.084127168E-4	1.62562274389E-8
7.104797453E-4	1.70698992189E-8
7.124983198E-4	1.79235772689E-8
7.148683103E-4	1.88215259589E-8
7.172627329E-4	1.97630984189E-8
7.198284389E-4	2.07505355089E-8
7.226093436E-4	2.17886758789E-8
7.256006752E-4	2.28784073289E-8
7.287277829E-4	2.40230566189E-8
7.32256753E-4	2.52247604489E-8
7.35983268E-4	2.64869919389E-8
7.398730459E-4	2.78114259389E-8
7.441030299E-4	2.92025520189E-8
7.487012603E-4	3.06628210189E-8
7.53625803E-4	3.21971008189E-8
7.589180357E-4	3.38076168789E-8
7.645448287E-4	3.54979493289E-8
7.707590265E-4	3.72737577289E-8
7.773143156E-4	3.91370227589E-8
7.844279854E-4	4.10942929289E-8