-7.307252014E-4	-2.35618577234E-8
-7.302087149E-4	-2.34565519334E-8
-7.29800669E-4	-2.33534383534E-8
-7.293327916E-4	-2.32480541434E-8
-7.288076871E-4	-2.31425902334E-8
-7.281578207E-4	-2.30373477434E-8
-7.275219899E-4	-2.29319008934E-8
-7.270179721E-4	-2.28266080034E-8
-7.264587191E-4	-2.27225322434E-8
-7.25979948E-4	-2.26172162134E-8
-7.253318598E-4	-2.25115707134E-8
-7.24721795E-4	-2.24059552934E-8
-7.243518443E-4	-2.23006088434E-8
-7.236541288E-4	-2.21965215634E-8
-7.231547937E-4	-2.20910630834E-8
-7.225930163E-4	-2.19857788034E-8
-7.2213839E-4	-2.18803359434E-8
-7.215109967E-4	-2.17751101134E-8
-7.210525993E-4	-2.16700900634E-8
-7.205126318E-4	-2.15660026634E-8
-7.199457827E-4	-2.14608635634E-8
-7.193326263E-4	-2.13559318034E-8
-7.188797301E-4	-2.12504964934E-8
-7.184095163E-4	-2.11453080934E-8
-7.177315112E-4	-2.10403810934E-8
-7.171823348E-4	-2.09351873134E-8
-7.167407921E-4	-2.08307719534E-8
-7.162292136E-4	-2.07256367634E-8
-7.156969631E-4	-2.06196856234E-8
-7.1505089E-4	-2.05149212734E-8
-7.145335013E-4	-2.04109923134E-8
-7.139971614E-4	-2.03047124034E-8
-7.134854058E-4	-2.01999753634E-8
-7.128608907E-4	-2.00941356234E-8
-7.123813036E-4	-1.99888528334E-8
-7.118144759E-4	-1.98850118234E-8
-7.113515058E-4	-1.97795205934E-8
-7.108402227E-4	-1.96739562434E-8
-7.102767168E-4	-1.95694766934E-8
-7.096510174E-4	-1.94641519034E-8
-7.09234378E-4	-1.93579808134E-8
-7.0864917E-4	-1.92539794234E-8
-7.083301861E-4	-1.91490382134E-8
-7.078486544E-4	-1.90440075634E-8
-7.073437129E-4	-1.89384804334E-8
-7.068668371E-4	-1.88329257734E-8
-7.063836336E-4	-1.87292432234E-8
-7.059392002E-4	-1.86235232334E-8
-7.054852746E-4	-1.85177368234E-8
-7.048917791E-4	-1.84130614334E-8
-7.043612101E-4	-1.83074894234E-8
-7.038882712E-4	-1.82021984034E-8
-7.034233922E-4	-1.80983007434E-8
-7.028230934E-4	-1.79930204934E-8
-7.023009062E-4	-1.78877747534E-8
-7.017564825E-4	-1.77828021534E-8
-7.01381864E-4	-1.76763947134E-8
-7.009572832E-4	-1.75723673034E-8
-7.003997975E-4	-1.74665788434E-8
-6.999330329E-4	-1.73618391934E-8
-6.993036593E-4	-1.72567366634E-8
-6.989366241E-4	-1.71513032334E-8
-6.984000127E-4	-1.70460720734E-8
-6.978702515E-4	-1.69424132234E-8
-6.974107301E-4	-1.68371076534E-8
-6.968972409E-4	-1.67318439434E-8
-6.965291993E-4	-1.66263681134E-8
-6.958904515E-4	-1.65212308134E-8
-6.955349256E-4	-1.64163869934E-8
-6.951775273E-4	-1.63110313134E-8
-6.94636481E-4	-1.62054584934E-8
-6.941692676E-4	-1.61001298234E-8
-6.935838092E-4	-1.59949330234E-8
-6.931676551E-4	-1.58897570234E-8
-6.927898233E-4	-1.57858714034E-8
-6.922359193E-4	-1.56812023534E-8
-6.916556745E-4	-1.55754808734E-8
-6.912195504E-4	-1.54704470334E-8
-6.90723735E-4	-1.53649872834E-8
-6.902295915E-4	-1.52610249134E-8
-6.898087461E-4	-1.51558250434E-8
-6.893953068E-4	-1.50503215434E-8
-6.888186431E-4	-1.49447163534E-8
-6.882949859E-4	-1.48396560334E-8
-6.878460483E-4	-1.47346082634E-8
-6.874231631E-4	-1.46308380734E-8
-6.869484818E-4	-1.45254068534E-8
-6.865719297E-4	-1.44201255334E-8
-6.861677119E-4	-1.43147861834E-8
-6.856301147E-4	-1.42081236534E-8
-6.852671581E-4	-1.41042730634E-8
-6.847346123E-4	-1.39990172434E-8
-6.843604418E-4	-1.38939197734E-8
-6.838823235E-4	-1.37886297534E-8
-6.833847305E-4	-1.36831720334E-8
-6.830077977E-4	-1.35778230634E-8
-6.825623697E-4	-1.34743459134E-8
-6.821368763E-4	-1.33686993134E-8
-6.816591133E-4	-1.32635626034E-8
-6.811963677E-4	-1.31585084934E-8
-6.808807157E-4	-1.30517640634E-8
-6.805257958E-4	-1.29477822534E-8
-6.801256204E-4	-1.28439565434E-8
-6.796372108E-4	-1.27384947834E-8
-6.792263682E-4	-1.26328519934E-8
-6.788522954E-4	-1.25275427034E-8
-6.784999114E-4	-1.24223208434E-8
-6.780100118E-4	-1.23182862234E-8
-6.774846336E-4	-1.22130118134E-8
-6.769972802E-4	-1.21076570834E-8
-6.767249141E-4	-1.20021332334E-8
-6.761982227E-4	-1.18968393134E-8
-6.757411534E-4	-1.17925528234E-8
-6.754104719E-4	-1.16869910934E-8
-6.749386233E-4	-1.15816040134E-8
-6.745460696E-4	-1.14758783034E-8
-6.741466663E-4	-1.13705075134E-8
-6.737230688E-4	-1.12665426534E-8
-6.734098101E-4	-1.11610926034E-8
-6.729864876E-4	-1.10558721634E-8
-6.726678139E-4	-1.09507098834E-8
-6.721844064E-4	-1.08454463234E-8
-6.717925542E-4	-1.07400911834E-8
-6.713865942E-4	-1.06362414334E-8
-6.711124738E-4	-1.05314870334E-8
-6.705773203E-4	-1.04261522434E-8
-6.701607161E-4	-1.03206091934E-8
-6.698744339E-4	-1.02150041834E-8
-6.693329864E-4	-1.01108328434E-8
-6.689500232E-4	-1.00053825744E-8
-6.68523238E-4	-9.8999297324E-9
-6.682845586E-4	-9.7942310904E-9
-6.677717212E-4	-9.6887934874E-9
-6.673861482E-4	-9.5835054804E-9
-6.670370829E-4	-9.4796990884E-9
-6.665512235E-4	-9.3744770484E-9
-6.661544879E-4	-9.2706102814E-9
-6.656559444E-4	-9.1681378564E-9
-6.653775938E-4	-9.0656987114E-9
-6.650808113E-4	-8.9661320344E-9
-6.646256991E-4	-8.8669020244E-9
-6.643973769E-4	-8.7688885754E-9
-6.639561448E-4	-8.6706274104E-9
-6.636601095E-4	-8.5749280234E-9
-6.632763134E-4	-8.4793612314E-9
-6.629481682E-4	-8.3855713254E-9
-6.625426951E-4	-8.2917731004E-9
-6.622730679E-4	-8.2009635494E-9
-6.618305185E-4	-8.1114564924E-9
-6.618178134E-4	-8.0203757144E-9
-6.614362357E-4	-7.9322741074E-9
-6.60999601E-4	-7.8442487984E-9
-6.608187394E-4	-7.7576637814E-9
-6.604324436E-4	-7.6708648814E-9
-6.600974344E-4	-7.5857197054E-9
-6.599260092E-4	-7.5014310474E-9
-6.595670692E-4	-7.4177367794E-9
-6.591986842E-4	-7.3356910024E-9
-6.588340071E-4	-7.2547900454E-9
-6.585125108E-4	-7.1737591574E-9
-6.582804337E-4	-7.0946638764E-9
-6.579512682E-4	-7.0166909514E-9
-6.57730687E-4	-6.9384167614E-9
-6.573802833E-4	-6.8617263704E-9
-6.572165714E-4	-6.7849003244E-9
-6.568459459E-4	-6.7098327764E-9
-6.565232892E-4	-6.6363875774E-9
-6.561546183E-4	-6.5627706214E-9
-6.558252745E-4	-6.4905531104E-9
-6.556669467E-4	-6.4182409674E-9
-6.553816715E-4	-6.3473050564E-9
-6.551062846E-4	-6.2766191274E-9
-6.547131618E-4	-6.2073106734E-9
-6.545518914E-4	-6.1394233794E-9
-6.542779483E-4	-6.0714905094E-9
-6.540130988E-4	-6.0034259114E-9
-6.536995671E-4	-5.9372100734E-9
-6.535369683E-4	-5.8709352924E-9
-6.531893518E-4	-5.8059829454E-9
-6.528634474E-4	-5.7426931904E-9
-6.5274992E-4	-5.6792797484E-9
-6.523536431E-4	-5.6157556654E-9
-6.519489173E-4	-5.5538798324E-9
-6.518608859E-4	-5.4933149114E-9
-6.515995672E-4	-5.4312524734E-9
-6.512340267E-4	-5.3719125184E-9
-6.509894917E-4	-5.3126097394E-9
-6.50704906E-4	-5.2533452514E-9
-6.504704195E-4	-5.1956559654E-9
-6.503061055E-4	-5.1380344874E-9
-6.498814788E-4	-5.0802160574E-9
-6.496464012E-4	-5.0241641534E-9
-6.492328808E-4	-4.9685923474E-9
-6.488832561E-4	-4.9139868554E-9
-6.486846269E-4	-4.8591935904E-9
-6.483342227E-4	-4.8054801414E-9
-6.480307785E-4	-4.7527622914E-9
-6.47829139E-4	-4.7010669394E-9
-6.474627101E-4	-4.6490915434E-9
-6.472483515E-4	-4.5957947594E-9
-6.469865462E-4	-4.5453750464E-9
-6.466164052E-4	-4.4949222504E-9
-6.46352657E-4	-4.4457134284E-9
-6.460634359E-4	-4.3951816234E-9
-6.457994607E-4	-4.3473557504E-9
-6.456154945E-4	-4.2998318714E-9
-6.451394975E-4	-4.2530785294E-9
-6.447714425E-4	-4.2053892044E-9
-6.445382487E-4	-4.1594083104E-9
-6.441218374E-4	-4.1131412754E-9
-6.439205286E-4	-4.0667266654E-9
-6.436255944E-4	-4.0217382754E-9
-6.434283064E-4	-3.9765418294E-9
-6.430366758E-4	-3.9340627584E-9
-6.427462101E-4	-3.8908341584E-9
-6.425729693E-4	-3.8466833724E-9
-6.421590348E-4	-3.8047470974E-9
-6.420135996E-4	-3.7627371994E-9
-6.41679623E-4	-3.7209144644E-9
-6.413398611E-4	-3.6791278964E-9
-6.409752217E-4	-3.6387355304E-9
-6.406177048E-4	-3.5983102534E-9
-6.401960868E-4	-3.5594862234E-9
-6.400253258E-4	-3.5191061334E-9
-6.397350009E-4	-3.4802145544E-9
-6.394356811E-4	-3.4427817734E-9
-6.392314944E-4	-3.4038760244E-9
-6.387025856E-4	-3.3665428184E-9
-6.384600766E-4	-3.3308449124E-9
-6.381711406E-4	-3.2933505134E-9
-6.377340563E-4	-3.2572971264E-9
-6.374933368E-4	-3.2215521984E-9
-6.370942411E-4	-3.1841904244E-9
-6.367919829E-4	-3.1493492514E-9
-6.363760551E-4	-3.1150129514E-9
-6.361555335E-4	-3.0801803994E-9
-6.357936068E-4	-3.0471918954E-9
-6.353415186E-4	-3.0122245054E-9
-6.350674331E-4	-2.9790139434E-9
-6.348016912E-4	-2.9473706184E-9
-6.344554946E-4	-2.9142077534E-9
-6.341924678E-4	-2.8825487434E-9
-6.33902406E-4	-2.8509515814E-9
-6.335117264E-4	-2.8192261794E-9
-6.329840621E-4	-2.7884575244E-9
-6.324917303E-4	-2.7581472994E-9
-6.320689415E-4	-2.7277202584E-9
-6.318035683E-4	-2.6973491704E-9
-6.313504701E-4	-2.6681589454E-9
-6.310530724E-4	-2.6374058084E-9
-6.306558498E-4	-2.6085622504E-9
-6.301683415E-4	-2.5803035014E-9
-6.296460952E-4	-2.5515215634E-9
-6.294694861E-4	-2.5244703904E-9
-6.290518997E-4	-2.4971551674E-9
-6.286755981E-4	-2.4695876184E-9
-6.282091058E-4	-2.4421349144E-9
-6.276585787E-4	-2.4148495874E-9
-6.274599835E-4	-2.3876502104E-9
-6.270682236E-4	-2.3614580294E-9
-6.266142743E-4	-2.3340130574E-9
-6.261459451E-4	-2.3095952934E-9
-6.258812358E-4	-2.2837051754E-9
-6.253630319E-4	-2.2591850664E-9
-6.248882305E-4	-2.2333121304E-9
-6.244469973E-4	-2.2087342954E-9
-6.240217187E-4	-2.1856328854E-9
-6.235323622E-4	-2.1612555714E-9
-6.230327782E-4	-2.1370662294E-9
-6.22479774E-4	-2.1140419124E-9
-6.218801851E-4	-2.0910177874E-9
-6.21366747E-4	-2.0681868844E-9
-6.208620055E-4	-2.0453407934E-9
-6.20441596E-4	-2.0236782684E-9
-6.197373867E-4	-2.0006270164E-9
-6.19486226E-4	-1.9789737204E-9
-6.188396173E-4	-1.9573180034E-9
-6.182517293E-4	-1.9357036324E-9
-6.178667397E-4	-1.9139156434E-9
-6.173430817E-4	-1.8936234034E-9
-6.167681244E-4	-1.8719929644E-9
-6.163563455E-4	-1.8517368164E-9
-6.158985773E-4	-1.8313156294E-9
-6.152984692E-4	-1.8110344014E-9
-6.146375444E-4	-1.7908243544E-9
-6.141752851E-4	-1.7719596434E-9
-6.13681769E-4	-1.7520163564E-9
-6.131753816E-4	-1.7335752974E-9
-6.125227505E-4	-1.7149461494E-9
-6.120343331E-4	-1.6955563284E-9
-6.113558415E-4	-1.6771622624E-9
-6.108155566E-4	-1.6584541414E-9
-6.102089996E-4	-1.6397585374E-9
-6.096129318E-4	-1.6225636784E-9
-6.09139613E-4	-1.6052732904E-9
-6.083421923E-4	-1.5863933144E-9
-6.077554532E-4	-1.5690494834E-9
-6.070618151E-4	-1.5520894404E-9
-6.063724075E-4	-1.5347722294E-9
-6.058413536E-4	-1.5184288894E-9
-6.052901859E-4	-1.5024303444E-9
-6.042517008E-4	-1.4841609624E-9
-6.036037906E-4	-1.4685284104E-9
-6.029013798E-4	-1.4527555944E-9
-6.024262716E-4	-1.4363435004E-9
-6.016798995E-4	-1.4216416204E-9
-6.010097997E-4	-1.4058162544E-9
-6.003641651E-4	-1.3899568634E-9
-5.997164195E-4	-1.3756135564E-9
-5.9888881E-4	-1.3597751774E-9
-5.981426737E-4	-1.3453693124E-9
-5.974621202E-4	-1.3309718634E-9
-5.968639927E-4	-1.3148763904E-9
-5.960294479E-4	-1.3003800974E-9
-5.953217146E-4	-1.2860919594E-9
-5.943883771E-4	-1.2716480754E-9
-5.938284969E-4	-1.2588479584E-9
-5.930608135E-4	-1.2445075584E-9
-5.921357842E-4	-1.2313974494E-9
-5.91466503E-4	-1.2179597244E-9
-5.905332345E-4	-1.2050026384E-9
-5.897963092E-4	-1.1914240744E-9
-5.889670031E-4	-1.1785826244E-9
-5.881876804E-4	-1.1656584604E-9
-5.872205851E-4	-1.1527949864E-9
-5.864075771E-4	-1.1412259724E-9
-5.855960729E-4	-1.1285034424E-9
-5.847568462E-4	-1.1155913704E-9
-5.839401155E-4	-1.1041027744E-9
-5.829435782E-4	-1.0926303594E-9
-5.821107166E-4	-1.0795232624E-9
-5.812836263E-4	-1.0679951984E-9
-5.803033028E-4	-1.0563396834E-9
-5.793048807E-4	-1.0446249254E-9
-5.783904956E-4	-1.0330249064E-9
-5.776072973E-4	-1.0229482924E-9
-5.765445843E-4	-1.011511124E-9
-5.756289184E-4	-9.997694689E-10
-5.746508606E-4	-9.895567472E-10
-5.736103606E-4	-9.77614694E-10
-5.726186348E-4	-9.674058623E-10
-5.717055648E-4	-9.57268335E-10
-5.705511949E-4	-9.457123031E-10
-5.694591818E-4	-9.354946958E-10
-5.685567201E-4	-9.253215757E-10
-5.674248945E-4	-9.152894425E-10
-5.66394422E-4	-9.051571095E-10
-5.655615965E-4	-8.964900098E-10
-5.643739779E-4	-8.865857279E-10
-5.632296011E-4	-8.763881713E-10
-5.623035984E-4	-8.677582788E-10
-5.611555575E-4	-8.577401349E-10
-5.601224771E-4	-8.491376461E-10
-5.58997196E-4	-8.393377992E-10
-5.578878312E-4	-8.303420544E-10
-5.567463574E-4	-8.217483982E-10
-5.556606381E-4	-8.133873297E-10
-5.543617244E-4	-8.035445607E-10
-5.531736446E-4	-7.944368412E-10
-5.519521274E-4	-7.854158698E-10
-5.5102494E-4	-7.792929456E-10
-5.49878655E-4	-7.70602256E-10
-5.486114581E-4	-7.620906217E-10
-5.472637936E-4	-7.53478318E-10
-5.460379864E-4	-7.462534911E-10
-5.44635406E-4	-7.374561775E-10
-5.435620734E-4	-7.301163019E-10
-5.420657502E-4	-7.213635295E-10
-5.408676551E-4	-7.141517911E-10
-5.395647465E-4	-7.055117912E-10
-5.38210336E-4	-6.983966637E-10
-5.368784118E-4	-6.911855912E-10
-5.356327632E-4	-6.832854168E-10
-5.34471377E-4	-6.76131226E-10
-5.332471102E-4	-6.688670948E-10
-5.317060199E-4	-6.615329462E-10
-5.303705734E-4	-6.543992524E-10
-5.289669268E-4	-6.472535962E-10
-5.275910394E-4	-6.401657238E-10
-5.259070373E-4	-6.330913227E-10
-5.246901228E-4	-6.276399127E-10
-5.232958147E-4	-6.208406018E-10
-5.217550796E-4	-6.136168692E-10
-5.203389629E-4	-6.077222678E-10
-5.183767771E-4	-5.992507529E-10
-5.170961614E-4	-5.937129546E-10
-5.154942411E-4	-5.872793469E-10
-5.140546931E-4	-5.814702788E-10
-5.126632548E-4	-5.756724512E-10
-5.10833926E-4	-5.6841521E-10
-5.093272425E-4	-5.62496222E-10
-5.074300563E-4	-5.564267408E-10
-5.061715726E-4	-5.503398926E-10
-5.048218778E-4	-5.453274998E-10
-5.032905655E-4	-5.397955448E-10
-5.013737158E-4	-5.328150524E-10
-4.996526854E-4	-5.270430881E-10
-4.981891697E-4	-5.226489586E-10
-4.965851541E-4	-5.169388848E-10
-4.946972827E-4	-5.098133665E-10
-4.93304151E-4	-5.053363726E-10
-4.921250803E-4	-5.009706008E-10
-4.904021759E-4	-4.951356316E-10
-4.884945727E-4	-4.894036565E-10
-4.869294544E-4	-4.852161035E-10
-4.851775016E-4	-4.792716532E-10
-4.83741272E-4	-4.747396531E-10
-4.813313546E-4	-4.689208519E-10
-4.800922977E-4	-4.637607053E-10
-4.782304935E-4	-4.579688389E-10
-4.769772815E-4	-4.544770979E-10
-4.75256148E-4	-4.501052333E-10
-4.728077455E-4	-4.443466092E-10
-4.710714254E-4	-4.397509504E-10
-4.695349907E-4	-4.353340659E-10
-4.674679654E-4	-4.306289319E-10
-4.656588101E-4	-4.260300128E-10
-4.636712939E-4	-4.217181215E-10
-4.61813044E-4	-4.173012559E-10
-4.599153021E-4	-4.129221864E-10
-4.57887213E-4	-4.084623628E-10
-4.561365504E-4	-4.042699288E-10
-4.53976077E-4	-3.998969273E-10
-4.520920484E-4	-3.95323502E-10
-4.504974674E-4	-3.915962221E-10
-4.483051207E-4	-3.872546696E-10
-4.463354793E-4	-3.828996643E-10
-4.44048158E-4	-3.7855787E-10
-4.418537841E-4	-3.744416754E-10
-4.405393664E-4	-3.717594922E-10
-4.382220718E-4	-3.676394767E-10
-4.35614959E-4	-3.630529211E-10
-4.338641793E-4	-3.599638133E-10
-4.319062484E-4	-3.562528378E-10
-4.294114183E-4	-3.52075754E-10
-4.276648325E-4	-3.490631209E-10
-4.252027066E-4	-3.448623081E-10
-4.234838457E-4	-3.420309361E-10
-4.210665596E-4	-3.379832253E-10
-4.194625391E-4	-3.349860297E-10
-4.175815329E-4	-3.316971435E-10
-4.150089039E-4	-3.273204666E-10
-4.131574568E-4	-3.244017733E-10
-4.111382224E-4	-3.214805619E-10
-4.081830772E-4	-3.169218444E-10
-4.070185488E-4	-3.14136562E-10
-4.052117646E-4	-3.115217244E-10
-4.015788749E-4	-3.06863735E-10
-3.998962954E-4	-3.034967724E-10
-3.977039992E-4	-3.005819509E-10
-3.957506311E-4	-2.976790166E-10
-3.937328913E-4	-2.945403319E-10
-3.916904002E-4	-2.916746167E-10
-3.896207433E-4	-2.888246293E-10
-3.877109941E-4	-2.873600657E-10
-3.846388133E-4	-2.8298715E-10
-3.824782706E-4	-2.788038081E-10
-3.8005438E-4	-2.758589227E-10
-3.780929157E-4	-2.73203179E-10
-3.769204227E-4	-2.717340571E-10
-3.748452892E-4	-2.688447784E-10
-3.726859913E-4	-2.65940873E-10
-3.700298087E-4	-2.630521628E-10
-3.675030492E-4	-2.611953821E-10
-3.654350293E-4	-2.58347776E-10
-3.628672342E-4	-2.546409993E-10
-3.60700123E-4	-2.520354515E-10
-3.593091706E-4	-2.5097835E-10
-3.568889319E-4	-2.481646493E-10
-3.542952737E-4	-2.455331309E-10
-3.518746087E-4	-2.426726798E-10
-3.504412823E-4	-2.411253705E-10
-3.479926327E-4	-2.38456645E-10
-3.452700162E-4	-2.353599486E-10
-3.440496849E-4	-2.3380703E-10
-3.415580203E-4	-2.309396768E-10
-3.401248249E-4	-2.293866097E-10
-3.374240646E-4	-2.256205702E-10
-3.345487023E-4	-2.227257495E-10
-3.330090096E-4	-2.221371922E-10
-3.301990589E-4	-2.192685082E-10
-3.289677291E-4	-2.175776821E-10
-3.262298704E-4	-2.14813242E-10
-3.246976204E-4	-2.129199975E-10
-3.219944904E-4	-2.099544469E-10
-3.204524632E-4	-2.084597339E-10
-3.173015437E-4	-2.053338451E-10
-3.159144926E-4	-2.036124167E-10
-3.148220647E-4	-2.021828037E-10
-3.117731759E-4	-1.995332328E-10
-3.100824803E-4	-1.981184941E-10
-3.072956533E-4	-1.952656545E-10
-3.055130255E-4	-1.938651901E-10
-3.040574635E-4	-1.922999266E-10
-3.009741421E-4	-1.894975009E-10
-2.993226885E-4	-1.881772326E-10
-2.973860925E-4	-1.87400016E-10
-2.959503602E-4	-1.858827466E-10
-2.930223683E-4	-1.827785593E-10
-2.911564879E-4	-1.808864519E-10
-2.896665166E-4	-1.794447906E-10
-2.878201906E-4	-1.779644186E-10
-2.847082089E-4	-1.747599413E-10
-2.830954202E-4	-1.733107223E-10
-2.812916095E-4	-1.718611492E-10
-2.79608654E-4	-1.704412586E-10
-2.780107388E-4	-1.690062463E-10
-2.764348812E-4	-1.67610383E-10
-2.728397314E-4	-1.661610084E-10
-2.710926863E-4	-1.647375796E-10
-2.689698587E-4	-1.619349179E-10
-2.670517877E-4	-1.605398953E-10
-2.650997228E-4	-1.601697948E-10
-2.634180307E-4	-1.585746411E-10
-2.616895369E-4	-1.562893435E-10
-2.599419545E-4	-1.549355809E-10
-2.585183965E-4	-1.544703829E-10
-2.566576102E-4	-1.529648092E-10
-2.545417759E-4	-1.505850222E-10
-2.53007759E-4	-1.490470024E-10
-2.511232551E-4	-1.476593843E-10
-2.4920471E-4	-1.462532657E-10
-2.473178157E-4	-1.450079265E-10
-2.457204926E-4	-1.437276805E-10
-2.437935447E-4	-1.425102578E-10
-2.415165591E-4	-1.411500569E-10
-2.394039096E-4	-1.394415301E-10
-2.375751637E-4	-1.378937811E-10
-2.355695108E-4	-1.363602397E-10
-2.339683139E-4	-1.345377654E-10
-2.303500995E-4	-1.331269772E-10
-2.282268566E-4	-1.315021622E-10
-2.261399176E-4	-1.287938973E-10
-2.24245529E-4	-1.273411155E-10
-2.223528721E-4	-1.258493213E-10
-2.202402955E-4	-1.244755679E-10
-2.18113876E-4	-1.233554262E-10
-2.161388049E-4	-1.223614783E-10
-2.144145261E-4	-1.212163186E-10
-2.115878191E-4	-1.1890377285E-10
-2.11416097E-4	-1.1859926729E-10
-2.098418403E-4	-1.1875408375E-10
-2.077032713E-4	-1.1709632659E-10
-2.053094863E-4	-1.1545048301E-10
-2.029673351E-4	-1.140356762E-10
-2.011228458E-4	-1.1257777895E-10
-1.992212761E-4	-1.1128165096E-10
-1.970628752E-4	-1.0982231378E-10
-1.946276558E-4	-1.0716761497E-10
-1.924258052E-4	-1.0568737903E-10
-1.897503968E-4	-1.0551258726E-10
-1.895327435E-4	-1.0533935299E-10
-1.878014982E-4	-1.029296445E-10
-1.857425088E-4	-1.0161497369E-10
-1.834033183E-4	-1.0058410199E-10
-1.814189565E-4	-9.940575534E-11
-1.790520787E-4	-9.835697319E-11
-1.766497609E-4	-9.706616369E-11
-1.741857975E-4	-9.560820019E-11
-1.712799484E-4	-9.240025237E-11
-1.690114698E-4	-9.082784562E-11
-1.669437349E-4	-8.958197398E-11
-1.6672447E-4	-8.966230107E-11
-1.647480237E-4	-8.850555825E-11
-1.624566473E-4	-8.704889854E-11
-1.598998527E-4	-8.564450075E-11
-1.573987645E-4	-8.519990525E-11
-1.548945489E-4	-8.35410106E-11
-1.523732049E-4	-8.192058569E-11
-1.497346967E-4	-8.021261533E-11
-1.475474153E-4	-7.859707576E-11
-1.451880255E-4	-7.684079121E-11
-1.428799521E-4	-7.530049566E-11
-1.406055841E-4	-7.381410023E-11
-1.404996548E-4	-7.38448755E-11
-1.379261113E-4	-7.253587628E-11
-1.355451892E-4	-7.099794917E-11
-1.329826557E-4	-6.955771073E-11
-1.304042763E-4	-6.913546599E-11
-1.282712662E-4	-6.766783493E-11
-1.254719983E-4	-6.544496725E-11
-1.229128664E-4	-6.390755364E-11
-1.203056977E-4	-6.275014994E-11
-1.1790498E-4	-6.138411492E-11
-1.158942572E-4	-6.013645578E-11
-1.153966975E-4	-6.00246971E-11
-1.129551358E-4	-5.874996185E-11
-1.105399928E-4	-5.775840117E-11
-1.077313006E-4	-5.636595833E-11
-1.052925849E-4	-5.500991756E-11
-1.027539455E-4	-5.368674993E-11
-1.001627545E-4	-5.200559675E-11
-9.707766767E-5	-5.049203758E-11
-9.429131836E-5	-4.888332684E-11
-9.208550839E-5	-4.743893119E-11
-8.90822996E-5	-4.594140306E-11
-8.886490838E-5	-4.57336208E-11
-8.650655158E-5	-4.395215091E-11
-8.426953377E-5	-4.278496869E-11
-8.177747798E-5	-4.144907767E-11
-7.867810781E-5	-4.014895508E-11
-7.596724804E-5	-3.897329914E-11
-7.336992933E-5	-3.761178518E-11
-7.090684364E-5	-3.630363947E-11
-6.747650702E-5	-3.326793027E-11
-6.471733498E-5	-3.195703368E-11
-5.967035564E-5	-2.9453620163E-11
-5.686811293E-5	-2.7921828307E-11
-5.390803831E-5	-2.7351286476E-11
-5.108857286E-5	-2.584696204E-11
-4.85249247E-5	-2.3671765777E-11
-4.595516298E-5	-2.2468513863E-11
-4.268657045E-5	-2.08449344001E-11
-4.00156909E-5	-1.8905859064E-11
-3.687168511E-5	-1.7319190983E-11
-3.169460783E-5	-1.465026145E-11
-2.877761882E-5	-1.3125786314E-11
-2.59501033E-5	-1.2643797687E-11
-2.332869804E-5	-1.122161176E-11
-2.099984502E-5	-8.99895508E-12
-1.819647505E-5	-7.55008221E-12
-1.524288363E-5	-6.17730664E-12
-1.276337927E-5	-4.80838865E-12
-9.634176004E-6	-3.50622467E-12
-4.065994307E-6	-1.29933865E-12
-1.461146997E-6	0
1.361720587E-6	1.31823223E-12
4.292603797E-6	2.88511004E-12
6.825492093E-6	4.39108037E-12
9.35785918E-6	7.01154596E-12
1.241711846E-5	8.51175247E-12
1.532653505E-5	9.91919996E-12
1.794349522E-5	1.126290091E-11
2.302947041E-5	1.358296818E-11
2.603334126E-5	1.509355857E-11
2.873821472E-5	1.67902966E-11
3.168634341E-5	1.780480319E-11
3.465213148E-5	1.927545347E-11
3.776202762E-5	2.111034018E-11
4.042178903E-5	2.276011156E-11
4.2614286E-5	2.358852043E-11
4.492746947E-5	2.470211098E-11
4.789494376E-5	2.611483489E-11
5.338495699E-5	2.878639784E-11
5.618200816E-5	3.029681023E-11
5.929654899E-5	3.332210947E-11
6.169144962E-5	3.467759254E-11
6.438784639E-5	3.454880797E-11
6.665856171E-5	3.598902195E-11
6.981973315E-5	3.757353204E-11
7.253244135E-5	3.909770382E-11
7.526557005E-5	4.0641958E-11
7.821200374E-5	4.219668258E-11
7.831517102E-5	4.216517186E-11
8.079448279E-5	4.461195671E-11
8.294955289E-5	4.582978108E-11
8.568445995E-5	4.70447971E-11
8.806928347E-5	4.83438626E-11
9.098662858E-5	4.971442462E-11
9.370773971E-5	5.075490749E-11
9.656009693E-5	5.202982241E-11
9.984102776E-5	5.482848852E-11
1.026734144E-4	5.656012751E-11
1.070378378E-4	5.776183426E-11
1.095569524E-4	5.912356963E-11
1.12249888E-4	6.064965292E-11
1.150462062E-4	6.228216985E-11
1.178147517E-4	6.383967623E-11
1.203120105E-4	6.524202096E-11
1.224941613E-4	6.67075998E-11
1.252403302E-4	6.807936694E-11
1.277809601E-4	6.984998194E-11
1.321419774E-4	7.231281144E-11
1.348301967E-4	7.372999392E-11
1.373589615E-4	7.516223003E-11
1.398803763E-4	7.621962019E-11
1.424929889E-4	7.781843045E-11
1.447780088E-4	7.91668449E-11
1.476885631E-4	8.24421502E-11
1.497086874E-4	8.37942818E-11
1.522323663E-4	8.35162599E-11
1.572406446E-4	8.79619266E-11
1.599746751E-4	8.82267376E-11
1.623479772E-4	8.96553248E-11
1.642716543E-4	9.21507281E-11
1.667013271E-4	9.35862237E-11
1.693074431E-4	9.39423976E-11
1.716564125E-4	9.560523E-11
1.741438794E-4	9.73962861E-11
1.764145135E-4	9.88739424E-11
1.787187487E-4	1.0035651E-10
1.825517482E-4	1.025970915E-10
1.848980742E-4	1.039869797E-10
1.872001292E-4	1.053822252E-10
1.89751922E-4	1.066931779E-10
1.916073391E-4	1.084069311E-10
1.94124463E-4	1.097708129E-10
1.962408786E-4	1.111779388E-10
1.988090756E-4	1.138970008E-10
2.008171214E-4	1.154298323E-10
2.029263916E-4	1.171173985E-10
2.048352166E-4	1.184849174E-10
2.091303349E-4	1.213786431E-10
2.112927992E-4	1.226853602E-10
2.130645693E-4	1.239014208E-10
2.161432092E-4	1.245650797E-10
2.179589192E-4	1.260061855E-10
2.197063568E-4	1.282653869E-10
2.21850745E-4	1.29607123E-10
2.239398279E-4	1.300921291E-10
2.28071296E-4	1.331050471E-10
2.30028752E-4	1.354532549E-10
2.321721565E-4	1.368340896E-10
2.34062612E-4	1.382450678E-10
2.359079293E-4	1.395945031E-10
2.394080677E-4	1.420194747E-10
2.415915571E-4	1.432777844E-10
2.436452129E-4	1.444871775E-10
2.459024995E-4	1.470891387E-10
2.496999534E-4	1.502129919E-10
2.51332534E-4	1.505735127E-10
2.530130891E-4	1.517042251E-10
2.573922555E-4	1.558096256E-10
2.588536724E-4	1.576919619E-10
2.60747351E-4	1.589839651E-10
2.641368773E-4	1.618054222E-10
2.658473207E-4	1.629516136E-10
2.694782444E-4	1.658083859E-10
2.713371334E-4	1.673724433E-10
2.727684092E-4	1.686432762E-10
2.764240082E-4	1.71598998E-10
2.781224587E-4	1.726568473E-10
2.812114217E-4	1.752754882E-10
2.830747312E-4	1.767701598E-10
2.864565681E-4	1.796768242E-10
2.881359932E-4	1.806845388E-10
2.913329958E-4	1.831759285E-10
2.950346192E-4	1.862863986E-10
2.967020036E-4	1.878014046E-10
2.998105117E-4	1.907562116E-10
3.013740176E-4	1.923917201E-10
3.045732226E-4	1.953570157E-10
3.077814025E-4	1.982898106E-10
3.090998261E-4	1.997423208E-10
3.118010023E-4	2.032144043E-10
3.150684933E-4	2.062417336E-10
3.180493226E-4	2.089898275E-10
3.191226431E-4	2.101487781E-10
3.222998739E-4	2.128672158E-10
3.252168535E-4	2.156313958E-10
3.280309015E-4	2.184891887E-10
3.31118918E-4	2.218311777E-10
3.337338989E-4	2.249072844E-10
3.350359788E-4	2.253292322E-10
3.381016513E-4	2.283314997E-10
3.415040018E-4	2.320887819E-10
3.44070386E-4	2.34870037E-10
3.4615026E-4	2.373726719E-10
3.489530615E-4	2.400501107E-10
3.517901758E-4	2.431015043E-10
3.54718795E-4	2.460852608E-10
3.568050084E-4	2.490941766E-10
3.595738277E-4	2.524330174E-10
3.618268952E-4	2.555254037E-10
3.65544912E-4	2.600032504E-10
3.679896138E-4	2.62943998E-10
3.695049157E-4	2.639004062E-10
3.717052961E-4	2.667403484E-10
3.741403143E-4	2.713679275E-10
3.776035557E-4	2.757648595E-10
3.799697212E-4	2.785256126E-10
3.820893862E-4	2.813077659E-10
3.843852882E-4	2.841871675E-10
3.874470371E-4	2.884735839E-10
3.893614581E-4	2.911991716E-10
3.924894298E-4	2.954536994E-10
3.944729393E-4	2.98335328E-10
3.96362267E-4	3.010450633E-10
3.994750178E-4	3.050777328E-10
4.013178471E-4	3.080944539E-10
4.0476575E-4	3.125810334E-10
4.076732452E-4	3.170085046E-10
4.097347603E-4	3.199532485E-10
4.125450882E-4	3.243714303E-10
4.140297835E-4	3.274099285E-10
4.16773107E-4	3.320653443E-10
4.19521255E-4	3.364056986E-10
4.222341869E-4	3.407356737E-10
4.239298164E-4	3.436366296E-10
4.263783837E-4	3.47766071E-10
4.289353571E-4	3.519809922E-10
4.311872041E-4	3.563287359E-10
4.334040832E-4	3.592747966E-10
4.356333846E-4	3.639877499E-10
4.383504203E-4	3.692836199E-10
4.405686859E-4	3.733776111E-10
4.427664129E-4	3.769405436E-10
4.45010294E-4	3.815337778E-10
4.470268604E-4	3.864417103E-10
4.487491462E-4	3.908200194E-10
4.509637148E-4	3.950090453E-10
4.530123219E-4	3.993059943E-10
4.557308598E-4	4.051655291E-10
4.574845684E-4	4.094395758E-10
4.595525664E-4	4.138145816E-10
4.617426706E-4	4.176847097E-10
4.643368962E-4	4.238661353E-10
4.657569001E-4	4.276514832E-10
4.680063059E-4	4.330887919E-10
4.700982912E-4	4.385016401E-10
4.7229552E-4	4.445013514E-10
4.740249771E-4	4.488468262E-10
4.762195385E-4	4.545129635E-10
4.783627062E-4	4.603911942E-10
4.799663692E-4	4.644951607E-10
4.818961149E-4	4.700789605E-10
4.840509933E-4	4.751011197E-10
4.857095232E-4	4.808646607E-10
4.876250204E-4	4.866533559E-10
4.89253327E-4	4.910654587E-10
4.911211772E-4	4.969266688E-10
4.929327144E-4	5.025796155E-10
4.948817912E-4	5.085632449E-10
4.966424232E-4	5.143183446E-10
4.986308268E-4	5.216329795E-10
5.005307972E-4	5.276116819E-10
5.024064822E-4	5.335782795E-10
5.041095796E-4	5.396882471E-10
5.054403768E-4	5.456480055E-10
5.070796934E-4	5.514618894E-10
5.087300585E-4	5.58612506E-10
5.108419215E-4	5.658801439E-10
5.120924777E-4	5.700129809E-10
5.138070709E-4	5.773410118E-10
5.156148622E-4	5.845975228E-10
5.170179174E-4	5.90442739E-10
5.18896445E-4	5.976690013E-10
5.203526008E-4	6.049644759E-10
5.219636122E-4	6.109918031E-10
5.235125035E-4	6.182938513E-10
5.251247014E-4	6.254867595E-10
5.266032449E-4	6.329934918E-10
5.281106495E-4	6.405802364E-10
5.297301837E-4	6.477572253E-10
5.311202951E-4	6.554602866E-10
5.327270869E-4	6.627061107E-10
5.339415756E-4	6.698308367E-10
5.354890543E-4	6.768997156E-10
5.370467054E-4	6.854144063E-10
5.382652462E-4	6.927306672E-10
5.397501546E-4	7.015299356E-10
5.411269213E-4	7.089094433E-10
5.425636001E-4	7.175436282E-10
5.439058961E-4	7.263531389E-10
5.451946413E-4	7.33605599E-10
5.465993546E-4	7.423714323E-10
5.47951762E-4	7.510810037E-10
5.493469314E-4	7.598012005E-10
5.506692575E-4	7.685888348E-10
5.518435866E-4	7.777382949E-10
5.530608365E-4	7.864640396E-10
5.543534703E-4	7.952964645E-10
5.557656969E-4	8.052850012E-10
5.568454184E-4	8.13673597E-10
5.579586821E-4	8.221677339E-10
5.591706208E-4	8.321826863E-10
5.600607446E-4	8.40227727E-10
5.614037521E-4	8.505366885E-10
5.625345103E-4	8.609503158E-10
5.636650458E-4	8.711410429E-10
5.645079464E-4	8.792668364E-10
5.656718458E-4	8.894354859E-10
5.66720891E-4	8.996518435E-10
5.678771697E-4	9.098195891E-10
5.691492372E-4	9.216434461E-10
5.701319913E-4	9.318086373E-10
5.710573182E-4	9.420452073E-10
5.721416494E-4	9.526646242E-10
5.732281959E-4	9.625328181E-10
5.744513018E-4	9.756449982E-10
5.752851337E-4	9.857396596E-10
5.762111268E-4	9.970710006E-10
5.772124038E-4	1.0085780696E-9
5.782670801E-4	1.0202331636E-9
5.791803515E-4	1.0316512396E-9
5.80105749E-4	1.0429425906E-9
5.81223705E-4	1.0544858276E-9
5.820964767E-4	1.0658803026E-9
5.829687145E-4	1.0787337576E-9
5.838515235E-4	1.0900561556E-9
5.847815775E-4	1.1030269406E-9
5.856568033E-4	1.1156801326E-9
5.865332836E-4	1.1270918206E-9
5.874418358E-4	1.1401403466E-9
5.883541718E-4	1.1530406266E-9
5.891535492E-4	1.1662528306E-9
5.90076755E-4	1.1795067156E-9
5.909500243E-4	1.1941021826E-9
5.915806402E-4	1.2073982336E-9
5.925196206E-4	1.2201772546E-9
5.932797068E-4	1.2347383016E-9
5.941040698E-4	1.2493745106E-9
5.94916747E-4	1.2622512196E-9
5.956728739E-4	1.2767608286E-9
5.964542243E-4	1.2914918306E-9
5.972099243E-4	1.3060878286E-9
5.980758451E-4	1.3220001766E-9
5.986356523E-4	1.3363897086E-9
5.993751605E-4	1.3505102976E-9
6.002110941E-4	1.3662306056E-9
6.009539216E-4	1.3821576376E-9
6.015170496E-4	1.3963538646E-9
6.022547808E-4	1.4121416406E-9
6.029706303E-4	1.4279508906E-9
6.036748196E-4	1.4437919106E-9
6.044680576E-4	1.4614930776E-9
6.051163484E-4	1.4770805546E-9
6.057210078E-4	1.4942553556E-9
6.064988272E-4	1.5099733376E-9
6.070685898E-4	1.5271330816E-9
6.077186698E-4	1.5445410156E-9
6.082833622E-4	1.5617944936E-9
6.089537099E-4	1.5790022356E-9
6.096545798E-4	1.5977910976E-9
6.102472438E-4	1.6153625646E-9
6.107829214E-4	1.6341379316E-9
6.114483607E-4	1.6514580946E-9
6.119779203E-4	1.6705553276E-9
6.126792656E-4	1.6892796336E-9
6.131767034E-4	1.7081750606E-9
6.138464691E-4	1.7283838576E-9
6.143785199E-4	1.7471200386E-9
6.149528846E-4	1.7674493516E-9
6.155498855E-4	1.7879214456E-9
6.160379389E-4	1.8081269336E-9
6.165171966E-4	1.8283127986E-9
6.171431681E-4	1.8489176596E-9
6.17628682E-4	1.8692554276E-9
6.181168526E-4	1.8908956866E-9
6.18622682E-4	1.9108765466E-9
6.192591091E-4	1.9322632506E-9
6.197710197E-4	1.9537557016E-9
6.20342196E-4	1.9767901676E-9
6.208372639E-4	1.9984301566E-9
6.212854916E-4	2.0215297046E-9
6.217967512E-4	2.0430307146E-9
6.222730681E-4	2.0660808536E-9
6.226239935E-4	2.0889469896E-9
6.231571943E-4	2.1117592826E-9
6.23702304E-4	2.1360641846E-9
6.241839435E-4	2.1592372326E-9
6.245244755E-4	2.1839225156E-9
6.251192742E-4	2.2084869976E-9
6.255853141E-4	2.2329164366E-9
6.259729955E-4	2.2588803586E-9
6.264450689E-4	2.2837278236E-9
6.268479609E-4	2.3098717146E-9
6.273684175E-4	2.3358073276E-9
6.277488216E-4	2.3620371376E-9
6.280103073E-4	2.3894033106E-9
6.285626134E-4	2.4156080276E-9
6.290358936E-4	2.4432774816E-9
6.295002651E-4	2.4707100546E-9
6.297706035E-4	2.4980865066E-9
6.302391229E-4	2.5257597956E-9
6.306350181E-4	2.5545373686E-9
6.311062513E-4	2.5834786516E-9
6.314419225E-4	2.6121480296E-9
6.316453166E-4	2.6410527476E-9
6.320438445E-4	2.6712318186E-9
6.324046079E-4	2.6998862156E-9
6.328026508E-4	2.7299706416E-9
6.332382998E-4	2.7602939096E-9
6.336767018E-4	2.7918927666E-9
6.340454082E-4	2.8236069306E-9
6.343002668E-4	2.8539683156E-9
6.346975981E-4	2.8869289396E-9
6.349780447E-4	2.9184626896E-9
6.353717494E-4	2.9523589026E-9
6.358231533E-4	2.9840668336E-9
6.361329137E-4	3.0185087696E-9
6.364765842E-4	3.0516554426E-9
6.368158003E-4	3.0862649536E-9
6.370748578E-4	3.1205726686E-9
6.374653364E-4	3.1552438656E-9
6.377715426E-4	3.1898035096E-9
6.382691711E-4	3.2259279526E-9
6.383722075E-4	3.2619731136E-9
6.38755397E-4	3.2980415976E-9
6.390442502E-4	3.3356745216E-9
6.392770406E-4	3.3735100826E-9
6.396644016E-4	3.4110608116E-9
6.400511832E-4	3.4486087886E-9
6.404134295E-4	3.4877101856E-9
6.407110174E-4	3.5267968816E-9
6.410671599E-4	3.5659682156E-9
6.413882989E-4	3.6063331836E-9
6.418015124E-4	3.6465826706E-9
6.419688974E-4	3.6869765586E-9
6.423226231E-4	3.7274071966E-9
6.424888564E-4	3.7692423396E-9
6.428452719E-4	3.8129566876E-9
6.430310068E-4	3.8549307766E-9
6.43420798E-4	3.8983215386E-9
6.438104348E-4	3.9416002846E-9
6.440352838E-4	3.9860852446E-9
6.442257927E-4	4.0289619706E-9
6.445718596E-4	4.0750668426E-9
6.449001832E-4	4.1198138976E-9
6.451872591E-4	4.1658753666E-9
6.453652397E-4	4.2122008286E-9
6.456572106E-4	4.2598186526E-9
6.459836849E-4	4.3073839146E-9
6.462118874E-4	4.3547503356E-9
6.464400423E-4	4.4038997916E-9
6.467087345E-4	4.4529954456E-9
6.470966526E-4	4.5017392746E-9
6.472167236E-4	4.5521707216E-9
6.475089047E-4	4.6029620316E-9
6.478129077E-4	4.6549122436E-9
6.481352794E-4	4.7070510776E-9
6.484019927E-4	4.7592335526E-9
6.487523158E-4	4.8126352716E-9
6.490635946E-4	4.8660251786E-9
6.493286221E-4	4.9208179936E-9
6.496355866E-4	4.9757540156E-9
6.497367967E-4	5.0305125986E-9
6.501801649E-4	5.0872397566E-9
6.504836436E-4	5.1451992976E-9
6.505939456E-4	5.2015531516E-9
6.50946794E-4	5.2606871306E-9
6.512136955E-4	5.3181571686E-9
6.513214581E-4	5.3773511946E-9
6.515235752E-4	5.4380884406E-9
6.518022817E-4	5.4985933596E-9
6.522523704E-4	5.5595137616E-9
6.523944133E-4	5.6215282296E-9
6.527934627E-4	5.6847547456E-9
6.53001242E-4	5.7481811956E-9
6.533351723E-4	5.8113542196E-9
6.536062331E-4	5.8766813556E-9
6.539964287E-4	5.9414797586E-9
6.542049446E-4	6.0077155936E-9
6.544218623E-4	6.0755096586E-9
6.547250678E-4	6.1435052916E-9
6.550573399E-4	6.2115195446E-9
6.553066157E-4	6.2807034816E-9
6.555702219E-4	6.3511836146E-9
6.558483478E-4	6.4218641326E-9
6.561252418E-4	6.4925364306E-9
6.562979498E-4	6.5646234376E-9
6.566845178E-4	6.6380332166E-9
6.568471615E-4	6.7113377196E-9
6.571965713E-4	6.7860770186E-9
6.574530201E-4	6.8627401296E-9
6.576804282E-4	6.9392186186E-9
6.579918949E-4	7.0157897126E-9
6.583116851E-4	7.0938955046E-9
6.585005485E-4	7.1732510336E-9
6.588236903E-4	7.2541290636E-9
6.591211377E-4	7.3351037626E-9
6.593343583E-4	7.4161626656E-9
6.596930488E-4	7.4984555786E-9
6.600019088E-4	7.5823586186E-9
6.604233124E-4	7.6676031146E-9
6.607068556E-4	7.7527225126E-9
6.61000972E-4	7.8394441516E-9
6.61230808E-4	7.9263673706E-9
6.616415692E-4	8.0159717696E-9
6.619939526E-4	8.1054843266E-9
6.623562466E-4	8.1949525446E-9
6.625768142E-4	8.2857351246E-9
6.629994276E-4	8.3777871256E-9
6.633234E-4	8.4714833096E-9
6.637065425E-4	8.5653002856E-9
6.639605136E-4	8.6605237686E-9
6.643882215E-4	8.7570507306E-9
6.646863331E-4	8.8551372076E-9
6.650059692E-4	8.9531328316E-9
6.65589779E-4	9.0526178326E-9
6.65825343E-4	9.1535398116E-9
6.661335853E-4	9.2557777236E-9
6.66500004E-4	9.3583141306E-9
6.670298025E-4	9.4623029726E-9
6.672939293E-4	9.5677607246E-9
6.677965962E-4	9.6732592786E-9
6.681684786E-4	9.7786459196E-9
6.685497606E-4	9.8841812046E-9
6.689083425E-4	9.9881309166E-9
6.692824897E-4	1.00934767766E-8
6.697873599E-4	1.01989708866E-8
6.700570934E-4	1.03044213366E-8
6.704552065E-4	1.04102039666E-8
6.708860339E-4	1.05156655566E-8
6.711378933E-4	1.06197820566E-8
6.71633744E-4	1.07250886866E-8
6.720772884E-4	1.08305261966E-8
6.725080793E-4	1.09358211266E-8
6.728643395E-4	1.10409151066E-8
6.73231292E-4	1.11447340566E-8
6.737393618E-4	1.12500098166E-8
6.7402984E-4	1.13550790366E-8
6.745762917E-4	1.14609901766E-8
6.749293967E-4	1.15663361566E-8
6.753623819E-4	1.16718805666E-8
6.757306496E-4	1.17755159966E-8
6.76100621E-4	1.18809893566E-8
6.76531959E-4	1.19861756966E-8
6.770403253E-4	1.20914155166E-8
6.77292009E-4	1.21967634166E-8
6.778797537E-4	1.23007036066E-8
6.782690962E-4	1.24060338766E-8
6.787735994E-4	1.25113159466E-8
6.791752437E-4	1.26164559666E-8
6.796313047E-4	1.27216870266E-8
6.802009029E-4	1.28268274266E-8
6.806101681E-4	1.29307645866E-8
6.80862045E-4	1.30357068466E-8
6.813157783E-4	1.31412571366E-8
6.816793175E-4	1.32466052066E-8
6.821480014E-4	1.33521734166E-8
6.825326036E-4	1.34563934266E-8
6.829559131E-4	1.35620685066E-8
6.833869525E-4	1.36673483566E-8
6.838949522E-4	1.37727035966E-8
6.843345865E-4	1.38780879366E-8
6.847010875E-4	1.39834416766E-8
6.851031235E-4	1.40872575766E-8
6.854986643E-4	1.41926778066E-8
6.859377401E-4	1.42980605666E-8
6.863803354E-4	1.44035569866E-8
6.867491483E-4	1.45092335266E-8
6.872676845E-4	1.46134051466E-8
6.878627556E-4	1.47189708766E-8
6.883163755E-4	1.48241896466E-8
6.88771286E-4	1.49293279366E-8
6.891912789E-4	1.50346194866E-8
6.896272257E-4	1.51397451166E-8
6.900834045E-4	1.52437551866E-8
6.906002601E-4	1.53490165166E-8
6.910602072E-4	1.54542144966E-8
6.915248633E-4	1.55596216766E-8
6.920167317E-4	1.56640148566E-8
6.925019142E-4	1.57684895466E-8
6.930672828E-4	1.58735347866E-8
6.934619574E-4	1.59788538066E-8
6.938198893E-4	1.60840701366E-8
6.94371011E-4	1.61893867466E-8
6.947408156E-4	1.62952591966E-8
6.951744996E-4	1.63993183266E-8
6.955572273E-4	1.65047932666E-8
6.961745093E-4	1.66101047866E-8
6.967221468E-4	1.67154396966E-8
6.971870493E-4	1.68207314666E-8
6.976520712E-4	1.69248740466E-8
6.980793662E-4	1.70301080866E-8
6.986020152E-4	1.71357546166E-8
6.990186307E-4	1.72412613766E-8
6.995833333E-4	1.73468190566E-8
7.000804537E-4	1.74518452966E-8
7.004788502E-4	1.75559727466E-8
7.010817676E-4	1.76614032366E-8
7.015223715E-4	1.77668271566E-8
7.0216215E-4	1.78721178566E-8
7.026712903E-4	1.79775551766E-8
7.032374389E-4	1.80813500266E-8
7.037092303E-4	1.81866500366E-8
7.042746321E-4	1.82919138866E-8
7.048554697E-4	1.83969517166E-8
7.053781072E-4	1.85022518866E-8
7.058214845E-4	1.86075718566E-8
7.063241878E-4	1.87112677666E-8
7.068652674E-4	1.88165581166E-8
7.073404237E-4	1.89217709766E-8
7.078561521E-4	1.90268556766E-8
7.084051156E-4	1.91322841966E-8
7.088841927E-4	1.92363899466E-8
7.094573866E-4	1.93414645066E-8
7.099545409E-4	1.94470797266E-8
7.105187116E-4	1.95527256466E-8
7.109948604E-4	1.96580527466E-8
7.116001496E-4	1.97636319966E-8
7.119957256E-4	1.98676326766E-8
7.125505559E-4	1.99729084966E-8
7.13028842E-4	2.00783945266E-8
7.135956564E-4	2.01840005266E-8
7.14127704E-4	2.02893080466E-8
7.146685126E-4	2.03933309766E-8
7.151967337E-4	2.04990774366E-8
7.157708617E-4	2.06042656266E-8
7.162952653E-4	2.07095644466E-8
7.16747403E-4	2.08149806666E-8
7.173695453E-4	2.09202006066E-8
7.179201696E-4	2.10237830166E-8
7.184754144E-4	2.11290415766E-8
7.189538286E-4	2.12344510266E-8
7.195338819E-4	2.13397781466E-8
7.200818969E-4	2.14449472866E-8
7.205954195E-4	2.15486511366E-8
7.211224321E-4	2.16539510466E-8
7.218929962E-4	2.17593260566E-8
7.222632302E-4	2.18644073466E-8
7.229405494E-4	2.19696732266E-8
7.23341033E-4	2.20735272266E-8
7.239360554E-4	2.21795013866E-8
7.243758317E-4	2.22848117266E-8
7.249736157E-4	2.23904609666E-8
7.254958986E-4	2.24959390966E-8
7.25994321E-4	2.26011123666E-8
7.266501134E-4	2.27051473866E-8
7.270835716E-4	2.28106245566E-8
7.276630666E-4	2.29162713266E-8
7.280633368E-4	2.30216135866E-8
7.287963759E-4	2.31271446866E-8
7.293420785E-4	2.32309079866E-8
7.299087859E-4	2.33362345366E-8
7.304387379E-4	2.34417032666E-8
7.310884845E-4	2.35469682266E-8