-7.300377971E-4	-2.356283257236E-8
-7.295380105E-4	-2.345725510236E-8
-7.290916919E-4	-2.335337143236E-8
-7.285638155E-4	-2.324824132236E-8
-7.280249501E-4	-2.314268690236E-8
-7.274190808E-4	-2.303735046236E-8
-7.269878292E-4	-2.293196399236E-8
-7.264190254E-4	-2.282669701236E-8
-7.261349471E-4	-2.272234117236E-8
-7.255896348E-4	-2.261708257236E-8
-7.249448182E-4	-2.251159873236E-8
-7.244662008E-4	-2.240646758236E-8
-7.240018655E-4	-2.230139369236E-8
-7.234568501E-4	-2.219769752236E-8
-7.229543743E-4	-2.209222362236E-8
-7.22358639E-4	-2.198680258236E-8
-7.218825343E-4	-2.188139119236E-8
-7.212255917E-4	-2.177563365236E-8
-7.207725076E-4	-2.167043655236E-8
-7.202962232E-4	-2.156650922236E-8
-7.197226074E-4	-2.146125721236E-8
-7.191329056E-4	-2.135611716236E-8
-7.185493802E-4	-2.125052088236E-8
-7.180361516E-4	-2.114514147236E-8
-7.176424973E-4	-2.104125820236E-8
-7.169664122E-4	-2.093520501236E-8
-7.163360201E-4	-2.082997555236E-8
-7.158096594E-4	-2.072497382236E-8
-7.152500399E-4	-2.061982015236E-8
-7.147705951E-4	-2.051435354236E-8
-7.141867011E-4	-2.041070944236E-8
-7.13767741E-4	-2.030553808236E-8
-7.130463643E-4	-2.019930222236E-8
-7.125804307E-4	-2.009347970236E-8
-7.121805751E-4	-1.998945839236E-8
-7.116454446E-4	-1.988565332236E-8
-7.111156229E-4	-1.977995516236E-8
-7.106041381E-4	-1.967462025236E-8
-7.101235181E-4	-1.956939999236E-8
-7.095203989E-4	-1.946410449236E-8
-7.091104697E-4	-1.935840968236E-8
-7.084707369E-4	-1.925430756236E-8
-7.079260883E-4	-1.914860278236E-8
-7.074212648E-4	-1.904297347236E-8
-7.069078353E-4	-1.893751725236E-8
-7.063972281E-4	-1.883200271236E-8
-7.057181101E-4	-1.872942224236E-8
-7.051875308E-4	-1.862391560236E-8
-7.049385841E-4	-1.851767498236E-8
-7.044398305E-4	-1.841231448236E-8
-7.039344495E-4	-1.830701421236E-8
-7.033891139E-4	-1.820169950236E-8
-7.029466598E-4	-1.809788652236E-8
-7.024222424E-4	-1.799258001236E-8
-7.019696558E-4	-1.788729956236E-8
-7.015657707E-4	-1.778180589236E-8
-7.010574506E-4	-1.767666966236E-8
-7.004323452E-4	-1.757280918236E-8
-7.000336752E-4	-1.746747991236E-8
-6.994627702E-4	-1.736237798236E-8
-6.993103697E-4	-1.725647788236E-8
-6.987297811E-4	-1.715103246236E-8
-6.982647247E-4	-1.704549361236E-8
-6.977887035E-4	-1.694171436236E-8
-6.972887161E-4	-1.683653313236E-8
-6.968672411E-4	-1.673124075236E-8
-6.964395789E-4	-1.662582581236E-8
-6.959222037E-4	-1.652066471236E-8
-6.953912687E-4	-1.641655864236E-8
-6.949478193E-4	-1.631119803236E-8
-6.944600297E-4	-1.620569177236E-8
-6.93973067E-4	-1.610036943236E-8
-6.934946032E-4	-1.599530755236E-8
-6.929495054E-4	-1.589027395236E-8
-6.924515544E-4	-1.578649456236E-8
-6.92019164E-4	-1.568119529236E-8
-6.914555879E-4	-1.557554966236E-8
-6.912619605E-4	-1.546938809236E-8
-6.908099411E-4	-1.536403900236E-8
-6.90349235E-4	-1.526013652236E-8
-6.898306271E-4	-1.515488150236E-8
-6.893363743E-4	-1.504981804236E-8
-6.890215643E-4	-1.494451117236E-8
-6.884793449E-4	-1.483914220236E-8
-6.881014997E-4	-1.473389244236E-8
-6.876494931E-4	-1.462995450236E-8
-6.871269252E-4	-1.452452034236E-8
-6.866408173E-4	-1.441889280236E-8
-6.862484179E-4	-1.431342359236E-8
-6.858318161E-4	-1.420806878236E-8
-6.854584758E-4	-1.410413993236E-8
-6.848680743E-4	-1.399893257236E-8
-6.84542254E-4	-1.389365901236E-8
-6.840812372E-4	-1.378827811236E-8
-6.837576185E-4	-1.368306369236E-8
-6.831848912E-4	-1.357764714236E-8
-6.829889638E-4	-1.347437760236E-8
-6.824415662E-4	-1.336912047236E-8
-6.819975836E-4	-1.326282062236E-8
-6.816068176E-4	-1.315753489236E-8
-6.813158916E-4	-1.305284762236E-8
-6.806913197E-4	-1.294871225236E-8
-6.804226503E-4	-1.284315430236E-8
-6.799606173E-4	-1.273764570236E-8
-6.795493702E-4	-1.263195801236E-8
-6.79222102E-4	-1.252648030236E-8
-6.786623169E-4	-1.242123121236E-8
-6.78162651E-4	-1.231850676236E-8
-6.777867847E-4	-1.221309373236E-8
-6.775576701E-4	-1.210677293236E-8
-6.770379362E-4	-1.200123018236E-8
-6.765963237E-4	-1.189604816236E-8
-6.763190396E-4	-1.179190435236E-8
-6.759262486E-4	-1.168631218236E-8
-6.75473423E-4	-1.158148379236E-8
-6.751738065E-4	-1.147605892236E-8
-6.747701355E-4	-1.137084939236E-8
-6.743144171E-4	-1.126693313236E-8
-6.739281359E-4	-1.116167556236E-8
-6.735444465E-4	-1.105644527236E-8
-6.730978089E-4	-1.095147893236E-8
-6.726052658E-4	-1.084626657236E-8
-6.723578957E-4	-1.074092196236E-8
-6.717811737E-4	-1.063707007236E-8
-6.715120907E-4	-1.053158874236E-8
-6.710672903E-4	-1.042608998236E-8
-6.706877409E-4	-1.032052616236E-8
-6.703821519E-4	-1.021495749236E-8
-6.700659522E-4	-1.011095456236E-8
-6.697544256E-4	-1.000564772736E-8
-6.692523631E-4	-9.90039424336E-9
-6.689361897E-4	-9.79517943836E-9
-6.686079019E-4	-9.68947993136E-9
-6.681914891E-4	-9.58419031036E-9
-6.67854477E-4	-9.48014532436E-9
-6.674518622E-4	-9.37476634536E-9
-6.671822678E-4	-9.27128716436E-9
-6.668704203E-4	-9.16872218436E-9
-6.665589766E-4	-9.06536208236E-9
-6.663105535E-4	-8.96568883736E-9
-6.659212001E-4	-8.86623446336E-9
-6.65626005E-4	-8.76826581736E-9
-6.65369983E-4	-8.67019788036E-9
-6.650033652E-4	-8.57491611836E-9
-6.645580419E-4	-8.47958127136E-9
-6.644088386E-4	-8.38650797836E-9
-6.642705045E-4	-8.29251127936E-9
-6.640230173E-4	-8.20120577536E-9
-6.637172855E-4	-8.11038913636E-9
-6.633514378E-4	-8.01953996636E-9
-6.630548923E-4	-7.93151067636E-9
-6.627289493E-4	-7.84356476836E-9
-6.626362861E-4	-7.75690560736E-9
-6.623535481E-4	-7.67044594636E-9
-6.62216932E-4	-7.58553783836E-9
-6.618561334E-4	-7.50206575036E-9
-6.616095352E-4	-7.41848105036E-9
-6.612842339E-4	-7.33598204336E-9
-6.610469182E-4	-7.25516472836E-9
-6.607846977E-4	-7.17335834536E-9
-6.605390356E-4	-7.09400357036E-9
-6.601980421E-4	-7.01675428936E-9
-6.598905792E-4	-6.93877928036E-9
-6.596563687E-4	-6.86186002836E-9
-6.595306217E-4	-6.78528456236E-9
-6.591795415E-4	-6.71077372836E-9
-6.590592706E-4	-6.63725674836E-9
-6.587686502E-4	-6.56327115236E-9
-6.582857432E-4	-6.34707768136E-9
-6.579702436E-4	-6.27592726536E-9
-6.577262557E-4	-6.20672694536E-9
-6.575850525E-4	-6.13912855936E-9
-6.572865514E-4	-6.07102222736E-9
-6.569756859E-4	-6.00272751936E-9
-6.568173331E-4	-5.93650451236E-9
-6.565978192E-4	-5.87003364536E-9
-6.563930848E-4	-5.80511890236E-9
-6.561797115E-4	-5.74190659736E-9
-6.56045584E-4	-5.67894146136E-9
-6.559001258E-4	-5.61538399436E-9
-6.554764113E-4	-5.55289415336E-9
-6.553596729E-4	-5.49233388336E-9
-6.551643509E-4	-5.43036615836E-9
-6.550431683E-4	-5.37122151736E-9
-6.548639997E-4	-5.31207659836E-9
-6.546729446E-4	-5.25295542136E-9
-6.545831963E-4	-5.19522733936E-9
-6.544257196E-4	-5.13706195736E-9
-6.541967337E-4	-5.07932064536E-9
-6.540994103E-4	-5.02295221236E-9
-6.539854572E-4	-4.96820376736E-9
-6.537729131E-4	-4.91348592936E-9
-6.53588033E-4	-4.85862716736E-9
-6.533983515E-4	-4.80528170336E-9
-6.533239142E-4	-4.75251304736E-9
-6.530835394E-4	-4.70045942636E-9
-6.529665184E-4	-4.64803832636E-9
-6.52706857E-4	-4.59607108836E-9
-6.525693175E-4	-4.54577061636E-9
-6.524049315E-4	-4.49529692136E-9
-6.522675696E-4	-4.44606598936E-9
-6.51910765E-4	-4.39579547636E-9
-6.518116506E-4	-4.34833160236E-9
-6.516716704E-4	-4.29974080136E-9
-6.516154153E-4	-4.25205980536E-9
-6.513402878E-4	-4.20459257336E-9
-6.512826941E-4	-4.15863658036E-9
-6.510811621E-4	-4.11252907536E-9
-6.50884226E-4	-4.06638499736E-9
-6.506208925E-4	-4.02167356436E-9
-6.503296449E-4	-3.97721566236E-9
-6.502349179E-4	-3.93377958936E-9
-6.500104133E-4	-3.89013407836E-9
-6.49980556E-4	-3.84681987436E-9
-6.497061739E-4	-3.80538624036E-9
-6.494905838E-4	-3.76335354536E-9
-6.493338305E-4	-3.72183685436E-9
-6.492197589E-4	-3.68009733636E-9
-6.489660252E-4	-3.63902785836E-9
-6.487062835E-4	-3.59839072436E-9
-6.486002354E-4	-3.55947586436E-9
-6.484157589E-4	-3.51910017836E-9
-6.481840365E-4	-3.48026791036E-9
-6.480196974E-4	-3.44269315336E-9
-6.478358478E-4	-3.40386646336E-9
-6.476645039E-4	-3.36707358036E-9
-6.475822326E-4	-3.33083197436E-9
-6.474873733E-4	-3.29302804236E-9
-6.469072372E-4	-3.18457942536E-9
-6.466319447E-4	-3.14953979636E-9
-6.464490312E-4	-3.11483528336E-9
-6.462880347E-4	-3.08022371136E-9
-6.461982018E-4	-3.04701298336E-9
-6.459186176E-4	-3.01243858336E-9
-6.458317955E-4	-2.97936815536E-9
-6.455359609E-4	-2.94834833836E-9
-6.453447756E-4	-2.91501300036E-9
-6.451500693E-4	-2.88342714336E-9
-6.449695509E-4	-2.85169835136E-9
-6.447768579E-4	-2.81984017036E-9
-6.447293774E-4	-2.78798220836E-9
-6.445300479E-4	-2.75762780736E-9
-6.44442751E-4	-2.72721235636E-9
-6.44324236E-4	-2.69731657136E-9
-6.441896237E-4	-2.66748744436E-9
-6.438308164E-4	-2.63713064936E-9
-6.437613221E-4	-2.60929814036E-9
-6.436567916E-4	-2.58039463436E-9
-6.43380704E-4	-2.55087863536E-9
-6.432281335E-4	-2.52338944736E-9
-6.43095016E-4	-2.49651483536E-9
-6.429260296E-4	-2.46894203736E-9
-6.426153905E-4	-2.44103869536E-9
-6.424840608E-4	-2.41358771736E-9
-6.421852054E-4	-2.38856333636E-9
-6.42063571E-4	-2.36247640136E-9
-6.418046343E-4	-2.33441909636E-9
-6.415959536E-4	-2.30985484236E-9
-6.414009151E-4	-2.28382369336E-9
-6.4132808E-4	-2.25923956236E-9
-6.410551102E-4	-2.23349383236E-9
-6.408775783E-4	-2.20910319036E-9
-6.405859978E-4	-2.18609578736E-9
-6.405317018E-4	-2.16134190436E-9
-6.402535023E-4	-2.13668491036E-9
-6.400233822E-4	-2.11439916836E-9
-6.39890441E-4	-2.09140299136E-9
-6.394923509E-4	-2.06820706036E-9
-6.393583317E-4	-2.04505885036E-9
-6.391816412E-4	-2.02340860836E-9
-6.390291183E-4	-2.00008090536E-9
-6.386822574E-4	-1.97847356036E-9
-6.383346977E-4	-1.95650769936E-9
-6.381368035E-4	-1.93472818936E-9
-6.380419088E-4	-1.91317347036E-9
-6.378296343E-4	-1.89301468336E-9
-6.376027503E-4	-1.87124138236E-9
-6.372562574E-4	-1.85132837636E-9
-6.370759159E-4	-1.83125873536E-9
-6.367497986E-4	-1.81067368336E-9
-6.364994067E-4	-1.79037505336E-9
-6.362837446E-4	-1.77231981736E-9
-6.360615051E-4	-1.75226259536E-9
-6.358059472E-4	-1.73234295336E-9
-6.355817607E-4	-1.71352930136E-9
-6.353342618E-4	-1.69589917436E-9
-6.35039898E-4	-1.67709023436E-9
-6.347745139E-4	-1.65727916536E-9
-6.345420198E-4	-1.63863858136E-9
-6.341604779E-4	-1.62229023936E-9
-6.338417192E-4	-1.60488114136E-9
-6.336881206E-4	-1.58526898036E-9
-6.3327864E-4	-1.56805851636E-9
-6.33009712E-4	-1.55219518736E-9
-6.327227207E-4	-1.53480557736E-9
-6.325159478E-4	-1.51745898736E-9
-6.322518663E-4	-1.50153370036E-9
-6.319235768E-4	-1.48414916236E-9
-6.318677644E-4	-1.46897728636E-9
-6.315701388E-4	-1.45291437436E-9
-6.313196882E-4	-1.43689707136E-9
-6.308465476E-4	-1.42062532036E-9
-6.306678909E-4	-1.40545538136E-9
-6.304693321E-4	-1.38928165236E-9
-6.301219492E-4	-1.37470019036E-9
-6.297910546E-4	-1.35877267636E-9
-6.294585833E-4	-1.34414046036E-9
-6.292619567E-4	-1.32958587136E-9
-6.289912611E-4	-1.31508670836E-9
-6.286671094E-4	-1.30059194436E-9
-6.282470807E-4	-1.28733697136E-9
-6.280016577E-4	-1.27270447136E-9
-6.276938656E-4	-1.25871935336E-9
-6.274665977E-4	-1.24428032536E-9
-6.2710068E-4	-1.23223683036E-9
-6.268367868E-4	-1.21775706936E-9
-6.263735062E-4	-1.20419142436E-9
-6.260100284E-4	-1.19120900036E-9
-6.257032199E-4	-1.17866418936E-9
-6.254232302E-4	-1.16570424036E-9
-6.251758263E-4	-1.15276228836E-9
-6.248891911E-4	-1.14099377936E-9
-6.245868373E-4	-1.12816348736E-9
-6.243119122E-4	-1.11507710336E-9
-6.239410013E-4	-1.10324989336E-9
-6.235815631E-4	-1.09141664236E-9
-6.230934774E-4	-1.07827875936E-9
-6.227723603E-4	-1.06671805036E-9
-6.223717593E-4	-1.05519843836E-9
-6.221419067E-4	-1.04388385836E-9
-6.215663703E-4	-1.03301310636E-9
-6.211561568E-4	-1.02284447536E-9
-6.210054605E-4	-1.01084970396E-9
-6.206585767E-4	-9.9926418246E-10
-6.204250277E-4	-9.8964206006E-10
-6.200239871E-4	-9.7789488196E-10
-6.195509548E-4	-9.6756202826E-10
-6.192228792E-4	-9.5736726696E-10
-6.191609246E-4	-9.4625574336E-10
-6.186223926E-4	-9.3620218586E-10
-6.181897653E-4	-9.2584797096E-10
-6.178549333E-4	-9.1545959126E-10
-6.173352108E-4	-9.0527042716E-10
-6.170211704E-4	-8.9661011156E-10
-6.164512637E-4	-8.8629440226E-10
-6.160838852E-4	-8.7620858466E-10
-6.15804821E-4	-8.6760697496E-10
-6.15337763E-4	-8.5783177476E-10
-6.149279151E-4	-8.4928635876E-10
-6.145468579E-4	-8.3909056526E-10
-6.140214121E-4	-8.3045569306E-10
-6.136132247E-4	-8.2190804396E-10
-6.131605175E-4	-8.1316365966E-10
-6.126469705E-4	-8.0307950096E-10
-6.123059179E-4	-7.9433984076E-10
-6.118993532E-4	-7.8588616886E-10
-6.116289078E-4	-7.7914653506E-10
-6.1106354E-4	-7.7055929176E-10
-6.105783221E-4	-7.6190325566E-10
-6.101020862E-4	-7.5342193146E-10
-6.094860718E-4	-7.4495099826E-10
-6.09190498E-4	-7.3638655876E-10
-6.086700745E-4	-7.2907095246E-10
-6.082015223E-4	-7.2037200696E-10
-6.076620416E-4	-7.1350316606E-10
-6.070241459E-4	-7.0503653256E-10
-6.066542911E-4	-6.9780891016E-10
-6.062653167E-4	-6.9055870146E-10
-6.057477992E-4	-6.8337189826E-10
-6.052895816E-4	-6.7608237226E-10
-6.047486782E-4	-6.6892818716E-10
-6.041818766E-4	-6.6195877886E-10
-6.037382013E-4	-6.5494443046E-10
-6.032231001E-4	-6.4795915086E-10
-6.027953805E-4	-6.4078498376E-10
-6.020595572E-4	-6.3373538276E-10
-6.015722751E-4	-6.2809424356E-10
-6.008939856E-4	-6.1932981986E-10
-6.002440365E-4	-6.1194560006E-10
-5.998684795E-4	-6.0768606256E-10
-5.993373088E-4	-6.0030236846E-10
-5.988426777E-4	-5.9433167606E-10
-5.9812473E-4	-5.8727804846E-10
-5.975179594E-4	-5.8132778466E-10
-5.969408824E-4	-5.7544939926E-10
-5.96377173E-4	-5.6803569596E-10
-5.95592161E-4	-5.6225719386E-10
-5.952409492E-4	-5.5673360216E-10
-5.944078857E-4	-5.5052488416E-10
-5.93792204E-4	-5.4438861896E-10
-5.932969453E-4	-5.3988244186E-10
-5.926975849E-4	-5.3411752126E-10
-5.920481326E-4	-5.2827460506E-10
-5.914021557E-4	-5.2229310776E-10
-5.906954656E-4	-5.1626844676E-10
-5.899766742E-4	-5.1055998166E-10
-5.895227478E-4	-5.0618957596E-10
-5.888752275E-4	-4.9998344246E-10
-5.88115022E-4	-4.9418054826E-10
-5.874870831E-4	-4.8865449556E-10
-5.870633467E-4	-4.8434975886E-10
-5.863542752E-4	-4.7868677596E-10
-5.857361857E-4	-4.7463887406E-10
-5.850517322E-4	-4.6906369426E-10
-5.840267835E-4	-4.6336364606E-10
-5.832889705E-4	-4.5764707126E-10
-5.823862355E-4	-4.5335580696E-10
-5.819097625E-4	-4.4924494996E-10
-5.810046465E-4	-4.4369966806E-10
-5.803244253E-4	-4.3931619436E-10
-5.796902762E-4	-4.3510931976E-10
-5.790630479E-4	-4.3068393326E-10
-5.784062707E-4	-4.2647353866E-10
-5.774238149E-4	-4.2092613586E-10
-5.766881707E-4	-4.1668658776E-10
-5.759461235E-4	-4.1275629946E-10
-5.749145486E-4	-4.0725993356E-10
-5.740517349E-4	-4.0289321456E-10
-5.734336344E-4	-3.9845329346E-10
-5.726378363E-4	-3.9421135726E-10
-5.720743661E-4	-3.9138734006E-10
-5.711199637E-4	-3.8717792916E-10
-5.703247931E-4	-3.8291708726E-10
-5.696286176E-4	-3.7929470696E-10
-5.686705306E-4	-3.7493911416E-10
-5.682526002E-4	-3.7207960236E-10
-5.672493553E-4	-3.6775146406E-10
-5.662023699E-4	-3.6331100496E-10
-5.654961092E-4	-3.6011229096E-10
-5.645138772E-4	-3.5571365246E-10
-5.636004517E-4	-3.5126344586E-10
-5.627866134E-4	-3.4843290296E-10
-5.617911894E-4	-3.4360498256E-10
-5.610539569E-4	-3.4085477946E-10
-5.599863256E-4	-3.3652020176E-10
-5.590909754E-4	-3.3374830416E-10
-5.585957649E-4	-3.3099792906E-10
-5.574370568E-4	-3.2666438446E-10
-5.565812821E-4	-3.2390536236E-10
-5.557242527E-4	-3.2104047596E-10
-5.546548804E-4	-3.1664835036E-10
-5.537233435E-4	-3.1426454876E-10
-5.529520206E-4	-3.1124449486E-10
-5.51677083E-4	-3.0690600226E-10
-5.50756998E-4	-3.0433627036E-10
-5.495354576E-4	-3.0078508256E-10
-5.485761837E-4	-2.9780616876E-10
-5.476748718E-4	-2.9466451506E-10
-5.468258551E-4	-2.9184912536E-10
-5.458614514E-4	-2.8908723936E-10
-5.449696204E-4	-2.8631145086E-10
-5.435368527E-4	-2.8202834966E-10
-5.425577136E-4	-2.7988456576E-10
-5.413873556E-4	-2.7691197886E-10
-5.403211349E-4	-2.7325661536E-10
-5.39821562E-4	-2.7185219086E-10
-5.387229118E-4	-2.6897931616E-10
-5.376780027E-4	-2.6613094176E-10
-5.365156091E-4	-2.6342232596E-10
-5.353081135E-4	-2.6054110556E-10
-5.340941475E-4	-2.5769106306E-10
-5.32715119E-4	-2.5492542876E-10
-5.313964929E-4	-2.5192739136E-10
-5.307324626E-4	-2.5067138366E-10
-5.293319941E-4	-2.4798380086E-10
-5.280207282E-4	-2.4427987546E-10
-5.26791544E-4	-2.4121258166E-10
-5.26092192E-4	-2.3991788766E-10
-5.246895291E-4	-2.3699931146E-10
-5.234956652E-4	-2.3437580346E-10
-5.227460463E-4	-2.3295464446E-10
-5.211810346E-4	-2.2995606386E-10
-5.206067775E-4	-2.2925041566E-10
-5.191321334E-4	-2.2627314006E-10
-5.1768514E-4	-2.2295076986E-10
-5.171329294E-4	-2.2156324286E-10
-5.15451049E-4	-2.1871933486E-10
-5.146767174E-4	-2.1734082636E-10
-5.13247241E-4	-2.1473394256E-10
-5.122973227E-4	-2.1354389456E-10
-5.103517763E-4	-2.1056898846E-10
-5.096354172E-4	-2.0929502516E-10
-5.076570271E-4	-2.0624524586E-10
-5.068892237E-4	-2.0483779946E-10
-5.059861108E-4	-2.0336994466E-10
-5.04208614E-4	-2.0036767786E-10
-5.031447881E-4	-1.9905939606E-10
-5.012084157E-4	-1.9602253736E-10
-5.001541667E-4	-1.9441970776E-10
-4.991987942E-4	-1.9289867116E-10
-4.968536205E-4	-1.9002355476E-10
-4.960956447E-4	-1.8824977346E-10
-4.950497162E-4	-1.8695046716E-10
-4.937207765E-4	-1.8580445946E-10
-4.917052043E-4	-1.8287366356E-10
-4.907796188E-4	-1.8128858936E-10
-4.894795548E-4	-1.7987511876E-10
-4.885074792E-4	-1.7868625756E-10
-4.860350883E-4	-1.7582398186E-10
-4.849734788E-4	-1.7465406446E-10
-4.837317639E-4	-1.7322448836E-10
-4.827003926E-4	-1.7171922366E-10
-4.813395703E-4	-1.6922300346E-10
-4.804567609E-4	-1.6778037076E-10
-4.778686268E-4	-1.6575123376E-10
-4.763680586E-4	-1.6396391936E-10
-4.753686053E-4	-1.6232934986E-10
-4.740815894E-4	-1.6091750526E-10
-4.729115168E-4	-1.5955796416E-10
-4.718498363E-4	-1.5821759666E-10
-4.702057538E-4	-1.5680667966E-10
-4.686929076E-4	-1.5536551276E-10
-4.675007149E-4	-1.5394138506E-10
-4.66037699E-4	-1.5262725946E-10
-4.643107661E-4	-1.5115646126E-10
-4.63016947E-4	-1.4973184406E-10
-4.61420644E-4	-1.4845895226E-10
-4.598429177E-4	-1.4715288506E-10
-4.583368736E-4	-1.4569586696E-10
-4.566926517E-4	-1.4409356276E-10
-4.548674229E-4	-1.4260320276E-10
-4.533362044E-4	-1.4088671686E-10
-4.516133616E-4	-1.3934518416E-10
-4.501054213E-4	-1.3792244186E-10
-4.484306537E-4	-1.3654614646E-10
-4.466496722E-4	-1.3508545526E-10
-4.432410274E-4	-1.3250055826E-10
-4.41548232E-4	-1.3104519086E-10
-4.397933973E-4	-1.2978237986E-10
-4.376753592E-4	-1.2825642646E-10
-4.358996646E-4	-1.2692085186E-10
-4.340188222E-4	-1.2538512606E-10
-4.31852529E-4	-1.2375698256E-10
-4.29934968E-4	-1.2213926646E-10
-4.281369668E-4	-1.2069392583E-10
-4.257299797E-4	-1.1918630387E-10
-4.257211474E-4	-1.1925595606E-10
-4.235090561E-4	-1.1761984688E-10
-4.217352601E-4	-1.164302559E-10
-4.197369926E-4	-1.1498960309E-10
-4.170728586E-4	-1.1334383978E-10
-4.147759241E-4	-1.1189756353E-10
-4.134130853E-4	-1.1091258384E-10
-4.10620406E-4	-1.095296213E-10
-4.085248885E-4	-1.0820509853E-10
-4.062242785E-4	-1.0683921286E-10
-4.034933404E-4	-1.0535662067E-10
-4.033954257E-4	-1.0530438468E-10
-4.009781976E-4	-1.0379295243E-10
-3.984385287E-4	-1.014280216E-10
-3.964145888E-4	-1.0013217787E-10
-3.937045609E-4	-9.968818833E-11
-3.905215806E-4	-9.796445917E-11
-3.880477544E-4	-9.6096775E-11
-3.853431911E-4	-9.44167972E-11
-3.818543134E-4	-9.308311513E-11
-3.795733565E-4	-9.182640761E-11
-3.740257878E-4	-8.877766175E-11
-3.710602579E-4	-8.725643984E-11
-3.681526431E-4	-8.558061871E-11
-3.654731823E-4	-8.40865102E-11
-3.618973638E-4	-8.25973559E-11
-3.588047861E-4	-8.106230544E-11
-3.55850387E-4	-7.978560329E-11
-3.525769599E-4	-7.865526234E-11
-3.493198152E-4	-7.785225603E-11
-3.459783989E-4	-7.628661512E-11
-3.426965303E-4	-7.434092178E-11
-3.426902623E-4	-7.448892337E-11
-3.390047688E-4	-7.302689524E-11
-3.357702051E-4	-7.141635366E-11
-3.319835967E-4	-7.036907994E-11
-3.280475E-4	-6.876626299E-11
-3.248820029E-4	-6.738414786E-11
-3.215047789E-4	-6.593082238E-11
-3.172678465E-4	-6.488197206E-11
-3.135342788E-4	-6.354116404E-11
-3.093595747E-4	-6.20735399E-11
-3.050266339E-4	-6.04845393E-11
-3.046826644E-4	-5.966333646E-11
-3.008350496E-4	-5.823864022E-11
-2.961943978E-4	-5.732811052E-11
-2.92453506E-4	-5.586351606E-11
-2.881064136E-4	-5.431400542E-11
-2.833585292E-4	-5.336391851E-11
-2.783542815E-4	-5.104392596E-11
-2.738551644E-4	-4.96470366E-11
-2.688004339E-4	-4.866706463E-11
-2.642911105E-4	-4.714894161E-11
-2.545124983E-4	-4.428777274E-11
-2.493081869E-4	-4.277976148E-11
-2.440500625E-4	-4.184813672E-11
-2.388262168E-4	-4.015865265E-11
-2.321939698E-4	-3.818629128E-11
-2.272609679E-4	-3.679849905E-11
-2.216065456E-4	-3.536412407E-11
-2.156361505E-4	-3.416338806E-11
-2.087965288E-4	-3.272770114E-11
-2.031334288E-4	-3.117612965E-11
-2.030201171E-4	-3.108671221E-11
-1.966286713E-4	-2.9607385306E-11
-1.899481972E-4	-2.793633747E-11
-1.828986494E-4	-2.6223481854E-11
-1.751771078E-4	-2.6030543213E-11
-1.685971566E-4	-2.4498541356E-11
-1.603370561E-4	-2.20025310942E-11
-1.536922112E-4	-2.050459443E-11
-1.456072484E-4	-1.9336175178E-11
-1.375809327E-4	-1.8315773936E-11
-1.288084617E-4	-1.5895545835E-11
-1.266907876E-4	-1.7125504293E-11
-1.176103783E-4	-1.4436227067E-11
-1.111223225E-4	-1.3219393441E-11
-1.0261073E-4	-1.2086918788E-11
-9.372320076E-5	-1.07686737E-11
-8.427417978E-5	-9.3804913E-12
-7.432204261E-5	-7.86327122E-12
-6.003165383E-5	-6.46411138E-12
-5.167489414E-5	-4.77793007E-12
-4.154883143E-5	-3.22310035E-12
-3.092159169E-5	-1.77736893E-12
-2.782474572E-5	-2.60583879E-12
-2.004192555E-5	-1.18543491E-12
-9.523423219E-6	0
7.176985928E-7	1.42156725E-12
1.652880196E-5	4.21454266E-12
2.537764172E-5	5.67896478E-12
3.594938634E-5	7.07299162E-12
4.643949949E-5	8.43956369E-12
6.122422285E-5	8.93573383E-12
6.868008476E-5	1.049637153E-11
8.080964413E-5	1.248217228E-11
8.113719694E-5	1.251879826E-11
9.182246514E-5	1.389149994E-11
9.962393205E-5	1.549597398E-11
1.108980844E-4	1.660691251E-11
1.1811509E-4	1.772474895E-11
1.267902997E-4	1.894417915E-11
1.351415967E-4	2.027595098E-11
1.430058817E-4	2.178607075E-11
1.511747511E-4	2.346086012E-11
1.601234522E-4	2.55934729E-11
1.66964863E-4	2.714116006E-11
1.742350874E-4	2.856708125E-11
1.750301972E-4	2.849408307E-11
1.816205203E-4	3.002411903E-11
1.875777366E-4	3.127599509E-11
1.943617809E-4	3.247699602E-11
2.01079675E-4	3.388584707E-11
2.074357711E-4	3.497452112E-11
2.147012913E-4	3.738306011E-11
2.207724701E-4	3.903959837E-11
2.266699123E-4	3.911672221E-11
2.3193049E-4	4.034497888E-11
2.375569159E-4	4.179404356E-11
2.377405755E-4	4.189875151E-11
2.426725228E-4	4.342604636E-11
2.486049886E-4	4.51832596E-11
2.54157099E-4	4.723438388E-11
2.589731973E-4	4.866748472E-11
2.645922283E-4	4.958182362E-11
2.695075902E-4	5.115314131E-11
2.743956228E-4	5.299908737E-11
2.784018178E-4	5.410504778E-11
2.83964192E-4	5.572315355E-11
2.921921239E-4	5.80404991E-11
2.967078099E-4	5.945137334E-11
3.009531936E-4	6.097589022E-11
3.051627834E-4	6.266487425E-11
3.091070692E-4	6.389976067E-11
3.129152019E-4	6.5958227E-11
3.17112546E-4	6.743114544E-11
3.211431926E-4	6.804253686E-11
3.247946438E-4	7.029489311E-11
3.316982364E-4	7.244370452E-11
3.354392691E-4	7.421093659E-11
3.391592648E-4	7.566113982E-11
3.427389592E-4	7.701466863E-11
3.462714215E-4	7.858466329E-11
3.499572323E-4	8.009569904E-11
3.527628067E-4	8.150656664E-11
3.562038233E-4	8.270451924E-11
3.595649285E-4	8.485715734E-11
3.659824116E-4	8.720749994E-11
3.688281068E-4	8.892632364E-11
3.718201028E-4	9.028186874E-11
3.744946433E-4	9.190781144E-11
3.773086685E-4	9.351475254E-11
3.798020639E-4	9.433893104E-11
3.82940726E-4	9.645488294E-11
3.857932044E-4	9.737779954E-11
3.887489274E-4	9.888704834E-11
3.908684497E-4	1.0003036334E-10
3.960688978E-4	1.0384316054E-10
3.982468992E-4	1.0506805294E-10
4.010178768E-4	1.0554022544E-10
4.035774332E-4	1.0722032754E-10
4.062651425E-4	1.0931990884E-10
4.083596082E-4	1.1077094614E-10
4.10589253E-4	1.1216027854E-10
4.128558215E-4	1.1357859244E-10
4.148767028E-4	1.1438760524E-10
4.175594949E-4	1.1604778004E-10
4.199934357E-4	1.1825777114E-10
4.24263912E-4	1.2129051714E-10
4.261429512E-4	1.2288599814E-10
4.282264029E-4	1.2427662924E-10
4.302846331E-4	1.2449504944E-10
4.32181713E-4	1.2600810844E-10
4.339945431E-4	1.2746852804E-10
4.36223324E-4	1.2893456354E-10
4.376756494E-4	1.3085656814E-10
4.412920408E-4	1.3386813764E-10
4.4357027E-4	1.3506782134E-10
4.452722392E-4	1.3672926974E-10
4.465404348E-4	1.3775310344E-10
4.484184766E-4	1.3877046144E-10
4.519758276E-4	1.4270527474E-10
4.533810271E-4	1.4440242784E-10
4.548626065E-4	1.4424832294E-10
4.567596978E-4	1.4602467784E-10
4.599714548E-4	1.5006006734E-10
4.617224378E-4	1.5167677634E-10
4.627124101E-4	1.5181865384E-10
4.661503424E-4	1.5498760594E-10
4.669161878E-4	1.5664614744E-10
4.685459166E-4	1.5811399504E-10
4.714171902E-4	1.6088471294E-10
4.72670354E-4	1.6229511584E-10
4.756499979E-4	1.6555347004E-10
4.769610392E-4	1.6709424724E-10
4.778916873E-4	1.6792292064E-10
4.803934855E-4	1.7078237024E-10
4.82003549E-4	1.7235964534E-10
4.844431209E-4	1.7521185984E-10
4.854061023E-4	1.7652425964E-10
4.878446421E-4	1.7942385494E-10
4.888189679E-4	1.8060706244E-10
4.91374707E-4	1.8345219454E-10
4.935460252E-4	1.8676770034E-10
4.946396751E-4	1.8910355694E-10
4.967868595E-4	1.9203068664E-10
4.978925957E-4	1.9301374314E-10
5.000028495E-4	1.9590762384E-10
5.019307935E-4	1.9931313694E-10
5.02565026E-4	1.9935965174E-10
5.04727454E-4	2.0220156184E-10
5.064333252E-4	2.0505551344E-10
5.081692884E-4	2.0785966494E-10
5.092231695E-4	2.0938955154E-10
5.109887778E-4	2.1236540454E-10
5.126214205E-4	2.1641744474E-10
5.144521847E-4	2.1945406234E-10
5.15693541E-4	2.2104277854E-10
5.175053639E-4	2.2386633114E-10
5.180749503E-4	2.2554392204E-10
5.195318878E-4	2.2803424874E-10
5.210459307E-4	2.3092799324E-10
5.227128534E-4	2.3376972324E-10
5.240717553E-4	2.3668257254E-10
5.254847643E-4	2.3983444874E-10
5.272329021E-4	2.4288105494E-10
5.285925035E-4	2.4693622404E-10
5.299937438E-4	2.4978073164E-10
5.314848744E-4	2.5269305464E-10
5.325696105E-4	2.5559603304E-10
5.343260562E-4	2.5871684314E-10
5.355146686E-4	2.6285346564E-10
5.368253881E-4	2.6566831124E-10
5.380432195E-4	2.6845248734E-10
5.392962984E-4	2.7144361584E-10
5.410161929E-4	2.7569258344E-10
5.419953405E-4	2.7838007234E-10
5.430923777E-4	2.8110824654E-10
5.441230623E-4	2.8396990394E-10
5.455176538E-4	2.8828091634E-10
5.468269157E-4	2.9061777524E-10
5.482787695E-4	2.9505242104E-10
5.490765487E-4	2.9854852844E-10
5.499443279E-4	3.0106629534E-10
5.513941289E-4	3.0537184834E-10
5.526376448E-4	3.0878223964E-10
5.537983782E-4	3.1321193084E-10
5.550912834E-4	3.1750101934E-10
5.559031443E-4	3.2035908414E-10
5.571377205E-4	3.2512581914E-10
5.577558572E-4	3.2793566784E-10
5.586020415E-4	3.3036151274E-10
5.599028065E-4	3.3475390424E-10
5.607628228E-4	3.3911527284E-10
5.616682842E-4	3.4215941794E-10
5.627057372E-4	3.4648088924E-10
5.637805987E-4	3.5097376974E-10
5.64904482E-4	3.5557747004E-10
5.661723905E-4	3.6079596944E-10
5.672497633E-4	3.6522715814E-10
5.680104799E-4	3.6845213764E-10
5.689162826E-4	3.7268903344E-10
5.697484924E-4	3.7783656184E-10
5.707429089E-4	3.8202079464E-10
5.717317289E-4	3.8574785054E-10
5.723896566E-4	3.9037574494E-10
5.731889741E-4	3.9503770504E-10
5.74259404E-4	3.9927977054E-10
5.754189302E-4	4.0498833654E-10
5.762967377E-4	4.0942887554E-10
5.770515252E-4	4.1406415984E-10
5.775133815E-4	4.1862869164E-10
5.785933405E-4	4.2435371494E-10
5.792065223E-4	4.2875157974E-10
5.801053098E-4	4.3464775174E-10
5.809191016E-4	4.3902143524E-10
5.818237306E-4	4.4459911284E-10
5.823368271E-4	4.4879531924E-10
5.832505982E-4	4.5442991384E-10
5.842109241E-4	4.6020230654E-10
5.84622941E-4	4.6429150984E-10
5.853968339E-4	4.6990538084E-10
5.86290337E-4	4.7565635464E-10
5.87140419E-4	4.8151146684E-10
5.876195833E-4	4.8712961074E-10
5.881046112E-4	4.9147697164E-10
5.889337046E-4	4.9754310084E-10
5.895486406E-4	5.0263254374E-10
5.900497314E-4	5.0825607984E-10
5.907751921E-4	5.1391801284E-10
5.91572106E-4	5.2100132614E-10
5.921769908E-4	5.2687620524E-10
5.930454122E-4	5.3269801344E-10
5.93580033E-4	5.3859471114E-10
5.944738784E-4	5.4594329514E-10
5.950310928E-4	5.5178065684E-10
5.955014347E-4	5.5742538874E-10
5.96266144E-4	5.6463425314E-10
5.969089333E-4	5.7044696174E-10
5.976925346E-4	5.7771078944E-10
5.982375514E-4	5.8501080534E-10
5.988119628E-4	5.9087546574E-10
5.996015972E-4	5.9837811154E-10
6.001196374E-4	6.0582921914E-10
6.006847081E-4	6.1118900824E-10
6.012414359E-4	6.1796568934E-10
6.018556258E-4	6.2502540234E-10
6.024648847E-4	6.3213254634E-10
6.028462139E-4	6.3939557504E-10
6.034670509E-4	6.4658330094E-10
6.040876897E-4	6.5523879234E-10
6.04947671E-4	6.6403078124E-10
6.053822654E-4	6.7100952354E-10
6.057377687E-4	6.7672815114E-10
6.063064296E-4	6.8555375984E-10
6.067764897E-4	6.9421928334E-10
6.073439076E-4	7.0292200794E-10
6.078445815E-4	7.0882478034E-10
6.084647819E-4	7.1738259044E-10
6.088011396E-4	7.2615753424E-10
6.093614E-4	7.3326307524E-10
6.097791761E-4	7.4205877464E-10
6.104263875E-4	7.5081849864E-10
6.106897092E-4	7.5946627794E-10
6.113584111E-4	7.6884436944E-10
6.117983866E-4	7.7758909404E-10
6.122611657E-4	7.8555387524E-10
6.12667518E-4	7.9422229834E-10
6.132727696E-4	8.0494738784E-10
6.137332644E-4	8.1349106644E-10
6.143294851E-4	8.2157742024E-10
6.14618551E-4	8.3177715334E-10
6.15115303E-4	8.4058615664E-10
6.155933412E-4	8.5073730224E-10
6.160141629E-4	8.6105093324E-10
6.163453895E-4	8.7147359544E-10
6.168572414E-4	8.8035259154E-10
6.171809676E-4	8.8900216394E-10
6.176132856E-4	8.9907179534E-10
6.180674257E-4	9.0929919284E-10
6.186239975E-4	9.2102750134E-10
6.189803666E-4	9.3121109334E-10
6.192990518E-4	9.4151973304E-10
6.197696459E-4	9.5307268644E-10
6.20171538E-4	9.6367224414E-10
6.204554843E-4	9.7521632164E-10
6.20925366E-4	9.8483063964E-10
6.213105125E-4	9.9636291664E-10
6.216393087E-4	1.00804151264E-9
6.220420793E-4	1.01981673864E-9
6.223876246E-4	1.03163073664E-9
6.227826908E-4	1.04348880764E-9
6.231053382E-4	1.05504702364E-9
6.235090907E-4	1.06657260364E-9
6.238028043E-4	1.07955491064E-9
6.241435013E-4	1.09076087564E-9
6.245328546E-4	1.10372351464E-9
6.249402368E-4	1.11660356864E-9
6.253214456E-4	1.12815548964E-9
6.256998716E-4	1.14128529564E-9
6.258687032E-4	1.15419441864E-9
6.262198435E-4	1.16687327064E-9
6.265525996E-4	1.17986907364E-9
6.268920761E-4	1.19408816664E-9
6.273326325E-4	1.20668908464E-9
6.276095842E-4	1.21941187464E-9
6.279104574E-4	1.23386846764E-9
6.28203969E-4	1.24832496764E-9
6.284179124E-4	1.26161121164E-9
6.287755821E-4	1.27598552764E-9
6.291163973E-4	1.29053261564E-9
6.294436552E-4	1.30487848264E-9
6.298106186E-4	1.32056384064E-9
6.300813024E-4	1.33514325664E-9
6.303838692E-4	1.34960639164E-9
6.307703199E-4	1.36556176864E-9
6.3105654E-4	1.38170611364E-9
6.314077637E-4	1.39607212464E-9
6.316869932E-4	1.41241786364E-9
6.32055187E-4	1.42826975064E-9
6.325437144E-4	1.44402362164E-9
6.325606732E-4	1.46147248864E-9
6.32844254E-4	1.47731713264E-9
6.330906726E-4	1.49410718164E-9
6.336387374E-4	1.50994033564E-9
6.337452699E-4	1.52727331864E-9
6.340100624E-4	1.54603858664E-9
6.341847354E-4	1.56326279864E-9
6.344181659E-4	1.58055823964E-9
6.346833597E-4	1.59919186564E-9
6.349934071E-4	1.61632519364E-9
6.353059058E-4	1.63503491064E-9
6.354488756E-4	1.65242214564E-9
6.357129672E-4	1.67095068064E-9
6.359703518E-4	1.68976561864E-9
6.36191242E-4	1.70852279664E-9
6.36419099E-4	1.72844833764E-9
6.367071714E-4	1.74684085264E-9
6.369960599E-4	1.76686663264E-9
6.372368497E-4	1.78709350664E-9
6.374824635E-4	1.80713975064E-9
6.377527068E-4	1.82727911164E-9
6.379505315E-4	1.84787373764E-9
6.382299133E-4	1.86787104264E-9
6.38409924E-4	1.88954248564E-9
6.385347084E-4	1.90975129564E-9
6.388955208E-4	1.93135370564E-9
6.390877158E-4	1.95291402664E-9
6.394059874E-4	1.97602578364E-9
6.395986791E-4	1.99777195164E-9
6.39698809E-4	2.02093251864E-9
6.399448267E-4	2.04274754064E-9
6.4014846E-4	2.06581659864E-9
6.402596149E-4	2.08918546064E-9
6.40471009E-4	2.11217697964E-9
6.410313416E-4	2.13692483364E-9
6.410891823E-4	2.16004153264E-9
6.414232656E-4	2.18471147064E-9
6.416059422E-4	2.20954923864E-9
6.418021652E-4	2.23408071864E-9
6.42073725E-4	2.26025404364E-9
6.422585932E-4	2.28501489764E-9
6.424232171E-4	2.31095678264E-9
6.426108467E-4	2.33694290564E-9
6.427287587E-4	2.36283947064E-9
6.429559881E-4	2.39007744564E-9
6.431209461E-4	2.41588073064E-9
6.434726651E-4	2.44332310064E-9
6.435113994E-4	2.47076971164E-9
6.438330388E-4	2.49812689264E-9
6.439914973E-4	2.52559910364E-9
6.4416269E-4	2.55423627064E-9
6.444622216E-4	2.58311296064E-9
6.447149128E-4	2.61154285164E-9
6.448732906E-4	2.64036776864E-9
6.451170783E-4	2.67060861964E-9
6.452007953E-4	2.69900588064E-9
6.453767264E-4	2.72938732764E-9
6.455598165E-4	2.75977150364E-9
6.456559314E-4	2.79141829764E-9
6.459723544E-4	2.82313749664E-9
6.460607644E-4	2.85356869464E-9
6.463278436E-4	2.88683647664E-9
6.464990106E-4	2.91838383964E-9
6.465776068E-4	2.95169226764E-9
6.467391475E-4	2.98362240464E-9
6.469879151E-4	3.01839722064E-9
6.470987631E-4	3.05147664164E-9
6.472203129E-4	3.08619254264E-9
6.474428147E-4	3.12086699864E-9
6.475679695E-4	3.15536895764E-9
6.477616673E-4	3.19004876364E-9
6.47886325E-4	3.22610852064E-9
6.481003739E-4	3.26231892664E-9
6.48258028E-4	3.29860808764E-9
6.484955712E-4	3.33617651664E-9
6.486019135E-4	3.37398957164E-9
6.488731314E-4	3.41093234864E-9
6.490600484E-4	3.44877148364E-9
6.493482499E-4	3.48773955664E-9
6.493923681E-4	3.52683008564E-9
6.494521157E-4	3.56620086564E-9
6.497354698E-4	3.60688148464E-9
6.498240932E-4	3.64745314064E-9
6.499790693E-4	3.68767569364E-9
6.502753671E-4	3.72811606564E-9
6.505124696E-4	3.76973449564E-9
6.506085241E-4	3.81269328564E-9
6.50723509E-4	3.85476632864E-9
6.50848343E-4	3.89812007664E-9
6.510774701E-4	3.94132892264E-9
6.513663838E-4	3.98614398064E-9
6.515182997E-4	4.02939065264E-9
6.516083814E-4	4.07527899564E-9
6.516879022E-4	4.11981486264E-9
6.518538899E-4	4.16555733464E-9
6.520670841E-4	4.21136219064E-9
6.522717006E-4	4.25895002564E-9
6.523963223E-4	4.30661587964E-9
6.525917159E-4	4.35435061564E-9
6.527996733E-4	4.40363721164E-9
6.530167219E-4	4.45301466164E-9
6.531766763E-4	4.50220175664E-9
6.533711932E-4	4.55272915264E-9
6.534533062E-4	4.60322764064E-9
6.535551965E-4	4.65537475064E-9
6.536851372E-4	4.70773520764E-9
6.539261306E-4	4.75980994964E-9
6.540140186E-4	4.81332670664E-9
6.542509662E-4	4.86699666364E-9
6.544806872E-4	4.92190727264E-9
6.546189515E-4	4.97671128864E-9
6.548451964E-4	5.03142681264E-9
6.550852182E-4	5.08740919964E-9
6.552397654E-4	5.14518556664E-9
6.554265886E-4	5.20127070664E-9
6.556537368E-4	5.26000405064E-9
6.557199105E-4	5.31793473964E-9
6.560047939E-4	5.37703160964E-9
6.56199572E-4	5.43768587064E-9
6.564392486E-4	5.49779220664E-9
6.565915101E-4	5.55807652764E-9
6.567423947E-4	5.62005873064E-9
6.569345762E-4	5.68360946264E-9
6.57096747E-4	5.74718041864E-9
6.572056873E-4	5.81071971564E-9
6.573640154E-4	5.87574365664E-9
6.57566628E-4	5.94079837464E-9
6.577120504E-4	6.00730091864E-9
6.579484322E-4	6.07517708764E-9
6.579832176E-4	6.14306646564E-9
6.582631233E-4	6.21090366464E-9
6.584710468E-4	6.28042306564E-9
6.586648269E-4	6.35119004664E-9
6.58827614E-4	6.42181383764E-9
6.589304971E-4	6.49315872064E-9
6.590190243E-4	6.56557561464E-9
6.593707457E-4	6.63924152864E-9
6.595268725E-4	6.71279503464E-9
6.597774642E-4	6.78775831364E-9
6.600238251E-4	6.86416891364E-9
6.602695799E-4	6.94052075164E-9
6.605375258E-4	7.01689139764E-9
6.608919604E-4	7.09486640164E-9
6.610531576E-4	7.17425725264E-9
6.61283483E-4	7.25505280964E-9
6.614818403E-4	7.33577199764E-9
6.617193708E-4	7.41656144564E-9
6.620345843E-4	7.49875355764E-9
6.62222618E-4	7.58239980264E-9
6.624951366E-4	7.66721719264E-9
6.627430979E-4	7.75241057264E-9
6.630504654E-4	7.83883368664E-9
6.632349565E-4	7.92516237964E-9
6.635330177E-4	8.01472978864E-9
6.63879167E-4	8.10436104864E-9
6.640876E-4	8.19363241964E-9
6.64395217E-4	8.28454225464E-9
6.647001653E-4	8.37700448364E-9
6.649654912E-4	8.47099196264E-9
6.652453235E-4	8.56491554564E-9
6.655465518E-4	8.66022470564E-9
6.658541426E-4	8.75696995564E-9
6.661986348E-4	8.85543625164E-9
6.664106703E-4	8.95370509864E-9
6.668769463E-4	9.05348087464E-9
6.67138977E-4	9.15460878164E-9
6.674672777E-4	9.25712116664E-9
6.678815568E-4	9.35972504764E-9
6.682826909E-4	9.46384329864E-9
6.685103954E-4	9.56919498364E-9
6.687731726E-4	9.67446219064E-9
6.692248246E-4	9.77920589164E-9
6.696033914E-4	9.88481226364E-9
6.699992531E-4	9.98860134764E-9
6.702965099E-4	1.009392792764E-8
6.706835989E-4	1.019931377764E-8
6.710616584E-4	1.030468466764E-8
6.714043577E-4	1.041030523764E-8
6.718627297E-4	1.051549934764E-8
6.722280825E-4	1.061927731764E-8
6.725932656E-4	1.072396702764E-8
6.729974587E-4	1.082909113764E-8
6.733163369E-4	1.093439264764E-8
6.73625765E-4	1.103970830764E-8
6.739805797E-4	1.114377473764E-8
6.743767125E-4	1.124920724764E-8
6.748788332E-4	1.135467931764E-8
6.752492819E-4	1.146003759764E-8
6.755602039E-4	1.156542203764E-8
6.758763801E-4	1.167070899764E-8
6.763108555E-4	1.177467423764E-8
6.767583947E-4	1.188054409764E-8
6.772085283E-4	1.198593863764E-8
6.774468534E-4	1.209189851764E-8
6.778403083E-4	1.219759626764E-8
6.782526905E-4	1.230148714764E-8
6.786820236E-4	1.240692231764E-8
6.791541223E-4	1.251227583764E-8
6.7952925E-4	1.261724800764E-8
6.799898995E-4	1.272256363764E-8
6.803151999E-4	1.282784863764E-8
6.807346132E-4	1.293180573764E-8
6.811907209E-4	1.303707324764E-8
6.816064831E-4	1.314246657764E-8
6.820674273E-4	1.324714676764E-8
6.825199677E-4	1.335258441764E-8
6.82919525E-4	1.345609378764E-8
6.833676703E-4	1.356089357764E-8
6.838485974E-4	1.366671275764E-8
6.842913354E-4	1.377203070764E-8
6.847796948E-4	1.387756321764E-8
6.851535567E-4	1.398313406764E-8
6.855842056E-4	1.408709684764E-8
6.860628462E-4	1.419237029764E-8
6.864707599E-4	1.429768705764E-8
6.870304029E-4	1.440295800764E-8
6.874670031E-4	1.450858598764E-8
6.878521245E-4	1.461260303764E-8
6.883473364E-4	1.471810808764E-8
6.886753387E-4	1.482398915764E-8
6.891932464E-4	1.492975715764E-8
6.896340412E-4	1.503515017764E-8
6.900980686E-4	1.514047266764E-8
6.905486057E-4	1.524403137764E-8
6.910158545E-4	1.534951432764E-8
6.915630879E-4	1.545480230764E-8
6.921184747E-4	1.555998447764E-8
6.924548827E-4	1.566543546764E-8
6.928822954E-4	1.576913917764E-8
6.932691003E-4	1.587424802764E-8
6.936840306E-4	1.597929180764E-8
6.942267717E-4	1.608436576764E-8
6.946183296E-4	1.618937238764E-8
6.951131509E-4	1.629493688764E-8
6.957728909E-4	1.639883964764E-8
6.962841021E-4	1.650563591764E-8
6.967272322E-4	1.661093659764E-8
6.972385488E-4	1.671636226764E-8
6.976889922E-4	1.682161879764E-8
6.980560983E-4	1.692538750764E-8
6.98591502E-4	1.703033492764E-8
6.990654124E-4	1.713564719764E-8
6.996357484E-4	1.724019273764E-8
7.001504438E-4	1.734558532764E-8
7.006257538E-4	1.745117952764E-8
7.011023435E-4	1.755529325764E-8
7.015308462E-4	1.766061679764E-8
7.020596484E-4	1.776596220764E-8
7.024574062E-4	1.787135827764E-8
7.029875584E-4	1.797691879764E-8
7.034367102E-4	1.808108284764E-8
7.039549857E-4	1.818653960764E-8
7.045158848E-4	1.829232262764E-8
7.04941034E-4	1.839791710764E-8
7.054732249E-4	1.850321294764E-8
7.060084506E-4	1.860847124764E-8
7.065345632E-4	1.871230356764E-8
7.070318232E-4	1.881751271764E-8
7.075613482E-4	1.892274564764E-8
7.080251733E-4	1.902798876764E-8
7.085635173E-4	1.913335203764E-8
7.090571401E-4	1.923764686764E-8
7.096414233E-4	1.934287029764E-8
7.101850528E-4	1.944793132764E-8
7.106362303E-4	1.955282094764E-8
7.111810471E-4	1.965814066764E-8
7.118204337E-4	1.976321501764E-8
7.121924107E-4	1.986676366764E-8
7.127721455E-4	1.997214856764E-8
7.132615591E-4	2.007753768764E-8
7.137492435E-4	2.018317532764E-8
7.14359889E-4	2.028867058764E-8
7.14899538E-4	2.039240770764E-8
7.154482984E-4	2.049797238764E-8
7.159531589E-4	2.060326222764E-8
7.164912286E-4	2.070879521764E-8
7.168808075E-4	2.081452487764E-8
7.174575517E-4	2.092042225764E-8
7.178427105E-4	2.102440270764E-8
7.183600862E-4	2.113010291764E-8
7.190071186E-4	2.123539367764E-8
7.196536667E-4	2.134064742764E-8
7.200199073E-4	2.144584020764E-8
7.205973524E-4	2.154960864764E-8
7.211460662E-4	2.165498423764E-8
7.218062221E-4	2.176025675764E-8
7.223129661E-4	2.186565158764E-8
7.228739971E-4	2.197103657764E-8
7.235227817E-4	2.207477892764E-8
7.23987176E-4	2.218016918764E-8
7.244542242E-4	2.228544891764E-8
7.250720779E-4	2.239025853764E-8
7.255409746E-4	2.249601202764E-8
7.262184807E-4	2.260081719764E-8
7.267553902E-4	2.270474887764E-8
7.272754095E-4	2.280991290764E-8
7.278330474E-4	2.291526419764E-8
7.282266699E-4	2.302046978764E-8
7.28925748E-4	2.312604933764E-8
7.296470278E-4	2.322996833764E-8
7.301658016E-4	2.333514528764E-8
7.307636105E-4	2.344069529764E-8
7.313624286E-4	2.354606993764E-8