-6.975718656E-4	-4.19520762692E-9
-6.97283261E-4	-4.11000311292E-9
-6.96857388E-4	-4.02474533092E-9
-6.966223069E-4	-3.93945649592E-9
-6.961977323E-4	-3.85415158892E-9
-6.958205942E-4	-3.76881564092E-9
-6.95429096E-4	-3.68406743092E-9
-6.950995238E-4	-3.60186103092E-9
-6.948287023E-4	-3.52115803192E-9
-6.94450783E-4	-3.44224852592E-9
-6.940943507E-4	-3.36513575392E-9
-6.937221306E-4	-3.28979540592E-9
-6.932966454E-4	-3.21611441792E-9
-6.928617629E-4	-3.14409927992E-9
-6.925664811E-4	-3.07362687292E-9
-6.922489649E-4	-3.00481398992E-9
-6.918124411E-4	-2.93759747592E-9
-6.914185654E-4	-2.87181694692E-9
-6.910647129E-4	-2.80752825392E-9
-6.907938801E-4	-2.74474886192E-9
-6.904928599E-4	-2.68325257692E-9
-6.901344099E-4	-2.62323843092E-9
-6.896702223E-4	-2.56454358492E-9
-6.893810219E-4	-2.50726297492E-9
-6.889606064E-4	-2.45114013292E-9
-6.886240255E-4	-2.39628083092E-9
-6.882598089E-4	-2.34272395092E-9
-6.879665056E-4	-2.29037140092E-9
-6.874861873E-4	-2.23920085892E-9
-6.870583303E-4	-2.18914805792E-9
-6.86712026E-4	-2.14011033492E-9
-6.862540041E-4	-2.09234033192E-9
-6.85894666E-4	-2.04560456692E-9
-6.855821351E-4	-1.99990695692E-9
-6.852366234E-4	-1.95518948292E-9
-6.847824627E-4	-1.91148099892E-9
-6.844077976E-4	-1.86880966992E-9
-6.840738247E-4	-1.82716730392E-9
-6.835888077E-4	-1.78638946892E-9
-6.83098721E-4	-1.74648577892E-9
-6.827463467E-4	-1.70759582992E-9
-6.824328041E-4	-1.66955294592E-9
-6.818721133E-4	-1.63220680492E-9
-6.814434133E-4	-1.59590249692E-9
-6.810272524E-4	-1.56034069192E-9
-6.805142062E-4	-1.52548201492E-9
-6.800494791E-4	-1.49160337692E-9
-6.795069367E-4	-1.45831006492E-9
-6.790958512E-4	-1.42576491392E-9
-6.786063715E-4	-1.39408528992E-9
-6.781051732E-4	-1.36298327292E-9
-6.775815156E-4	-1.33272136992E-9
-6.772548774E-4	-1.30306254692E-9
-6.767801008E-4	-1.27399283192E-9
-6.761844059E-4	-1.24566014892E-9
-6.757137828E-4	-1.21806469592E-9
-6.751553852E-4	-1.19099428992E-9
-6.747039616E-4	-1.16452772092E-9
-6.743138066E-4	-1.13863751492E-9
-6.736488002E-4	-1.11334420592E-9
-6.730966301E-4	-1.08861235692E-9
-6.724818256E-4	-1.06444904892E-9
-6.720072626E-4	-1.04084130092E-9
-6.714318237E-4	-1.01768372192E-9
-6.708631913E-4	-9.9511106892E-10
-6.702073237E-4	-9.7311713792E-10
-6.696026304E-4	-9.5156023292E-10
-6.690029168E-4	-9.3043563392E-10
-6.684322553E-4	-9.0989450522E-10
-6.678449911E-4	-8.8977070112E-10
-6.670556715E-4	-8.6993262782E-10
-6.66453721E-4	-8.5072120832E-10
-6.658364659E-4	-8.3189113252E-10
-6.652437498E-4	-8.1357800732E-10
-6.645218644E-4	-7.9565831632E-10
-6.637986807E-4	-7.7816847562E-10
-6.631298074E-4	-7.6095550042E-10
-6.6255497E-4	-7.4415779362E-10
-6.618479507E-4	-7.2767210892E-10
-6.611598948E-4	-7.1162097642E-10
-6.603116898E-4	-6.9599429882E-10
-6.59417234E-4	-6.8066664982E-10
-6.58786799E-4	-6.6575633782E-10
-6.581020367E-4	-6.5099137222E-10
-6.573489634E-4	-6.3666117822E-10
-6.564932719E-4	-6.2276618362E-10
-6.557393781E-4	-6.0902171992E-10
-6.548602942E-4	-5.9570245562E-10
-6.5403506E-4	-5.8252429892E-10
-6.532164466E-4	-5.6981211322E-10
-6.521017477E-4	-5.5738767122E-10
-6.512660257E-4	-5.4507978472E-10
-6.50231171E-4	-5.3323518062E-10
-6.493673523E-4	-5.2150866502E-10
-6.485375655E-4	-5.1007182322E-10
-6.47732385E-4	-4.9893193662E-10
-6.466984352E-4	-4.8810078492E-10
-6.45621191E-4	-4.7740445692E-10
-6.446232571E-4	-4.6700888582E-10
-6.436136551E-4	-4.5688062182E-10
-6.427008485E-4	-4.4690226422E-10
-6.416159999E-4	-4.3721528232E-10
-6.405444942E-4	-4.2766948842E-10
-6.393354055E-4	-4.1840824492E-10
-6.383130057E-4	-4.0928881952E-10
-6.371456039E-4	-4.0045269832E-10
-6.360980582E-4	-3.9175697562E-10
-6.349979051E-4	-3.8322316962E-10
-6.337461965E-4	-3.7497769662E-10
-6.324335228E-4	-3.6687465582E-10
-6.313240397E-4	-3.5890721922E-10
-6.300757427E-4	-3.5124466562E-10
-6.289093469E-4	-3.4358834292E-10
-6.276825481E-4	-3.3622933502E-10
-6.26348719E-4	-3.2900382812E-10
-6.249425322E-4	-3.2191074612E-10
-6.238094039E-4	-3.1513203812E-10
-6.225590835E-4	-3.0834295182E-10
-6.211383398E-4	-3.0169735152E-10
-6.196801244E-4	-2.9532438252E-10
-6.182047892E-4	-2.8894952382E-10
-6.16912321E-4	-2.8272020382E-10
-6.153960577E-4	-2.7677040362E-10
-6.139353131E-4	-2.7083398562E-10
-6.125316949E-4	-2.6504069592E-10
-6.110396838E-4	-2.5939958882E-10
-6.095982343E-4	-2.5389059772E-10
-6.080039309E-4	-2.4853908692E-10
-6.066755481E-4	-2.4331638522E-10
-6.047927468E-4	-2.3812722052E-10
-6.031901589E-4	-2.3310591752E-10
-6.015639876E-4	-2.2819629182E-10
-5.999079942E-4	-2.2341802852E-10
-5.982033838E-4	-2.1880388272E-10
-5.964161752E-4	-2.1418124632E-10
-5.946100201E-4	-2.0968583282E-10
-5.928271899E-4	-2.0533739982E-10
-5.909965465E-4	-2.0098130382E-10
-5.891471252E-4	-1.9678144362E-10
-5.873256094E-4	-1.9272300982E-10
-5.854524922E-4	-1.8866830592E-10
-5.836506086E-4	-1.8475477582E-10
-5.816341081E-4	-1.8098605532E-10
-5.796452208E-4	-1.7723141672E-10
-5.778235251E-4	-1.7362353672E-10
-5.759212659E-4	-1.7002246652E-10
-5.736862253E-4	-1.6656294112E-10
-5.717679028E-4	-1.6310192352E-10
-5.696218114E-4	-1.5975495342E-10
-5.675932831E-4	-1.5644411342E-10
-5.654970227E-4	-1.5327118752E-10
-5.634836696E-4	-1.5022855362E-10
-5.613862289E-4	-1.4717536052E-10
-5.590570401E-4	-1.4412736862E-10
-5.567659073E-4	-1.4121556332E-10
-5.544700421E-4	-1.3831093052E-10
-5.523628106E-4	-1.3556210982E-10
-5.500299909E-4	-1.3280918022E-10
-5.478427129E-4	-1.3021768022E-10
-5.45671071E-4	-1.2762689962E-10
-5.433284998E-4	-1.2518532402E-10
-5.410405033E-4	-1.2258418052E-10
-5.38622989E-4	-1.2027088022E-10
-5.361763945E-4	-1.1781803302E-10
-5.339926405E-4	-1.1551358222E-10
-5.316025541E-4	-1.1334943532E-10
-5.292625515E-4	-1.1102876122E-10
-5.266745014E-4	-1.0885231342E-10
-5.242770522E-4	-1.0681138942E-10
-5.218496684E-4	-1.0462939002E-10
-5.192564419E-4	-1.0244388602E-10
-5.164279713E-4	-1.0027380342E-10
-5.136752195E-4	-9.824028072E-11
-5.108016167E-4	-9.606462302E-11
-5.077535325E-4	-9.388835762E-11
-5.047400816E-4	-9.172527852E-11
-5.016879283E-4	-8.970990082E-11
-4.985915138E-4	-8.756110432E-11
-4.95065101E-4	-8.540282932E-11
-4.913571026E-4	-8.324184832E-11
-4.883909253E-4	-8.122727792E-11
-4.845174046E-4	-7.906308122E-11
-4.808734681E-4	-7.691067442E-11
-4.766512825E-4	-7.472740872E-11
-4.725501559E-4	-7.269650892E-11
-4.679058743E-4	-7.05048125E-11
-4.636890282E-4	-6.83160931E-11
-4.588556408E-4	-6.61390847E-11
-4.543514434E-4	-6.410716392E-11
-4.491388609E-4	-6.193314766E-11
-4.440390641E-4	-5.975549957E-11
-4.385235785E-4	-5.759690706E-11
-4.331366215E-4	-5.557717662E-11
-4.273675186E-4	-5.342024564E-11
-4.212567933E-4	-5.126820785E-11
-4.144973216E-4	-4.912507082E-11
-4.079877746E-4	-4.710484416E-11
-4.009616686E-4	-4.494142075E-11
-3.932585004E-4	-4.276005845E-11
-3.853805585E-4	-4.058213037E-11
-3.769959609E-4	-3.854783096E-11
-3.680639592E-4	-3.63508048E-11
-3.58642995E-4	-3.418108511E-11
-3.483882815E-4	-3.199912066E-11
-3.373680736E-4	-2.997362014E-11
-3.258512368E-4	-2.779566325E-11
-3.13274197E-4	-2.562934694E-11
-2.995932722E-4	-2.346660484E-11
-2.848532067E-4	-2.145413168E-11
-2.687226467E-4	-1.929695477E-11
-2.514705309E-4	-1.714022082E-11
-2.319217574E-4	-1.497382593E-11
-2.104273348E-4	-1.293564205E-11
-1.879256033E-4	-1.077641974E-11
-1.63251134E-4	-8.59761362E-12
-1.364598446E-4	-6.42651733E-12
-1.0908323E-4	-4.388715E-12
-7.878696416E-5	-2.18924559E-12
-4.697808829E-5	0
-1.470182116E-5	2.17310415E-12
1.943404596E-5	4.18555752E-12
5.463249908E-5	6.34058425E-12
9.049817307E-5	8.49570819E-12
1.278462078E-4	1.050340865E-11
1.625155122E-4	1.266595634E-11
1.970657472E-4	1.482871881E-11
2.305267496E-4	1.700600602E-11
2.612420146E-4	1.904139391E-11
2.894001982E-4	2.12229678E-11
3.138516311E-4	2.340222881E-11
3.345750849E-4	2.558139263E-11
3.509889607E-4	2.761430788E-11
3.649521335E-4	2.978950923E-11
3.766865661E-4	3.196461425E-11
3.871511248E-4	3.409813283E-11
3.959232358E-4	3.611360629E-11
4.045292287E-4	3.828044734E-11
4.120315726E-4	4.043515859E-11
4.194398188E-4	4.259799353E-11
4.26037916E-4	4.462737793E-11
4.322940143E-4	4.680807812E-11
4.384090111E-4	4.898821021E-11
4.441416429E-4	5.117118776E-11
4.495002448E-4	5.320683554E-11
4.546458708E-4	5.53840759E-11
4.597056275E-4	5.755429821E-11
4.645414092E-4	5.972256475E-11
4.689360078E-4	6.175296516E-11
4.734032901E-4	6.39262643E-11
4.777670324E-4	6.609395518E-11
4.818431592E-4	6.82512162E-11
4.855131859E-4	7.024880141E-11
4.894079969E-4	7.240657232E-11
4.930485105E-4	7.4574604E-11
4.967037554E-4	7.673675529E-11
4.999937045E-4	7.876122089E-11
5.030263211E-4	8.09248294E-11
5.062818281E-4	8.309477814E-11
5.09580118E-4	8.527108572E-11
5.12634542E-4	8.759608395E-11
5.158266446E-4	8.992758655E-11
5.186579985E-4	9.224859758E-11
5.217340781E-4	9.471929928E-11
5.247479337E-4	9.717797708E-11
5.276283597E-4	9.964239358E-11
5.306076776E-4	1.0225356558E-10
5.335406942E-4	1.0486209908E-10
5.361166322E-4	1.0760499868E-10
5.389590246E-4	1.1034213658E-10
5.415886829E-4	1.1308207698E-10
5.444006968E-4	1.1596307668E-10
5.467346911E-4	1.1882713528E-10
5.4932033E-4	1.2187244438E-10
5.522245699E-4	1.2492342408E-10
5.54549105E-4	1.2811951268E-10
5.570610373E-4	1.3131215588E-10
5.595652414E-4	1.3466393018E-10
5.620312714E-4	1.3799519598E-10
5.644000226E-4	1.4148067398E-10
5.668917719E-4	1.4510108498E-10
5.690556969E-4	1.4856222368E-10
5.714482845E-4	1.5230906548E-10
5.737202852E-4	1.5605794398E-10
5.761040093E-4	1.5981296298E-10
5.782951598E-4	1.6385105628E-10
5.802390666E-4	1.6775779478E-10
5.824729269E-4	1.7194508398E-10
5.843926602E-4	1.7613227188E-10
5.86506625E-4	1.8031960678E-10
5.885539931E-4	1.8480431658E-10
5.905249792E-4	1.8929926438E-10
5.924853202E-4	1.9394269478E-10
5.942353776E-4	1.9858122358E-10
5.961609504E-4	2.0336930498E-10
5.980142724E-4	2.0828000118E-10
5.998691736E-4	2.1334948598E-10
6.015175682E-4	2.1841468278E-10
6.030859501E-4	2.2377296338E-10
6.049380355E-4	2.2913723728E-10
6.066617273E-4	2.3462549888E-10
6.083752686E-4	2.4008437088E-10
6.099523678E-4	2.4585835648E-10
6.115177539E-4	2.5178338938E-10
6.13133162E-4	2.5770579118E-10
6.146181588E-4	2.6378081828E-10
6.161630472E-4	2.7015131988E-10
6.177016856E-4	2.7651392888E-10
6.192580621E-4	2.8305870008E-10
6.207416088E-4	2.8986678378E-10
6.221678943E-4	2.9666401968E-10
6.235233678E-4	3.0376341628E-10
6.248921392E-4	3.1084758158E-10
6.262138956E-4	3.1820816538E-10
6.275088817E-4	3.2569086968E-10
6.286541389E-4	3.3335492238E-10
6.298891717E-4	3.4115755448E-10
6.312586457E-4	3.4911600768E-10
6.324751478E-4	3.5736224438E-10
6.337665537E-4	3.6576114078E-10
6.349420883E-4	3.7431352248E-10
6.359784324E-4	3.8300530428E-10
6.372990085E-4	3.9197760428E-10
6.383626174E-4	4.0109142198E-10
6.394141255E-4	4.1050269838E-10
6.404459002E-4	4.2005756818E-10
6.414901411E-4	4.2991950848E-10
6.425850391E-4	4.3986100698E-10
6.437203987E-4	4.5015384748E-10
6.447617787E-4	4.6055398458E-10
6.456599271E-4	4.7123750768E-10
6.46778077E-4	4.8222355348E-10
6.476129953E-4	4.9335834348E-10
6.486372273E-4	5.0477368698E-10
6.495673449E-4	5.1648180938E-10
6.504468109E-4	5.2834076658E-10
6.512643508E-4	5.4062578978E-10
6.521676756E-4	5.5308231098E-10
6.531658962E-4	5.6596875948E-10
6.54004316E-4	5.7899511928E-10
6.54795777E-4	5.9231553548E-10
6.557116299E-4	6.0607194778E-10
6.564482914E-4	6.1996585478E-10
6.572840134E-4	6.3429252258E-10
6.581136036E-4	6.4890375738E-10
6.587461968E-4	6.6376665278E-10
6.595133156E-4	6.7909498578E-10
6.602556988E-4	6.9468756148E-10
6.609806923E-4	7.1056294248E-10
6.61749677E-4	7.2696712108E-10
6.6245451E-4	7.4359760928E-10
6.631387271E-4	7.6065890898E-10
6.6391535E-4	7.7817345638E-10
6.646222063E-4	7.9597759228E-10
6.652435531E-4	8.1422002368E-10
6.65993063E-4	8.3288903888E-10
6.665880835E-4	8.5198313858E-10
6.672220706E-4	8.7152633378E-10
6.678492963E-4	8.9148670338E-10
6.684669841E-4	9.1185256218E-10
6.689461839E-4	9.3266662188E-10
6.695918222E-4	9.5391440548E-10
6.701772205E-4	9.7574975518E-10
6.707242311E-4	9.9802037508E-10
6.713426271E-4	1.02086652208E-9
6.718607655E-4	1.04419300608E-9
6.724585962E-4	1.06792555708E-9
6.730450849E-4	1.09237842208E-9
6.735924833E-4	1.11726576308E-9
6.740007249E-4	1.14272658708E-9
6.7449732E-4	1.16877134708E-9
6.749653576E-4	1.19542095508E-9
6.755483279E-4	1.22274055108E-9
6.760810625E-4	1.25047789008E-9
6.765788998E-4	1.27896990808E-9
6.771663158E-4	1.30803788308E-9
6.776341005E-4	1.33785634908E-9
6.780984399E-4	1.36827055408E-9
6.786497726E-4	1.39936828108E-9
6.791462497E-4	1.43119604008E-9
6.796311487E-4	1.46375272308E-9
6.800844045E-4	1.49702586908E-9
6.806152732E-4	1.53103179408E-9
6.810215476E-4	1.56588439008E-9
6.814281087E-4	1.60145779908E-9
6.818346417E-4	1.63777437408E-9
6.823183042E-4	1.67484237208E-9
6.825758896E-4	1.71295415808E-9
6.83077189E-4	1.75184112808E-9
6.835371669E-4	1.79161366908E-9
6.839780015E-4	1.83211975208E-9
6.843700731E-4	1.87377561908E-9
6.846838967E-4	1.91631152008E-9
6.850333147E-4	1.95974295808E-9
6.855650377E-4	2.00415825608E-9
6.859873641E-4	2.04959560708E-9
6.863778001E-4	2.09602060508E-9
6.868375026E-4	2.14347603608E-9
6.872506059E-4	2.19205787308E-9
6.876348651E-4	2.24167419708E-9
6.879517687E-4	2.29241522408E-9
6.884200255E-4	2.34435113408E-9
6.887455678E-4	2.39749086408E-9
6.891879312E-4	2.45189758508E-9
6.895477863E-4	2.50729357608E-9
6.898031404E-4	2.56395899008E-9
6.901491411E-4	2.62207792108E-9
6.904960523E-4	2.68140735308E-9
6.908086507E-4	2.74203764208E-9
6.91277329E-4	2.80413081508E-9
6.915277539E-4	2.86748917308E-9
6.918789423E-4	2.93239074708E-9
6.922048668E-4	2.99860308308E-9
6.926881021E-4	3.06640514008E-9
6.930523805E-4	3.13574789608E-9
6.934730658E-4	3.20664875408E-9
6.937588771E-4	3.27911709408E-9
6.940911695E-4	3.35326795808E-9
6.944945157E-4	3.42880270808E-9
6.948174164E-4	3.50642445208E-9
6.951386478E-4	3.58575800708E-9
6.954076483E-4	3.66675637608E-9
6.959664562E-4	3.74951083708E-9
6.962668357E-4	3.83420568008E-9
6.966333454E-4	3.91950310408E-9
6.969036162E-4	4.00482452708E-9
6.971705652E-4	4.09002624508E-9
6.975718656E-4	4.17534583708E-9