-7.306263941E-4	-2.356530340357E-8
-7.30212032E-4	-2.346016449357E-8
-7.295885851E-4	-2.335645320357E-8
-7.291006662E-4	-2.325095744357E-8
-7.286476266E-4	-2.314545163357E-8
-7.281993295E-4	-2.303953926357E-8
-7.275983793E-4	-2.293397417357E-8
-7.271047811E-4	-2.282859912357E-8
-7.26542982E-4	-2.272495112357E-8
-7.260704438E-4	-2.261926889357E-8
-7.255158279E-4	-2.251402346357E-8
-7.249251896E-4	-2.240850828357E-8
-7.245563061E-4	-2.230313884357E-8
-7.240178558E-4	-2.219920834357E-8
-7.233743898E-4	-2.209390966357E-8
-7.227821999E-4	-2.198858991357E-8
-7.222670167E-4	-2.188367793357E-8
-7.217362946E-4	-2.177861893357E-8
-7.211864303E-4	-2.167321904357E-8
-7.205749912E-4	-2.156884569357E-8
-7.199754051E-4	-2.146426550357E-8
-7.194496362E-4	-2.135898577357E-8
-7.188612762E-4	-2.125277820357E-8
-7.184872233E-4	-2.114746054357E-8
-7.178334099E-4	-2.104354648357E-8
-7.172238553E-4	-2.093801166357E-8
-7.167965135E-4	-2.083240456357E-8
-7.162071804E-4	-2.072701078357E-8
-7.155644247E-4	-2.062171860357E-8
-7.15055192E-4	-2.051825668357E-8
-7.145607391E-4	-2.041413760357E-8
-7.140623757E-4	-2.030723112357E-8
-7.13533527E-4	-2.020199086357E-8
-7.131393972E-4	-2.009689111357E-8
-7.124830698E-4	-1.999179308357E-8
-7.119570307E-4	-1.988786236357E-8
-7.114047009E-4	-1.978271124357E-8
-7.108516002E-4	-1.967760364357E-8
-7.102722002E-4	-1.957230783357E-8
-7.097895766E-4	-1.946728909357E-8
-7.091962124E-4	-1.936218330357E-8
-7.087833926E-4	-1.925839747357E-8
-7.082217576E-4	-1.915252373357E-8
-7.078434144E-4	-1.904687904357E-8
-7.072528485E-4	-1.894131306357E-8
-7.067784517E-4	-1.883568035357E-8
-7.063280676E-4	-1.873202499357E-8
-7.05864669E-4	-1.862652439357E-8
-7.052904245E-4	-1.852110132357E-8
-7.047712238E-4	-1.841555456357E-8
-7.042854355E-4	-1.830992774357E-8
-7.037059879E-4	-1.820450091357E-8
-7.032450776E-4	-1.810032783357E-8
-7.026730967E-4	-1.799489720357E-8
-7.022901318E-4	-1.788955918357E-8
-7.019479638E-4	-1.778413278357E-8
-7.014032331E-4	-1.767894908357E-8
-7.00796974E-4	-1.757503551357E-8
-7.004112699E-4	-1.747020614357E-8
-6.998616561E-4	-1.736487419357E-8
-6.99364359E-4	-1.725963482357E-8
-6.988417437E-4	-1.715448398357E-8
-6.983782613E-4	-1.704911491357E-8
-6.979044338E-4	-1.694560241357E-8
-6.973808947E-4	-1.683914536357E-8
-6.969054917E-4	-1.673508004357E-8
-6.96337492E-4	-1.662972597357E-8
-6.958125765E-4	-1.652443990357E-8
-6.954899664E-4	-1.641933355357E-8
-6.950211293E-4	-1.631379385357E-8
-6.946156333E-4	-1.620994543357E-8
-6.941471728E-4	-1.610453939357E-8
-6.936730975E-4	-1.599874402357E-8
-6.931665311E-4	-1.589325266357E-8
-6.9255745E-4	-1.578936963357E-8
-6.921794514E-4	-1.568350353357E-8
-6.917279192E-4	-1.557831725357E-8
-6.911852151E-4	-1.547284677357E-8
-6.90766097E-4	-1.536759169357E-8
-6.90309989E-4	-1.526392620357E-8
-6.89818405E-4	-1.515834516357E-8
-6.893439136E-4	-1.505281387357E-8
-6.889425178E-4	-1.494706065357E-8
-6.885065573E-4	-1.484156100357E-8
-6.879693419E-4	-1.473597333357E-8
-6.874963667E-4	-1.463302829357E-8
-6.870932162E-4	-1.452762222357E-8
-6.867039473E-4	-1.442226788357E-8
-6.863433239E-4	-1.431688132357E-8
-6.858921691E-4	-1.421117841357E-8
-6.854616637E-4	-1.410689648357E-8
-6.84875162E-4	-1.400172782357E-8
-6.845263937E-4	-1.389619930357E-8
-6.841007821E-4	-1.379063290357E-8
-6.836364234E-4	-1.368552438357E-8
-6.832408725E-4	-1.358027523357E-8
-6.828696414E-4	-1.347661353357E-8
-6.823821706E-4	-1.337139523357E-8
-6.818793619E-4	-1.326586558357E-8
-6.814376328E-4	-1.316060017357E-8
-6.809651187E-4	-1.305545474357E-8
-6.806166223E-4	-1.295128310357E-8
-6.801947453E-4	-1.284606121357E-8
-6.797267374E-4	-1.274101712357E-8
-6.79289118E-4	-1.263586634357E-8
-6.788301419E-4	-1.252974159357E-8
-6.784109431E-4	-1.242474073357E-8
-6.779830095E-4	-1.232061273357E-8
-6.776152863E-4	-1.221504723357E-8
-6.772458938E-4	-1.210954506357E-8
-6.768772119E-4	-1.200416623357E-8
-6.764576941E-4	-1.189870405357E-8
-6.761420177E-4	-1.179440858357E-8
-6.756735237E-4	-1.168907566357E-8
-6.752755995E-4	-1.158380278357E-8
-6.748312252E-4	-1.147840881357E-8
-6.744078905E-4	-1.137351361357E-8
-6.740313391E-4	-1.126964735357E-8
-6.738164223E-4	-1.116436361357E-8
-6.735045156E-4	-1.105927926357E-8
-6.731448896E-4	-1.095412861357E-8
-6.726775917E-4	-1.084896346357E-8
-6.722988227E-4	-1.074358430357E-8
-6.718361603E-4	-1.064002559357E-8
-6.715278681E-4	-1.053455837357E-8
-6.711269941E-4	-1.042936754357E-8
-6.706682415E-4	-1.032395938357E-8
-6.702843065E-4	-1.021601163357E-8
-6.700422347E-4	-1.011290201357E-8
-6.695947687E-4	-1.000757889657E-8
-6.691994637E-4	-9.90230864657E-9
-6.688969694E-4	-9.79694749257E-9
-6.68551672E-4	-9.69181006657E-9
-6.681555492E-4	-9.58656642857E-9
-6.679013311E-4	-9.48342404257E-9
-6.674308586E-4	-9.37783866757E-9
-6.671720511E-4	-9.27381811157E-9
-6.66833701E-4	-9.17136980557E-9
-6.665042384E-4	-9.06899007157E-9
-6.659707681E-4	-8.96963511057E-9
-6.658060372E-4	-8.87007064257E-9
-6.655493785E-4	-8.77184690857E-9
-6.652468321E-4	-8.67369711657E-9
-6.650607684E-4	-8.57732172657E-9
-6.648251812E-4	-8.48223145457E-9
-6.646217741E-4	-8.38806690757E-9
-6.643747498E-4	-8.29422448157E-9
-6.64087604E-4	-8.20370872957E-9
-6.639569148E-4	-8.11298967457E-9
-6.634870696E-4	-8.02232750557E-9
-6.633245549E-4	-7.93431279857E-9
-6.631874661E-4	-7.84639533357E-9
-6.628138171E-4	-7.76002145057E-9
-6.626302274E-4	-7.67345556057E-9
-6.624858262E-4	-7.58848670557E-9
-6.621024115E-4	-7.50409762057E-9
-6.618900196E-4	-7.42018936557E-9
-6.617236896E-4	-7.33923179257E-9
-6.614290882E-4	-7.25837094357E-9
-6.612294495E-4	-7.17748351857E-9
-6.610170483E-4	-7.09818750557E-9
-6.607750736E-4	-7.02032962857E-9
-6.605802613E-4	-6.94211394557E-9
-6.603265268E-4	-6.86544739657E-9
-6.601261535E-4	-6.78885068057E-9
-6.599823677E-4	-6.71342785657E-9
-6.597318466E-4	-6.63978431357E-9
-6.595632645E-4	-6.56636018457E-9
-6.593272039E-4	-6.49270075257E-9
-6.591187127E-4	-6.42077212457E-9
-6.589982168E-4	-6.35017788957E-9
-6.586881451E-4	-6.27983494057E-9
-6.58623537E-4	-6.21085456157E-9
-6.583673619E-4	-6.14318656657E-9
-6.580264038E-4	-6.07523959557E-9
-6.578152936E-4	-5.87354260957E-9
-6.575530266E-4	-5.80857849857E-9
-6.572060109E-4	-5.74517044257E-9
-6.571134984E-4	-5.68152195357E-9
-6.569796112E-4	-5.61797232957E-9
-6.567289E-4	-5.55589027357E-9
-6.566179324E-4	-5.49485024657E-9
-6.565856934E-4	-5.43244647357E-9
-6.563148567E-4	-5.37315402957E-9
-6.562681916E-4	-5.31571777857E-9
-6.561292997E-4	-5.25640271657E-9
-6.559705801E-4	-5.19897375857E-9
-6.557768088E-4	-5.14126163757E-9
-6.55601116E-4	-5.08341041657E-9
-6.554854438E-4	-5.02667642357E-9
-6.554003181E-4	-4.97169005757E-9
-6.551338412E-4	-4.91676634357E-9
-6.551097344E-4	-4.86213701557E-9
-6.549325795E-4	-4.80853178157E-9
-6.547454142E-4	-4.75525020557E-9
-6.545568339E-4	-4.70315039657E-9
-6.544524113E-4	-4.65114413157E-9
-6.543076052E-4	-4.59955236257E-9
-6.541556749E-4	-4.54898122857E-9
-6.539968725E-4	-4.49898609157E-9
-6.538721685E-4	-4.45002409457E-9
-6.538142079E-4	-4.39947872657E-9
-6.536040811E-4	-4.35181689757E-9
-6.534632577E-4	-4.30217106157E-9
-6.532934772E-4	-4.25476056057E-9
-6.531551566E-4	-4.20720611057E-9
-6.531023886E-4	-4.16108982857E-9
-6.529126471E-4	-4.11480934057E-9
-6.527655665E-4	-4.06908833057E-9
-6.52692386E-4	-4.02446374357E-9
-6.525625863E-4	-3.97980930957E-9
-6.525184467E-4	-3.93654013257E-9
-6.52516254E-4	-3.89259128857E-9
-6.52319851E-4	-3.84881193357E-9
-6.521314153E-4	-3.80682237757E-9
-6.519092711E-4	-3.76489439657E-9
-6.518664209E-4	-3.72321005157E-9
-6.517617975E-4	-3.68323408357E-9
-6.516783078E-4	-3.64264057157E-9
-6.516300053E-4	-3.60139207557E-9
-6.514450786E-4	-3.56260939157E-9
-6.512511886E-4	-3.52278890157E-9
-6.510781132E-4	-3.48372985057E-9
-6.510209834E-4	-3.44566143457E-9
-6.508686039E-4	-3.40665276557E-9
-6.507626529E-4	-3.36946664457E-9
-6.506537369E-4	-3.33327628557E-9
-6.505996884E-4	-3.29610405457E-9
-6.504806507E-4	-3.26008639157E-9
-6.502843087E-4	-3.22337649557E-9
-6.501295216E-4	-3.18714888557E-9
-6.5010482E-4	-3.15327086757E-9
-6.500249205E-4	-3.11867143057E-9
-6.498533513E-4	-3.08418297457E-9
-6.495320454E-4	-2.98358626657E-9
-6.4944853E-4	-2.95186562657E-9
-6.49350093E-4	-2.91858107157E-9
-6.492018605E-4	-2.88651753757E-9
-6.490530018E-4	-2.85422334957E-9
-6.488811235E-4	-2.82206623357E-9
-6.486662198E-4	-2.79025748557E-9
-6.484765874E-4	-2.76044698057E-9
-6.482720411E-4	-2.72997090157E-9
-6.482710825E-4	-2.69951300957E-9
-6.481280067E-4	-2.67050101757E-9
-6.478973386E-4	-2.64088063857E-9
-6.478098777E-4	-2.61232608657E-9
-6.477117838E-4	-2.58209112457E-9
-6.476029413E-4	-2.55289217357E-9
-6.472225806E-4	-2.47083339657E-9
-6.471681782E-4	-2.44358888857E-9
-6.470265467E-4	-2.41660474057E-9
-6.469046905E-4	-2.39097402757E-9
-6.467710377E-4	-2.36492487557E-9
-6.464049752E-4	-2.28751875557E-9
-6.463190655E-4	-2.26183615357E-9
-6.461445217E-4	-2.23562642157E-9
-6.45812475E-4	-2.21296186357E-9
-6.456945406E-4	-2.13853209757E-9
-6.454367999E-4	-2.11770362657E-9
-6.45327613E-4	-2.09409320157E-9
-6.453085052E-4	-2.07016680957E-9
-6.451845619E-4	-2.04756333357E-9
-6.448977238E-4	-2.02594148457E-9
-6.448316674E-4	-2.00255014157E-9
-6.444181702E-4	-1.93723275257E-9
-6.444011725E-4	-1.91585840457E-9
-6.441489217E-4	-1.89559198957E-9
-6.440082045E-4	-1.83363012257E-9
-6.439430616E-4	-1.81339874557E-9
-6.437987878E-4	-1.79313223757E-9
-6.435112396E-4	-1.77429389757E-9
-6.432512826E-4	-1.75394540457E-9
-6.431735993E-4	-1.73502671857E-9
-6.431663814E-4	-1.71617011357E-9
-6.428773743E-4	-1.69910275357E-9
-6.427392296E-4	-1.68037910957E-9
-6.427343581E-4	-1.65988546157E-9
-6.424777791E-4	-1.64102235057E-9
-6.424423172E-4	-1.62545652557E-9
-6.42313285E-4	-1.60811583657E-9
-6.421990132E-4	-1.58946075057E-9
-6.420230347E-4	-1.57220445257E-9
-6.419209463E-4	-1.55619163057E-9
-6.417931723E-4	-1.53901903757E-9
-6.416837717E-4	-1.52142150357E-9
-6.416473369E-4	-1.50447152357E-9
-6.413675503E-4	-1.48737436957E-9
-6.412603524E-4	-1.47148556557E-9
-6.410710748E-4	-1.45559456657E-9
-6.409349578E-4	-1.43978991257E-9
-6.40737902E-4	-1.42404362857E-9
-6.40515618E-4	-1.40874970357E-9
-6.403717224E-4	-1.39271249657E-9
-6.402587661E-4	-1.37850768457E-9
-6.401494483E-4	-1.36284933057E-9
-6.400589033E-4	-1.34834734757E-9
-6.398713921E-4	-1.33330180657E-9
-6.39749369E-4	-1.31842001957E-9
-6.395092867E-4	-1.30361488657E-9
-6.394704942E-4	-1.28926272257E-9
-6.391888358E-4	-1.27465318757E-9
-6.391239187E-4	-1.26127573257E-9
-6.388781842E-4	-1.24687287157E-9
-6.387489174E-4	-1.23354924257E-9
-6.383002298E-4	-1.19335010557E-9
-6.382156016E-4	-1.18247610557E-9
-6.378207956E-4	-1.14364335557E-9
-6.376783837E-4	-1.13059474757E-9
-6.374797184E-4	-1.11757387257E-9
-6.372952519E-4	-1.10599138757E-9
-6.372338204E-4	-1.09423655357E-9
-6.369961457E-4	-1.08091199557E-9
-6.369202659E-4	-1.06951293657E-9
-6.367206158E-4	-1.05770631057E-9
-6.365265264E-4	-1.04806489157E-9
-6.362992001E-4	-1.03647463857E-9
-6.362111934E-4	-1.02486437257E-9
-6.360280436E-4	-1.01284420007E-9
-6.357974361E-4	-1.00297317307E-9
-6.355488934E-4	-9.9319494157E-10
-6.354241914E-4	-9.8163811717E-10
-6.352973283E-4	-9.7163651137E-10
-6.350499592E-4	-9.6153327907E-10
-6.349516435E-4	-9.5004146737E-10
-6.348370149E-4	-9.3993282997E-10
-6.344025964E-4	-9.2793354927E-10
-6.34297959E-4	-9.1797609017E-10
-6.342646631E-4	-9.0920109057E-10
-6.3401808E-4	-9.0031659097E-10
-6.336938691E-4	-8.8917046967E-10
-6.333755728E-4	-8.7930799587E-10
-6.332914542E-4	-8.7117309177E-10
-6.331174664E-4	-8.6084333707E-10
-6.329777582E-4	-8.5212830317E-10
-6.326968798E-4	-8.4181811297E-10
-6.326517927E-4	-8.3310828757E-10
-6.323690664E-4	-8.2425549607E-10
-6.32283442E-4	-8.1536388967E-10
-6.321126437E-4	-8.0670647487E-10
-6.318120212E-4	-7.9818057897E-10
-6.317302819E-4	-7.8781736347E-10
-6.315241027E-4	-7.8032465757E-10
-6.313664732E-4	-7.7165684637E-10
-6.311168516E-4	-7.6266918457E-10
-6.309204397E-4	-7.5463251267E-10
-6.306612405E-4	-7.4715425947E-10
-6.303846791E-4	-7.3877990167E-10
-6.303745322E-4	-7.3242478407E-10
-6.301697539E-4	-7.2385265617E-10
-6.298691184E-4	-7.1666532787E-10
-6.295890716E-4	-7.0823917847E-10
-6.29426581E-4	-7.0082712077E-10
-6.291657589E-4	-6.9373162327E-10
-6.291018483E-4	-6.8659355577E-10
-6.287262442E-4	-6.7976676677E-10
-6.286905197E-4	-6.7274777437E-10
-6.28425647E-4	-6.6587175937E-10
-6.282031201E-4	-6.5877901997E-10
-6.280104069E-4	-6.5159584167E-10
-6.277531144E-4	-6.4447981077E-10
-6.274668938E-4	-6.3711207227E-10
-6.274258364E-4	-6.3132053997E-10
-6.271657153E-4	-6.2368523847E-10
-6.268396076E-4	-6.1574942137E-10
-6.267822284E-4	-6.0996492607E-10
-6.264087458E-4	-6.0280949157E-10
-6.261692946E-4	-5.9668729747E-10
-6.258464375E-4	-5.9000220047E-10
-6.256213747E-4	-5.8422028537E-10
-6.254700486E-4	-5.7751184547E-10
-6.252454288E-4	-5.7008918157E-10
-6.250220373E-4	-5.6550256507E-10
-6.247732579E-4	-5.5994273607E-10
-6.243788197E-4	-5.5277979357E-10
-6.242459958E-4	-5.4703251947E-10
-6.24104415E-4	-5.4106494947E-10
-6.239728601E-4	-5.3526600707E-10
-6.23693171E-4	-5.2903828947E-10
-6.23429801E-4	-5.2305893157E-10
-6.231084605E-4	-5.1722395097E-10
-6.229600976E-4	-5.1151328277E-10
-6.226658854E-4	-5.0740331097E-10
-6.224515289E-4	-5.0228456517E-10
-6.221828242E-4	-4.9723021547E-10
-6.219140733E-4	-4.9152412427E-10
-6.218406454E-4	-4.8625359237E-10
-6.215469916E-4	-4.8061577467E-10
-6.213883547E-4	-4.7766307807E-10
-6.210799436E-4	-4.7168317617E-10
-6.207277013E-4	-4.6622483957E-10
-6.205279093E-4	-4.6016158577E-10
-6.201387357E-4	-4.5750202107E-10
-6.19830395E-4	-4.5359333017E-10
-6.193974588E-4	-4.4577466367E-10
-6.192125909E-4	-4.4098201497E-10
-6.191545705E-4	-4.3932637417E-10
-6.1880502E-4	-4.3496164647E-10
-6.185790807E-4	-4.2850390687E-10
-6.182916512E-4	-4.2273026597E-10
-6.178837819E-4	-4.1810187047E-10
-6.176736563E-4	-4.1353917577E-10
-6.174434626E-4	-4.0924958037E-10
-6.170665785E-4	-4.0482701927E-10
-6.169959254E-4	-4.0090635597E-10
-6.165815134E-4	-3.9883062277E-10
-6.164020266E-4	-3.9587406087E-10
-6.160361315E-4	-3.8935337757E-10
-6.156246949E-4	-3.8524178497E-10
-6.15496068E-4	-3.8272284797E-10
-6.151808775E-4	-3.7803837597E-10
-6.150223456E-4	-3.7494523017E-10
-6.146472161E-4	-3.7052343567E-10
-6.141976166E-4	-3.6571287597E-10
-6.140424376E-4	-3.6265783297E-10
-6.136788184E-4	-3.5797447487E-10
-6.135874683E-4	-3.5504465617E-10
-6.131841743E-4	-3.5199034897E-10
-6.129204983E-4	-3.4794318887E-10
-6.126319423E-4	-3.4528508377E-10
-6.12167288E-4	-3.4086792777E-10
-6.11927718E-4	-3.3825795767E-10
-6.117905788E-4	-3.3542184327E-10
-6.113808868E-4	-3.2849500317E-10
-6.110521614E-4	-3.2563005557E-10
-6.108302062E-4	-3.2518180367E-10
-6.103869237E-4	-3.2096876887E-10
-6.098543505E-4	-3.1559303517E-10
-6.096442249E-4	-3.1251056987E-10
-6.091636163E-4	-3.0825477417E-10
-6.08819801E-4	-3.0562205717E-10
-6.085751959E-4	-3.0283232747E-10
-6.082933233E-4	-3.0016182767E-10
-6.081024205E-4	-2.9795012977E-10
-6.075639706E-4	-2.9498770977E-10
-6.071987146E-4	-2.9181204077E-10
-6.068818665E-4	-2.8876887967E-10
-6.065031679E-4	-2.8402567137E-10
-6.062021771E-4	-2.8114152617E-10
-6.057658524E-4	-2.7800667557E-10
-6.053347046E-4	-2.7479991037E-10
-6.053309717E-4	-2.7331298897E-10
-6.048660564E-4	-2.7051855277E-10
-6.046005418E-4	-2.6799120467E-10
-6.042907906E-4	-2.6519655867E-10
-6.037119837E-4	-2.6242445507E-10
-6.035515322E-4	-2.6022943157E-10
-6.031627719E-4	-2.5791133197E-10
-6.029140745E-4	-2.5503406357E-10
-6.025649618E-4	-2.5366188117E-10
-6.022249522E-4	-2.5111141487E-10
-6.015684706E-4	-2.4700674277E-10
-6.011186584E-4	-2.4358028817E-10
-6.009098581E-4	-2.4210411047E-10
-6.004598647E-4	-2.3909477877E-10
-6.000525194E-4	-2.3592249917E-10
-5.996714867E-4	-2.3442042537E-10
-5.98784919E-4	-2.2983315917E-10
-5.981616971E-4	-2.2460594007E-10
-5.979628554E-4	-2.2357067657E-10
-5.977244475E-4	-2.2275834967E-10
-5.973264295E-4	-2.2146706327E-10
-5.967166156E-4	-2.1832208887E-10
-5.963976914E-4	-2.1618223227E-10
-5.959847972E-4	-2.1321090217E-10
-5.956167556E-4	-2.1180441267E-10
-5.950884395E-4	-2.0868057727E-10
-5.945566865E-4	-2.0692763237E-10
-5.942372277E-4	-2.0548155497E-10
-5.935008985E-4	-2.0214532427E-10
-5.932544532E-4	-2.0025652487E-10
-5.923719764E-4	-1.9730069797E-10
-5.910165115E-4	-1.9144823877E-10
-5.90416426E-4	-1.8981002667E-10
-5.895503993E-4	-1.8434927177E-10
-5.891659764E-4	-1.8298850697E-10
-5.88999919E-4	-1.8356141027E-10
-5.886646265E-4	-1.8186391147E-10
-5.877188416E-4	-1.7847062657E-10
-5.872341574E-4	-1.7653239277E-10
-5.869538849E-4	-1.7507203577E-10
-5.866605277E-4	-1.7361239417E-10
-5.863264074E-4	-1.7171283957E-10
-5.860647091E-4	-1.7158730827E-10
-5.852678827E-4	-1.6882808227E-10
-5.845105812E-4	-1.6601520937E-10
-5.83847972E-4	-1.6322825097E-10
-5.832752435E-4	-1.6178601417E-10
-5.826948227E-4	-1.6031770257E-10
-5.82176498E-4	-1.5896933187E-10
-5.818143121E-4	-1.5766591737E-10
-5.811485992E-4	-1.5648998327E-10
-5.805248442E-4	-1.5484345907E-10
-5.801701126E-4	-1.5333958517E-10
-5.795938902E-4	-1.5188042747E-10
-5.789673835E-4	-1.4957453657E-10
-5.777733665E-4	-1.4476029547E-10
-5.771948161E-4	-1.4338142097E-10
-5.765763848E-4	-1.4209199677E-10
-5.761479655E-4	-1.4110820357E-10
-5.754461964E-4	-1.3982446947E-10
-5.748940549E-4	-1.3838391517E-10
-5.737316978E-4	-1.3586930037E-10
-5.731914088E-4	-1.3387108197E-10
-5.724885136E-4	-1.3240518807E-10
-5.717394649E-4	-1.3097843887E-10
-5.712540078E-4	-1.2989134857E-10
-5.706295071E-4	-1.2870119477E-10
-5.697676051E-4	-1.2738936947E-10
-5.692858942E-4	-1.2601322907E-10
-5.681826931E-4	-1.2472479447E-10
-5.674816104E-4	-1.2322398864E-10
-5.674797833E-4	-1.2335088026E-10
-5.666738878E-4	-1.2175892947E-10
-5.656806202E-4	-1.1994972773E-10
-5.64816219E-4	-1.1832569784E-10
-5.640579473E-4	-1.1639813855E-10
-5.63274868E-4	-1.1452747872E-10
-5.623625192E-4	-1.1294814532E-10
-5.618399993E-4	-1.1196423455E-10
-5.611518602E-4	-1.1085077902E-10
-5.602688138E-4	-1.093617916E-10
-5.594354544E-4	-1.0798226801E-10
-5.593542874E-4	-1.0845243119E-10
-5.58501973E-4	-1.072104195E-10
-5.575766813E-4	-1.0586970493E-10
-5.560301978E-4	-1.0226567508E-10
-5.54807994E-4	-1.0053556989E-10
-5.542464433E-4	-1.0152927827E-10
-5.531012136E-4	-1.0025832152E-10
-5.52090296E-4	-9.864097572E-11
-5.509943975E-4	-9.740995425E-11
-5.496715266E-4	-9.533634922E-11
-5.487024287E-4	-9.347886952E-11
-5.483755535E-4	-9.331732482E-11
-5.477630229E-4	-9.134438124E-11
-5.461577361E-4	-8.983193605E-11
-5.450631398E-4	-8.860993118E-11
-5.439047628E-4	-8.729176703E-11
-5.426966753E-4	-8.611307951E-11
-5.412041931E-4	-8.513834681E-11
-5.398285069E-4	-8.373794425E-11
-5.376471021E-4	-8.126446495E-11
-5.360662093E-4	-7.950286054E-11
-5.35121775E-4	-7.928025398E-11
-5.331446895E-4	-7.786975039E-11
-5.327780347E-4	-7.613108035E-11
-5.314297536E-4	-7.442014793E-11
-5.298088216E-4	-7.280147364E-11
-5.279781895E-4	-7.159092911E-11
-5.265371213E-4	-7.020225827E-11
-5.248673323E-4	-6.927225376E-11
-5.229082876E-4	-6.797803619E-11
-5.205102849E-4	-6.685691714E-11
-5.184386834E-4	-6.582790121E-11
-5.16600419E-4	-6.469440625E-11
-5.118354541E-4	-6.242603783E-11
-5.090536676E-4	-6.11430826E-11
-5.065625264E-4	-5.984772066E-11
-5.038814893E-4	-5.836310064E-11
-5.010055802E-4	-5.701969636E-11
-4.980797818E-4	-5.265822134E-11
-4.948298226E-4	-5.126041672E-11
-4.92371819E-4	-5.058342274E-11
-4.891821185E-4	-4.913023331E-11
-4.856466837E-4	-4.772336072E-11
-4.856092281E-4	-4.768677134E-11
-4.82310506E-4	-4.667487569E-11
-4.775848348E-4	-4.516384548E-11
-4.739934395E-4	-4.332343042E-11
-4.699665999E-4	-4.177109842E-11
-4.657213345E-4	-4.001960745E-11
-4.614817579E-4	-3.813930593E-11
-4.571509159E-4	-3.651714227E-11
-4.521092239E-4	-3.510549523E-11
-4.469386105E-4	-3.387835127E-11
-4.359200143E-4	-3.2340567494E-11
-4.301620436E-4	-3.0928412603E-11
-4.231434104E-4	-2.9894003509E-11
-4.16566067E-4	-2.8924312001E-11
-4.092768081E-4	-2.8064552429E-11
-4.0156828E-4	-2.6620418523E-11
-3.926361015E-4	-2.5029283822E-11
-3.800486793E-4	-2.0500703558E-11
-3.723356942E-4	-1.8964248404E-11
-3.584380966E-4	-2.0950779699E-11
-3.582349966E-4	-2.0561506308E-11
-3.500312099E-4	-1.9110876765E-11
-3.386643313E-4	-1.7170101282E-11
-3.25199375E-4	-1.533606121E-11
-3.109903687E-4	-1.359114341E-11
-2.949911236E-4	-1.138928594E-11
-2.758602006E-4	-9.8169714E-12
-2.557045477E-4	-8.30355511E-12
-2.325795432E-4	-6.38372131E-12
-2.065247109E-4	-4.64813646E-12
-1.775728575E-4	-3.05364371E-12
-1.591398626E-4	-3.19706209E-12
-1.337763556E-4	-1.87069047E-12
-1.038608701E-4	-7.25079170000004E-13
-6.978076512E-5	0
-3.214888131E-5	1.29183613E-12
1.135652676E-4	2.20639762E-12
1.27946436E-4	4.26520283E-12
1.944668318E-4	4.72323206E-12
2.06885968E-4	5.97785477E-12
2.273115772E-4	7.2727525E-12
2.513502815E-4	8.70649193999999E-12
2.658867574E-4	1.045285023E-11
2.834643462E-4	1.149821203E-11
3.035221876E-4	1.223050288E-11
3.218711452E-4	1.356914573E-11
3.382146663E-4	1.507555493E-11
3.524635111E-4	1.624135282E-11
3.650420788E-4	1.748340157E-11
3.767854371E-4	1.848858867E-11
3.873071278E-4	1.964905497E-11
3.964730776E-4	2.108408565E-11
4.056048217E-4	2.284649363E-11
4.137965078E-4	2.447881789E-11
4.147001554E-4	2.484823871E-11
4.213190541E-4	2.742523144E-11
4.269493452E-4	2.834220466E-11
4.352403935E-4	2.994348799E-11
4.402666876E-4	3.165523799E-11
4.460318286E-4	3.217568208E-11
4.513073406E-4	3.364990036E-11
4.56503249E-4	3.480219611E-11
4.61341025E-4	3.615194697E-11
4.660818217E-4	3.75698524E-11
4.745919452E-4	4.261262509E-11
4.782538269E-4	4.408292794E-11
4.8222164E-4	4.292299346E-11
4.854901983E-4	4.440675397E-11
4.887289211E-4	4.846098438E-11
4.918692554E-4	4.980928647E-11
4.94810343E-4	5.04539215E-11
4.975203475E-4	5.112267695E-11
5.005305009E-4	5.395399878E-11
5.033598774E-4	5.464265055E-11
5.035962692E-4	5.443129346E-11
5.063037616E-4	5.571543507E-11
5.088411799E-4	5.699059146E-11
5.112439812E-4	5.829073406E-11
5.137120338E-4	5.964761592E-11
5.157071831E-4	6.08764593E-11
5.185956327E-4	6.368675978E-11
5.204927247E-4	6.526245041E-11
5.227211865E-4	6.708726907E-11
5.248617921E-4	6.868763674E-11
5.283067911E-4	7.138575116E-11
5.301451384E-4	6.987621837E-11
5.316061422E-4	7.138548545E-11
5.333410621E-4	7.288400851E-11
5.352747419E-4	7.514101573E-11
5.369612925E-4	7.678203083E-11
5.385101021E-4	7.828349253E-11
5.399202553E-4	7.980960683E-11
5.409995973E-4	8.196786813E-11
5.421562885E-4	8.306747043E-11
5.425585163E-4	8.297069223E-11
5.43958261E-4	8.445251683E-11
5.452420888E-4	8.618912783E-11
5.464607609E-4	8.766685333E-11
5.480568963E-4	8.958762033E-11
5.491069857E-4	9.111595583E-11
5.50228593E-4	9.259218283E-11
5.505932322E-4	9.240617173E-11
5.517944812E-4	9.359639243E-11
5.531824453E-4	9.467121833E-11
5.541109847E-4	9.583434413E-11
5.552292277E-4	9.718927143E-11
5.553462971E-4	9.739526033E-11
5.561117881E-4	9.881596703E-11
5.575409529E-4	1.0058052183E-10
5.587194197E-4	1.0262969023E-10
5.59581345E-4	1.0490593323E-10
5.602569807E-4	1.0602853633E-10
5.612819994E-4	1.0778008393E-10
5.622582339E-4	1.0963275193E-10
5.62928368E-4	1.1118837923E-10
5.63925048E-4	1.1274234933E-10
5.647113515E-4	1.1466845413E-10
5.655678253E-4	1.1634845673E-10
5.663706407E-4	1.1706111813E-10
5.67051516E-4	1.1809224283E-10
5.684187837E-4	1.2153049753E-10
5.692461341E-4	1.2332488023E-10
5.699682428E-4	1.2506483163E-10
5.704045581E-4	1.2677686523E-10
5.711612176E-4	1.2801143073E-10
5.716505376E-4	1.2937741533E-10
5.729415602E-4	1.3204445853E-10
5.738592992E-4	1.3187850313E-10
5.744291131E-4	1.3380794873E-10
5.746906443E-4	1.3448090343E-10
5.751974477E-4	1.3585096413E-10
5.762486046E-4	1.3866729363E-10
5.768716483E-4	1.4009578243E-10
5.774311227E-4	1.4143511133E-10
5.780408212E-4	1.4287977223E-10
5.792247984E-4	1.4571529343E-10
5.79633189E-4	1.4678483103E-10
5.802002752E-4	1.4818659563E-10
5.812637099E-4	1.5103415773E-10
5.818819181E-4	1.5250423193E-10
5.8234363E-4	1.5390199453E-10
5.833436535E-4	1.5695423483E-10
5.839275816E-4	1.5875422183E-10
5.8477916E-4	1.6179767913E-10
5.853821368E-4	1.6421248953E-10
5.85827117E-4	1.6566126973E-10
5.863885246E-4	1.6820823603E-10
5.864793657E-4	1.6962361853E-10
5.878424402E-4	1.7285927433E-10
5.882280227E-4	1.7455890673E-10
5.883742048E-4	1.7647671273E-10
5.88921438E-4	1.7808173673E-10
5.895668228E-4	1.8088131223E-10
5.904325052E-4	1.8308158153E-10
5.908907589E-4	1.8422999963E-10
5.91412698E-4	1.8690844113E-10
5.915918427E-4	1.8830201663E-10
5.927862021E-4	1.9449749313E-10
5.931885576E-4	1.9741034183E-10
5.934235778E-4	1.9559998333E-10
5.939942303E-4	1.9868542343E-10
5.947132931E-4	2.0220466753E-10
5.952710151E-4	2.0494496783E-10
5.956907004E-4	2.0668117173E-10
5.962208181E-4	2.1018394443E-10
5.96805067E-4	2.1361696693E-10
5.97415606E-4	2.1672519183E-10
5.98024473E-4	2.1946887543E-10
5.984974005E-4	2.2273056903E-10
5.987403244E-4	2.2432053263E-10
5.993601554E-4	2.2764140073E-10
5.998026344E-4	2.3069050593E-10
6.001972717E-4	2.3356802173E-10
6.005465998E-4	2.3641423623E-10
6.010192781E-4	2.3920757163E-10
6.013794014E-4	2.4118440433E-10
6.01782908E-4	2.4296147553E-10
6.022654005E-4	2.4611636383E-10
6.028187149E-4	2.4910942353E-10
6.032254782E-4	2.5270424943E-10
6.037958955E-4	2.5704171473E-10
6.041772131E-4	2.6005418143E-10
6.045213596E-4	2.6319321183E-10
6.046889102E-4	2.6403054603E-10
6.050561464E-4	2.6673527133E-10
6.057259735E-4	2.7350089413E-10
6.066331187E-4	2.7943923403E-10
6.074520522E-4	2.8646763433E-10
6.078041764E-4	2.8948556813E-10
6.081017295E-4	2.9398723703E-10
6.08561416E-4	2.9715400163E-10
6.088511829E-4	2.9994909133E-10
6.092298577E-4	3.0418118163E-10
6.093776148E-4	3.0710678963E-10
6.098698614E-4	3.1055613303E-10
6.101875051E-4	3.1403069233E-10
6.106056853E-4	3.1682789863E-10
6.109472118E-4	3.2077464953E-10
6.113229948E-4	3.2375497343E-10
6.116305399E-4	3.2965417123E-10
6.126028259E-4	3.3862860403E-10
6.129282568E-4	3.4299193313E-10
6.133246025E-4	3.4702196123E-10
6.136869907E-4	3.5159071043E-10
6.140519041E-4	3.5614881063E-10
6.143759366E-4	3.6066517513E-10
6.148525728E-4	3.6577756953E-10
6.152783858E-4	3.7088612863E-10
6.154979712E-4	3.7539880713E-10
6.159550646E-4	3.7994253963E-10
6.16272459E-4	3.8461119623E-10
6.164392169E-4	3.8685111613E-10
6.166434287E-4	3.9088718683E-10
6.168684421E-4	3.9519011043E-10
6.171695626E-4	4.0094546283E-10
6.174889864E-4	4.0507322103E-10
6.176569031E-4	4.0931312923E-10
6.180902777E-4	4.1407970353E-10
6.184303942E-4	4.2217456063E-10
6.186688979E-4	4.2672356943E-10
6.189254754E-4	4.3001423133E-10
6.192787243E-4	4.3546694013E-10
6.194508524E-4	4.4188096663E-10
6.19675381E-4	4.4640258903E-10
6.200314143E-4	4.5218425683E-10
6.20346427E-4	4.5819782183E-10
6.207259658E-4	4.6241337323E-10
6.210176287E-4	4.6829444973E-10
6.213400479E-4	4.7415233323E-10
6.21507554E-4	4.8015313263E-10
6.218941923E-4	4.8602357073E-10
6.220597623E-4	4.9008557423E-10
6.222991431E-4	4.9522439573E-10
6.225974677E-4	5.0084745633E-10
6.22983668E-4	5.0652966863E-10
6.231318163E-4	5.1204309183E-10
6.234095854E-4	5.1851057403E-10
6.236312578E-4	5.2525393783E-10
6.239171239E-4	5.3114510083E-10
6.243460539E-4	5.3656059613E-10
6.245673359E-4	5.4377268203E-10
6.248582128E-4	5.4972729433E-10
6.251852093E-4	5.5585235253E-10
6.253167766E-4	5.6160487193E-10
6.255240702E-4	5.6765041253E-10
6.258931922E-4	5.7605177973E-10
6.261741857E-4	5.8351782893E-10
6.264209974E-4	5.8953613843E-10
6.265617375E-4	5.9698036243E-10
6.268392475E-4	6.0440785733E-10
6.270040496E-4	6.1024385153E-10
6.271447673E-4	6.1705201963E-10
6.273058229E-4	6.2147488373E-10
6.276559421E-4	6.2874623763E-10
6.278788584E-4	6.3620478573E-10
6.28071217E-4	6.4415083313E-10
6.282868192E-4	6.5313617533E-10
6.285684793E-4	6.6053768183E-10
6.28893295E-4	6.6811795093E-10
6.289508155E-4	6.7454075313E-10
6.292539755E-4	6.8296697723E-10
6.293322625E-4	6.9011727173E-10
6.296018792E-4	6.9860252253E-10
6.296945325E-4	7.0570659243E-10
6.299642071E-4	7.1389390013E-10
6.300129712E-4	7.2247396233E-10
6.304562198E-4	7.3265540813E-10
6.306758168E-4	7.4132095623E-10
6.307512345E-4	7.4684879643E-10
6.309823408E-4	7.5565205403E-10
6.311887464E-4	7.6740998733E-10
6.314874377E-4	7.7601371263E-10
6.317123079E-4	7.8461053073E-10
6.318142084E-4	7.9260171923E-10
6.320012803E-4	8.0210735253E-10
6.321681703E-4	8.1063037993E-10
6.322944006E-4	8.1918167803E-10
6.32654336E-4	8.2978532993E-10
6.329114227E-4	8.3877182193E-10
6.329824933E-4	8.4739138693E-10
6.330903885E-4	8.5712250263E-10
6.332543133E-4	8.6941804443E-10
6.334149304E-4	8.7825892403E-10
6.335280425E-4	8.8844118493E-10
6.338145615E-4	8.9858871323E-10
6.340950234E-4	9.0872881843E-10
6.341595492E-4	9.2023537453E-10
6.344192084E-4	9.3009482323E-10
6.345943465E-4	9.4021309753E-10
6.348113939E-4	9.5152574293E-10
6.349251106E-4	9.6132133513E-10
6.351243208E-4	9.7276679763E-10
6.353403518E-4	9.8235100043E-10
6.356092684E-4	9.9362304943E-10
6.356586115E-4	1.00521771843E-9
6.358562218E-4	1.01711214943E-9
6.359829037E-4	1.02900729143E-9
6.36116367E-4	1.04106280943E-9
6.362825444E-4	1.05277517343E-9
6.364142995E-4	1.06429795743E-9
6.366516165E-4	1.07773039543E-9
6.367709863E-4	1.08924116243E-9
6.369597422E-4	1.10222582643E-9
6.371648686E-4	1.11508574443E-9
6.372769006E-4	1.12623143143E-9
6.37645604E-4	1.13902028543E-9
6.376839615E-4	1.15196217643E-9
6.380426864E-4	1.16413862543E-9
6.380527854E-4	1.17700233843E-9
6.382941334E-4	1.19140352843E-9
6.384304527E-4	1.20396555243E-9
6.385500944E-4	1.21677795243E-9
6.387947366E-4	1.23113137043E-9
6.389717943E-4	1.24513156143E-9
6.391554769E-4	1.25772248543E-9
6.39308071E-4	1.27226498443E-9
6.393239174E-4	1.28661081443E-9
6.395704101E-4	1.30142550343E-9
6.3972599E-4	1.31803747643E-9
6.398921534E-4	1.33267280743E-9
6.40072612E-4	1.34767625543E-9
6.402789463E-4	1.36386563143E-9
6.403148603E-4	1.37990429743E-9
6.404491178E-4	1.39475557543E-9
6.406969017E-4	1.41108283343E-9
6.407508427E-4	1.42698671543E-9
6.409347861E-4	1.44299676543E-9
6.411049233E-4	1.46049899843E-9
6.411552124E-4	1.47594106043E-9
6.413696067E-4	1.49256756843E-9
6.41570514E-4	1.50819008743E-9
6.416319206E-4	1.52496522043E-9
6.420821519E-4	1.57590948543E-9
6.422436713E-4	1.59462074843E-9
6.425692068E-4	1.61189770343E-9
6.427572053E-4	1.66650981343E-9
6.429701764E-4	1.68538336943E-9
6.43062439E-4	1.70439931243E-9
6.434690506E-4	1.76474486043E-9
6.435170062E-4	1.78537684743E-9
6.436540863E-4	1.80571110243E-9
6.437774253E-4	1.82589897743E-9
6.438447022E-4	1.84658994243E-9
6.440659454E-4	1.86701975143E-9
6.442413439E-4	1.88867890543E-9
6.442991147E-4	1.90900812543E-9
6.443863536E-4	1.93099569643E-9
6.44536908E-4	1.95268493343E-9
6.446790939E-4	1.97570176143E-9
6.448126274E-4	1.99737906743E-9
6.453065448E-4	2.06403691643E-9
6.455126542E-4	2.08721365043E-9
6.456832989E-4	2.11010516943E-9
6.458106589E-4	2.13402767043E-9
6.458405393E-4	2.15674225643E-9
6.460275406E-4	2.18126073043E-9
6.462019199E-4	2.20530471243E-9
6.463489776E-4	2.22951220543E-9
6.465555958E-4	2.25573035643E-9
6.467862283E-4	2.33171380143E-9
6.468947527E-4	2.35778972743E-9
6.469543347E-4	2.38563601043E-9
6.47103031E-4	2.41161687043E-9
6.472398952E-4	2.43956999443E-9
6.473322742E-4	2.46774910743E-9
6.476005055E-4	2.49561879243E-9
6.476951242E-4	2.52318532043E-9
6.476953272E-4	2.55248938643E-9
6.47892203E-4	2.58179983743E-9
6.482040033E-4	2.66982642343E-9
6.482573884E-4	2.69847408043E-9
6.484026438E-4	2.72861807843E-9
6.485665102E-4	2.75829630243E-9
6.485810981E-4	2.79045850843E-9
6.486922578E-4	2.82190298843E-9
6.488160129E-4	2.85147796443E-9
6.489801146E-4	2.88419481743E-9
6.490956544E-4	2.91572734343E-9
6.4912889E-4	2.94860204943E-9
6.491500124E-4	2.97983136143E-9
6.493748008E-4	3.01437361343E-9
6.495646824E-4	3.04755275043E-9
6.497367979E-4	3.08200127843E-9
6.497489113E-4	3.11686852643E-9
6.499425756E-4	3.15137197543E-9
6.500931517E-4	3.18589940943E-9
6.502377077E-4	3.22215895743E-9
6.50340949E-4	3.25844793843E-9
6.50421273E-4	3.29464009243E-9
6.504845076E-4	3.33314886143E-9
6.506427559E-4	3.37129182243E-9
6.508375344E-4	3.40897087943E-9
6.508457964E-4	3.44660327743E-9
6.509351777E-4	3.48567939143E-9
6.511156005E-4	3.52468814643E-9
6.512599676E-4	3.56419429143E-9
6.514349158E-4	3.60466196243E-9
6.518121071E-4	3.72644720343E-9
6.518915695E-4	3.76832876743E-9
6.520001539E-4	3.81144807043E-9
6.522217531E-4	3.85315686543E-9
6.523230217E-4	3.89625037143E-9
6.523911304E-4	3.93884992743E-9
6.52589119E-4	3.98281404643E-9
6.528942234E-4	4.11596983943E-9
6.530953896E-4	4.16216261543E-9
6.53286847E-4	4.20795161943E-9
6.533008222E-4	4.25528715443E-9
6.534991434E-4	4.30297689543E-9
6.535946417E-4	4.35060988443E-9
6.537183623E-4	4.39973647643E-9
6.537467597E-4	4.44969822843E-9
6.538477216E-4	4.49957038243E-9
6.540067749E-4	4.55027659043E-9
6.540631129E-4	4.60152694443E-9
6.542583519E-4	4.65389753343E-9
6.543349207E-4	4.70596434643E-9
6.545274215E-4	4.75801214143E-9
6.546128927E-4	4.81147516943E-9
6.547514063E-4	4.86521329643E-9
6.548870009E-4	4.92036107743E-9
6.551164826E-4	4.97542391243E-9
6.55339472E-4	5.02986431543E-9
6.555039649E-4	5.08527364843E-9
6.556628984E-4	5.14277214943E-9
6.557514983E-4	5.19871726643E-9
6.559520135E-4	5.25717298343E-9
6.560611416E-4	5.31490140643E-9
6.562369083E-4	5.37419332543E-9
6.564127806E-4	5.43417534843E-9
6.566018563E-4	5.49454000843E-9
6.567808571E-4	5.55498635743E-9
6.569428738E-4	5.61633020843E-9
6.570503554E-4	5.67981927943E-9
6.573620257E-4	5.74333574743E-9
6.574836812E-4	5.80732823643E-9
6.576325182E-4	5.87186602143E-9
6.57795222E-4	5.93668816143E-9
6.579814177E-4	6.00309541243E-9
6.580934501E-4	6.07125605343E-9
6.583090167E-4	6.13949525243E-9
6.585352892E-4	6.20752655243E-9
6.586191239E-4	6.27762739243E-9
6.587886421E-4	6.34882935243E-9
6.589007571E-4	6.41974041243E-9
6.591097485E-4	6.49095683843E-9
6.593082811E-4	6.56328100443E-9
6.595543831E-4	6.63699405843E-9
6.597187332E-4	6.71085015843E-9
6.599484284E-4	6.78600926043E-9
6.60066329E-4	6.86287063943E-9
6.602253117E-4	6.93886199443E-9
6.605251513E-4	7.01520702443E-9
6.607636293E-4	7.09304414543E-9
6.609488169E-4	7.17144932743E-9
6.613361572E-4	7.25165169543E-9
6.615235967E-4	7.33265814543E-9
6.617608324E-4	7.41336859543E-9
6.62065152E-4	7.49496121043E-9
6.621805147E-4	7.57861457343E-9
6.623567436E-4	7.66353045543E-9
6.627382735E-4	7.74821656843E-9
6.630026867E-4	7.83480338843E-9
6.63248633E-4	7.92165882243E-9
6.636205029E-4	8.01196890543E-9
6.637783354E-4	8.10167686943E-9
6.639658362E-4	8.19205250443E-9
6.642005799E-4	8.28317966643E-9
6.644357174E-4	8.37582265743E-9
6.647588007E-4	8.46966185543E-9
6.650992263E-4	8.56377062143E-9
6.653404075E-4	8.65974120943E-9
6.656454987E-4	8.75642349843E-9
6.659573587E-4	8.85473709243E-9
6.662667405E-4	8.95271001843E-9
6.66525108E-4	9.05172459043E-9
6.668816539E-4	9.15172465443E-9
6.672203702E-4	9.25341851543E-9
6.675677772E-4	9.35576519143E-9
6.679542021E-4	9.45965475643E-9
6.683099649E-4	9.56487842943E-9
6.686989636E-4	9.66967822543E-9
6.690399083E-4	9.77415356443E-9
6.693072377E-4	9.88003534243E-9
6.696468454E-4	9.98340318643E-9
6.699608261E-4	1.008924681643E-8
6.704045719E-4	1.019487377643E-8
6.70819704E-4	1.030081102643E-8
6.711358544E-4	1.040676966643E-8
6.713915326E-4	1.051228579643E-8
6.718338315E-4	1.061679483643E-8
6.721213469E-4	1.072238005643E-8
6.725429515E-4	1.082772791643E-8
6.728344941E-4	1.093365906643E-8
6.732177797E-4	1.103919308643E-8
6.736728674E-4	1.114323786643E-8
6.740144312E-4	1.124902433643E-8
6.745551794E-4	1.135428508643E-8
6.748458125E-4	1.145949587643E-8
6.752211201E-4	1.156482867643E-8
6.756245398E-4	1.166958048643E-8
6.761399381E-4	1.177233744643E-8
6.765657856E-4	1.187786406643E-8
6.769267165E-4	1.198310959643E-8
6.773844968E-4	1.208819157643E-8
6.777884648E-4	1.219346624643E-8
6.78164613E-4	1.229714713643E-8
6.786555572E-4	1.240211907643E-8
6.790459283E-4	1.250704756643E-8
6.794429634E-4	1.261208747643E-8
6.799714811E-4	1.271742723643E-8
6.80388012E-4	1.282301932643E-8
6.807399242E-4	1.292699293643E-8
6.810887622E-4	1.303266639643E-8
6.814942958E-4	1.313896770643E-8
6.819725449E-4	1.324414989643E-8
6.823160996E-4	1.335087997643E-8
6.827891552E-4	1.345521130643E-8
6.832531608E-4	1.356054673643E-8
6.836494465E-4	1.366590004643E-8
6.84060383E-4	1.377169369643E-8
6.84516386E-4	1.387737660643E-8
6.849868709E-4	1.398299699643E-8
6.854199023E-4	1.408688766643E-8
6.85829725E-4	1.419214890643E-8
6.8620546E-4	1.429746620643E-8
6.866641867E-4	1.440222928643E-8
6.871859019E-4	1.450639788643E-8
6.875466407E-4	1.461025533643E-8
6.879924014E-4	1.471529986643E-8
6.885398956E-4	1.482037127643E-8
6.888484488E-4	1.492569383643E-8
6.893301001E-4	1.503099294643E-8
6.897682511E-4	1.513574422643E-8
6.900611474E-4	1.523948521643E-8
6.906955922E-4	1.534475804643E-8
6.911548774E-4	1.545013209643E-8
6.915205605E-4	1.555511708643E-8
6.920520405E-4	1.566035156643E-8
6.92541194E-4	1.576441226643E-8
6.930036214E-4	1.587027278643E-8
6.935639624E-4	1.597620529643E-8
6.940296944E-4	1.608162997643E-8
6.943842607E-4	1.618732342643E-8
6.948010274E-4	1.629351236643E-8
6.951625048E-4	1.639762225643E-8
6.956491106E-4	1.650347647643E-8
6.961082646E-4	1.660903157643E-8
6.966191578E-4	1.671457284643E-8
6.970672285E-4	1.682029451643E-8
6.977128768E-4	1.692443031643E-8
6.981195824E-4	1.702966129643E-8
6.98644756E-4	1.713493372643E-8
6.990045739E-4	1.723988590643E-8
6.995311698E-4	1.734490934643E-8
7.000454404E-4	1.745035933643E-8
7.006412817E-4	1.755397300643E-8
7.009397938E-4	1.765849734643E-8
7.015960498E-4	1.776337230643E-8
7.020559286E-4	1.786832849643E-8
7.025079348E-4	1.797340717643E-8
7.029382158E-4	1.807692816643E-8
7.034780155E-4	1.818079150643E-8
7.039370171E-4	1.828708295643E-8
7.04545327E-4	1.839243009643E-8
7.049002963E-4	1.849824033643E-8
7.054343943E-4	1.860361511643E-8
7.060113672E-4	1.870831134643E-8
7.064307552E-4	1.881464872643E-8
7.069494817E-4	1.892010781643E-8
7.074905999E-4	1.902550440643E-8
7.080191743E-4	1.913107850643E-8
7.085048086E-4	1.923570449643E-8
7.090677706E-4	1.934123300643E-8
7.095569851E-4	1.944585245643E-8
7.101941927E-4	1.955240585643E-8
7.10781074E-4	1.965787372643E-8
7.113167968E-4	1.976299182643E-8
7.1176405E-4	1.986641430643E-8
7.123907338E-4	1.997175889643E-8
7.128635434E-4	2.007610718643E-8
7.134100409E-4	2.018126264643E-8
7.140666163E-4	2.028661893643E-8
7.14499799E-4	2.039004755643E-8
7.151186127E-4	2.049489231643E-8
7.156570853E-4	2.059998039643E-8
7.162940549E-4	2.070498634643E-8
7.167390353E-4	2.081017284643E-8
7.171915863E-4	2.091579075643E-8
7.177287095E-4	2.101950456643E-8
7.183101971E-4	2.112535223643E-8
7.188182778E-4	2.123098241643E-8
7.193799274E-4	2.133637944643E-8
7.19903938E-4	2.144232170643E-8
7.203781704E-4	2.154662980643E-8
7.210117739E-4	2.165242917643E-8
7.213795942E-4	2.175810275643E-8
7.220118217E-4	2.186211807643E-8
7.22491256E-4	2.196820140643E-8
7.231266852E-4	2.207206744643E-8
7.237132593E-4	2.217791528643E-8
7.243275299E-4	2.228361887643E-8
7.246955379E-4	2.238933733643E-8
7.252796899E-4	2.249502706643E-8
7.258465983E-4	2.260031853643E-8
7.263516609E-4	2.270418698643E-8
7.269046412E-4	2.280932829643E-8
7.273768934E-4	2.291435276643E-8
7.27989103E-4	2.301954509643E-8
7.285759727E-4	2.312433361643E-8
7.291769688E-4	2.322777193643E-8
7.29772573E-4	2.333291895643E-8
7.302425377E-4	2.343815443643E-8
7.308094218E-4	2.354201654643E-8