-7.49786E-4	-2.25223E-8
-7.45865E-4	-2.13983E-8
-7.42177E-4	-2.03281E-8
-7.38721E-4	-1.93117E-8
-7.35328E-4	-1.83469E-8
-7.32413E-4	-1.74298E-8
-7.29772E-4	-1.65597E-8
-7.26804E-4	-1.57305E-8
-7.24307E-4	-1.49449E-8
-7.21996E-4	-1.41991E-8
-7.19724E-4	-1.3489E-8
-7.17463E-4	-1.28147E-8
-7.15249E-4	-1.21752E-8
-7.13079E-4	-1.1566E-8
-7.11022E-4	-1.09887E-8
-7.09137E-4	-1.04392E-8
-7.07135E-4	-9.91675E-9
-7.05286E-4	-9.42216E-9
-7.03259E-4	-8.95128E-9
-7.01895E-4	-8.50245E-9
-6.9997E-4	-8.07931E-9
-6.98339E-4	-7.67581E-9
-6.96023E-4	-7.29283E-9
-6.93976E-4	-6.92811E-9
-6.92476E-4	-6.58233E-9
-6.90662E-4	-6.25441E-9
-6.88565E-4	-5.94198E-9
-6.87074E-4	-5.64534E-9
-6.85133E-4	-5.36395E-9
-6.83715E-4	-5.09636E-9
-6.80981E-4	-4.8412E-9
-6.79113E-4	-4.59884E-9
-6.77676E-4	-4.36843E-9
-6.7491E-4	-4.15058E-9
-6.73027E-4	-3.94323E-9
-6.70371E-4	-3.74708E-9
-6.68418E-4	-3.56003E-9
-6.64822E-4	-3.38276E-9
-6.62802E-4	-3.21339E-9
-6.59188E-4	-3.0545E-9
-6.56734E-4	-2.90131E-9
-6.53189E-4	-2.75705E-9
-6.50493E-4	-2.61968E-9
-6.47818E-4	-2.48983E-9
-6.44379E-4	-2.36542E-9
-6.40948E-4	-2.24814E-9
-6.37246E-4	-2.13556E-9
-6.32145E-4	-2.02939E-9
-6.28302E-4	-1.92772E-9
-6.24702E-4	-1.8316E-9
-6.2059E-4	-1.7406E-9
-6.15082E-4	-1.65441E-9
-6.09209E-4	-1.57227E-9
-6.05151E-4	-1.49466E-9
-5.99965E-4	-1.41924E-9
-5.93687E-4	-1.34927E-9
-5.879E-4	-1.28154E-9
-5.80897E-4	-1.21722E-9
-5.74243E-4	-1.15824E-9
-5.67717E-4	-1.10013E-9
-5.61768E-4	-1.04454E-9
-5.54586E-4	-9.92556E-10
-5.45541E-4	-9.44003E-10
-5.37722E-4	-8.97843E-10
-5.30953E-4	-8.53545E-10
-5.22856E-4	-8.11698E-10
-5.14554E-4	-7.71358E-10
-5.04352E-4	-7.33217E-10
-4.95822E-4	-6.97095E-10
-4.86907E-4	-6.61577E-10
-4.78231E-4	-6.2797E-10
-4.6785E-4	-5.98163E-10
-4.58025E-4	-5.67879E-10
-4.4956E-4	-5.4083E-10
-4.40635E-4	-5.15164E-10
-4.3054E-4	-4.89395E-10
-4.19945E-4	-4.66028E-10
-4.10105E-4	-4.42857E-10
-4.00608E-4	-4.20573E-10
-3.91306E-4	-4.00047E-10
-3.8158E-4	-3.79147E-10
-3.70916E-4	-3.6071E-10
-3.62252E-4	-3.43986E-10
-3.53028E-4	-3.27225E-10
-3.42912E-4	-3.11444E-10
-3.33772E-4	-2.96472E-10
-3.25262E-4	-2.81222E-10
-3.16174E-4	-2.67787E-10
-3.07637E-4	-2.55399E-10
-2.98554E-4	-2.42536E-10
-2.90354E-4	-2.31293E-10
-2.8111E-4	-2.20118E-10
-2.73261E-4	-2.10045E-10
-2.64364E-4	-2.00132E-10
-2.56111E-4	-1.89517E-10
-2.48125E-4	-1.80464E-10
-2.40265E-4	-1.71047E-10
-2.31773E-4	-1.62416E-10
-2.24643E-4	-1.55083E-10
-2.17391E-4	-1.47815E-10
-2.10232E-4	-1.40763E-10
-2.03806E-4	-1.35267E-10
-1.967E-4	-1.28322E-10
-1.89632E-4	-1.22648E-10
-1.82567E-4	-1.17283E-10
-1.75604E-4	-1.11829E-10
-1.69543E-4	-1.0725E-10
-1.63084E-4	-1.0093E-10
-1.56842E-4	-9.58526E-11
-1.51604E-4	-9.14756E-11
-1.45929E-4	-8.76053E-11
-1.39866E-4	-8.37821E-11
-1.34663E-4	-8.08697E-11
-1.29106E-4	-7.70371E-11
-1.24258E-4	-7.41068E-11
-1.19442E-4	-7.14246E-11
-1.14923E-4	-6.84792E-11
-1.10401E-4	-6.51593E-11
-1.05712E-4	-6.25291E-11
-1.01248E-4	-5.91728E-11
-9.69261E-5	-5.63968E-11
-9.19707E-5	-5.27055E-11
-8.80615E-5	-5.18063E-11
-8.43942E-5	-4.82289E-11
-7.98804E-5	-4.51034E-11
-7.63306E-5	-4.42498E-11
-7.27835E-5	-4.18633E-11
-6.89065E-5	-4.08953E-11
-6.39347E-5	-3.7987E-11
-5.943E-5	-3.45761E-11
-5.58002E-5	-3.23298E-11
-5.08953E-5	-2.93108E-11
-4.60071E-5	-2.62741E-11
-4.19754E-5	-2.55315E-11
-3.74528E-5	-2.2166E-11
-3.29491E-5	-1.91517E-11
-2.95839E-5	-1.82664E-11
-2.46781E-5	-1.59812E-11
-2.00961E-5	-1.49499E-11
-1.58202E-5	-1.17673E-11
-1.09564E-5	-8.17164E-12
-5.87198E-6	-6.03706E-12
-1.29137E-6	-3.23946E-12
3.7398E-6	0
8.21518E-6	1.51218E-12
1.19151E-5	3.81473E-12
1.75742E-5	7.11724E-12
2.11501E-5	8.03731E-12
2.62221E-5	1.08187E-11
3.06128E-5	1.16926E-11
3.47607E-5	1.47098E-11
3.98555E-5	1.72062E-11
4.36126E-5	1.84581E-11
4.79933E-5	2.16326E-11
5.33931E-5	2.51365E-11
5.76438E-5	2.7069E-11
6.2335E-5	2.99801E-11
6.63082E-5	3.32348E-11
7.08913E-5	3.46781E-11
7.47322E-5	3.75313E-11
7.88616E-5	4.01692E-11
8.2611E-5	4.11786E-11
8.76155E-5	4.46521E-11
9.1925E-5	4.77728E-11
9.63822E-5	5.06181E-11
1.00986E-4	5.34996E-11
1.05449E-4	5.58923E-11
1.10026E-4	5.8413E-11
1.14467E-4	6.0635E-11
1.19232E-4	6.34252E-11
1.24839E-4	6.78558E-11
1.31258E-4	7.26359E-11
1.36679E-4	7.5523E-11
1.41815E-4	8.05394E-11
1.47914E-4	8.42024E-11
1.54686E-4	9.04858E-11
1.61378E-4	9.44996E-11
1.67675E-4	1.01082E-10
1.74252E-4	1.05203E-10
1.80374E-4	1.11233E-10
1.87414E-4	1.17032E-10
1.94565E-4	1.238E-10
2.01542E-4	1.29383E-10
2.09079E-4	1.36323E-10
2.17147E-4	1.44385E-10
2.23966E-4	1.51042E-10
2.32105E-4	1.59114E-10
2.39479E-4	1.66164E-10
2.48371E-4	1.76751E-10
2.56376E-4	1.8625E-10
2.64837E-4	1.96585E-10
2.7363E-4	2.06559E-10
2.81341E-4	2.17009E-10
2.90248E-4	2.28614E-10
2.98261E-4	2.40101E-10
3.06494E-4	2.51001E-10
3.1571E-4	2.63459E-10
3.24696E-4	2.77467E-10
3.34133E-4	2.92272E-10
3.43148E-4	3.06642E-10
3.52754E-4	3.23159E-10
3.61831E-4	3.39551E-10
3.70888E-4	3.57312E-10
3.80795E-4	3.76092E-10
3.9042E-4	3.94952E-10
3.99638E-4	4.14814E-10
4.09786E-4	4.36064E-10
4.19118E-4	4.57151E-10
4.28119E-4	4.80334E-10
4.38098E-4	5.04544E-10
4.47755E-4	5.30667E-10
4.57335E-4	5.58305E-10
4.66507E-4	5.85669E-10
4.76004E-4	6.16527E-10
4.84768E-4	6.46507E-10
4.94013E-4	6.80378E-10
5.02556E-4	7.15077E-10
5.11173E-4	7.51954E-10
5.19188E-4	7.89347E-10
5.27598E-4	8.30201E-10
5.35303E-4	8.72085E-10
5.4287E-4	9.15121E-10
5.49105E-4	9.60854E-10
5.56442E-4	1.00818E-9
5.64115E-4	1.05839E-9
5.70894E-4	1.11188E-9
5.76797E-4	1.16871E-9
5.83263E-4	1.22788E-9
5.89112E-4	1.28994E-9
5.94146E-4	1.35551E-9
5.98836E-4	1.42379E-9
6.0489E-4	1.49565E-9
6.10383E-4	1.57102E-9
6.15298E-4	1.65043E-9
6.18822E-4	1.73225E-9
6.22545E-4	1.81852E-9
6.27365E-4	1.90916E-9
6.31265E-4	2.00646E-9
6.34537E-4	2.10677E-9
6.38742E-4	2.2131E-9
6.43095E-4	2.32441E-9
6.45452E-4	2.44096E-9
6.47525E-4	2.56213E-9
6.52322E-4	2.69025E-9
6.55093E-4	2.82481E-9
6.57336E-4	2.96697E-9
6.60667E-4	3.11541E-9
6.62625E-4	3.27189E-9
6.65956E-4	3.43658E-9
6.68419E-4	3.60877E-9
6.70671E-4	3.78945E-9
6.72795E-4	3.979E-9
6.74835E-4	4.17869E-9
6.77025E-4	4.38841E-9
6.78066E-4	4.60907E-9
6.80645E-4	4.83872E-9
6.82109E-4	5.08212E-9
6.84153E-4	5.3371E-9
6.86498E-4	5.60507E-9
6.88135E-4	5.88531E-9
6.89368E-4	6.17834E-9
6.9096E-4	6.48748E-9
6.9343E-4	6.81247E-9
6.95097E-4	7.15258E-9
6.96352E-4	7.51223E-9
6.98169E-4	7.88903E-9
7.00336E-4	8.28378E-9
7.01715E-4	8.6984E-9
7.03009E-4	9.13192E-9
7.0532E-4	9.5884E-9
7.07208E-4	1.00684E-8
7.08774E-4	1.0574E-8
7.10431E-4	1.11017E-8
7.1256E-4	1.1657E-8
7.14569E-4	1.22416E-8
7.16706E-4	1.28533E-8
7.18966E-4	1.34972E-8
7.20939E-4	1.41729E-8
7.23317E-4	1.48816E-8
7.25821E-4	1.56249E-8
7.2824E-4	1.64076E-8
7.31056E-4	1.72277E-8
7.33704E-4	1.80899E-8
7.36847E-4	1.89956E-8
7.39975E-4	1.99466E-8
7.43612E-4	2.09437E-8
7.47228E-4	2.19907E-8
7.50888E-4	2.30911E-8