-7.832039848e-04	-4.051912168e-08
-7.759209060e-04	-3.849399277e-08
-7.691844838e-04	-3.656972558e-08
-7.629010420e-04	-3.474248219e-08
-7.569727342e-04	-3.300605031e-08
-7.515540328e-04	-3.135644222e-08
-7.464938433e-04	-2.978901572e-08
-7.418128293e-04	-2.829990866e-08
-7.374578886e-04	-2.688570333e-08
-7.333759839e-04	-2.554110053e-08
-7.296475046e-04	-2.426549253e-08
-7.260950269e-04	-2.305211591e-08
-7.227773296e-04	-2.189951498e-08
-7.197893871e-04	-2.080515179e-08
-7.169285737e-04	-1.976543843e-08
-7.141273988e-04	-1.877764900e-08
-7.117439080e-04	-1.783930814e-08
-7.093151078e-04	-1.694719599e-08
-7.069977922e-04	-1.610082498e-08
-7.049574946e-04	-1.529575288e-08
-7.028410793e-04	-1.453233957e-08
-7.009305692e-04	-1.380501793e-08
-6.989757082e-04	-1.311505965e-08
-6.970724794e-04	-1.246013663e-08
-6.953625212e-04	-1.183818339e-08
-6.936451074e-04	-1.124680492e-08
-6.918856330e-04	-1.068439177e-08
-6.902773825e-04	-1.015057806e-08
-6.885893609e-04	-9.643044129e-09
-6.869103629e-04	-9.161678909e-09
-6.853322858e-04	-8.703204623e-09
-6.836808927e-04	-8.269385101e-09
-6.819924552e-04	-7.855975051e-09
-6.803998914e-04	-7.464147796e-09
-6.786634467e-04	-7.090857131e-09
-6.770280101e-04	-6.736673067e-09
-6.752689656e-04	-6.399792713e-09
-6.734377939e-04	-6.080273063e-09
-6.717655630e-04	-5.776659971e-09
-6.698328212e-04	-5.488891756e-09
-6.679023585e-04	-5.214191258e-09
-6.659070246e-04	-4.953960154e-09
-6.640245466e-04	-4.706753344e-09
-6.619535613e-04	-4.472481319e-09
-6.598241852e-04	-4.249503073e-09
-6.575343986e-04	-4.036982419e-09
-6.552190754e-04	-3.835968141e-09
-6.526964305e-04	-3.643763455e-09
-6.502247632e-04	-3.463012037e-09
-6.476884522e-04	-3.289552486e-09
-6.449258000e-04	-3.126162070e-09
-6.421145673e-04	-2.970050963e-09
-6.390230624e-04	-2.822496086e-09
-6.360285693e-04	-2.680792767e-09
-6.328372450e-04	-2.547782069e-09
-6.294942473e-04	-2.420543425e-09
-6.260273944e-04	-2.300480975e-09
-6.221743518e-04	-2.184910895e-09
-6.184077489e-04	-2.076471290e-09
-6.143651677e-04	-1.973805291e-09
-6.101129465e-04	-1.875482865e-09
-6.056322397e-04	-1.781498370e-09
-6.010947074e-04	-1.693333073e-09
-5.961530954e-04	-1.609377681e-09
-5.910294144e-04	-1.528478074e-09
-5.856757052e-04	-1.453033932e-09
-5.800786416e-04	-1.380740983e-09
-5.741110749e-04	-1.311337077e-09
-5.680616687e-04	-1.246221631e-09
-5.616135786e-04	-1.184065798e-09
-5.551424586e-04	-1.126209170e-09
-5.480350078e-04	-1.069881730e-09
-5.408468585e-04	-1.016365543e-09
-5.335461428e-04	-9.672053896e-10
-5.256187915e-04	-9.180208566e-10
-5.177408581e-04	-8.731860736e-10
-5.096133765e-04	-8.298444216e-10
-5.012804365e-04	-7.893684266e-10
-4.925025758e-04	-7.502997356e-10
-4.836642980e-04	-7.128050051e-10
-4.746605372e-04	-6.781398701e-10
-4.655366870e-04	-6.448869741e-10
-4.561355714e-04	-6.130608984e-10
-4.467264467e-04	-5.826886857e-10
-4.370704689e-04	-5.537559918e-10
-4.272683564e-04	-5.262654665e-10
-4.174576841e-04	-5.002122076e-10
-4.076196935e-04	-4.756578916e-10
-3.977845356e-04	-4.525137701e-10
-3.881882863e-04	-4.308298078e-10
-3.781271693e-04	-4.091452897e-10
-3.681939514e-04	-3.889222374e-10
-3.584204920e-04	-3.701458964e-10
-3.491172791e-04	-3.528144421e-10
-3.394353826e-04	-3.354196130e-10
-3.294016934e-04	-3.180894610e-10
-3.204527320e-04	-3.036296685e-10
-3.107005854e-04	-2.877055931e-10
-3.016798537e-04	-2.747338712e-10
-2.929829865e-04	-2.617391982e-10
-2.838350948e-04	-2.487113377e-10
-2.751617324e-04	-2.371416546e-10
-2.663103168e-04	-2.255509121e-10
-2.573820303e-04	-2.140007285e-10
-2.491589167e-04	-2.038774133e-10
-2.407204555e-04	-1.937306683e-10
-2.330080500e-04	-1.850152414e-10
-2.253594029e-04	-1.763486644e-10
-2.176917531e-04	-1.677196271e-10
-2.105243349e-04	-1.604691946e-10
-2.026624226e-04	-1.517784953e-10
-1.952517371e-04	-1.445766697e-10
-1.887274701e-04	-1.387713101e-10
-1.817213055e-04	-1.315354080e-10
-1.751341541e-04	-1.257461531e-10
-1.687971999e-04	-1.199937977e-10
-1.623935563e-04	-1.142038998e-10
-1.559649776e-04	-1.084013266e-10
-1.501824277e-04	-1.040779959e-10
-1.447769316e-04	-9.977436127e-11
-1.386256885e-04	-9.399748927e-11
-1.329489943e-04	-8.962568687e-11
-1.281465728e-04	-8.672987937e-11
-1.231689675e-04	-8.238644397e-11
-1.179108143e-04	-7.807872197e-11
-1.132364380e-04	-7.517330657e-11
-1.090719127e-04	-7.229280947e-11
-1.050227472e-04	-6.940022787e-11
-1.003420141e-04	-6.503971267e-11
-9.579296827e-05	-6.215488817e-11
-9.233396156e-05	-6.070351477e-11
-8.881397573e-05	-5.781023767e-11
-8.499399260e-05	-5.494111497e-11
-8.181721413e-05	-5.347958067e-11
-7.838486803e-05	-5.059691547e-11
-7.538845271e-05	-4.912649217e-11
-7.220132136e-05	-4.623378107e-11
-6.920463626e-05	-4.477885587e-11
-6.676172597e-05	-4.334866707e-11
-6.364371495e-05	-4.045060707e-11
-6.078504289e-05	-3.900249457e-11
-5.828127995e-05	-3.752807847e-11
-5.595413976e-05	-3.609705297e-11
-5.369356260e-05	-3.464088947e-11
-5.143029604e-05	-3.320798247e-11
-4.918403417e-05	-3.179674607e-11
-4.781397284e-05	-3.179747367e-11
-4.624219626e-05	-3.034002387e-11
-4.435596657e-05	-2.888684907e-11
-4.234165236e-05	-2.745362637e-11
-4.027064184e-05	-2.599605287e-11
-3.892601587e-05	-2.598768617e-11
-3.737397551e-05	-2.456727687e-11
-3.563589253e-05	-2.310651097e-11
-3.368705661e-05	-2.164714047e-11
-3.151080591e-05	-2.021266497e-11
-2.930036319e-05	-1.875582477e-11
-2.801230146e-05	-1.877732797e-11
-2.642205888e-05	-1.730903347e-11
-2.443395566e-05	-1.584720237e-11
-2.234762378e-05	-1.440806627e-11
-2.018705977e-05	-1.296264127e-11
-1.902472477e-05	-1.296035677e-11
-1.741958518e-05	-1.150960327e-11
-1.570646263e-05	-1.006828307e-11
-1.361330190e-05	-8.460284566e-12
-1.142016455e-05	-6.969184566e-12
-9.036822632e-06	-5.520919166e-12
-7.796413916e-06	-5.545425666e-12
-6.080416506e-06	-4.076608766e-12
-4.113569842e-06	-2.646312266e-12
-2.058867064e-06	-1.159263166e-12
-5.250434520e-10	2.641348340e-13
1.345182863e-06	2.754422340e-13
2.965705635e-06	1.726886934e-12
4.886784950e-06	3.127467734e-12
6.899120751e-06	4.603248734e-12
9.128560607e-06	6.054907334e-12
1.124848312e-05	7.529937434e-12
1.266595016e-05	7.517201034e-12
1.414343521e-05	8.955970534e-12
1.594241580e-05	1.042336003e-11
1.809256792e-05	1.184867143e-11
2.023692255e-05	1.330284733e-11
2.150458203e-05	1.331990663e-11
2.311014035e-05	1.466956983e-11
2.492511113e-05	1.614738493e-11
2.690903835e-05	1.758949523e-11
2.918926462e-05	1.904879453e-11
3.147911873e-05	2.048205213e-11
3.359548911e-05	2.195318553e-11
3.574723464e-05	2.338397093e-11
3.793919731e-05	2.484414613e-11
4.021104348e-05	2.626356153e-11
4.234725688e-05	2.772054863e-11
4.538575535e-05	3.066002753e-11
4.814607511e-05	3.206074363e-11
5.069789010e-05	3.354302303e-11
5.391891559e-05	3.642607953e-11
5.679443216e-05	3.784403993e-11
6.000850234e-05	4.077726483e-11
6.384844651e-05	4.365642183e-11
6.702626196e-05	4.512467273e-11
7.051679661e-05	4.802647223e-11
7.433780266e-05	5.090186923e-11
7.832151521e-05	5.383588573e-11
8.234963215e-05	5.671850873e-11
8.715346998e-05	6.097568263e-11
9.178247519e-05	6.389146103e-11
9.690839590e-05	6.824125233e-11
1.015835029e-04	7.114068733e-11
1.066298717e-04	7.547044943e-11
1.121656077e-04	7.981037523e-11
1.176040397e-04	8.409642523e-11
1.230047921e-04	8.847402173e-11
1.285369452e-04	9.281523383e-11
1.346384051e-04	9.859749983e-11
1.412957813e-04	1.043899879e-10
1.473617846e-04	1.086751037e-10
1.542550821e-04	1.159364377e-10
1.612030525e-04	1.217198984e-10
1.677992135e-04	1.275301311e-10
1.749702232e-04	1.347503125e-10
1.825778382e-04	1.419759709e-10
1.901976973e-04	1.492596564e-10
1.982412935e-04	1.578788413e-10
2.056553064e-04	1.651040719e-10
2.135454558e-04	1.737825500e-10
2.221435379e-04	1.839436624e-10
2.304975266e-04	1.926303268e-10
2.386671194e-04	2.027282755e-10
2.479655212e-04	2.142955214e-10
2.565462473e-04	2.244227275e-10
2.654429244e-04	2.360379925e-10
2.748177278e-04	2.490211485e-10
2.844088878e-04	2.620565245e-10
2.936350443e-04	2.750258863e-10
3.032402751e-04	2.894971230e-10
3.127537154e-04	3.039415004e-10
3.223383360e-04	3.198331391e-10
3.321187619e-04	3.357664353e-10
3.419804680e-04	3.530844011e-10
3.525171512e-04	3.718738916e-10
3.624291800e-04	3.906535836e-10
3.725431124e-04	4.109139821e-10
3.823057692e-04	4.311582654e-10
3.923257051e-04	4.528736168e-10
4.023034483e-04	4.759985690e-10
4.124979751e-04	5.005206113e-10
4.224778793e-04	5.265454597e-10
4.320749858e-04	5.526061120e-10
4.420695032e-04	5.815415443e-10
4.516393981e-04	6.104951855e-10
4.608679574e-04	6.408163364e-10
4.702619659e-04	6.740513815e-10
4.791085816e-04	7.073610432e-10
4.880470833e-04	7.433859949e-10
4.966194266e-04	7.809794978e-10
5.050504688e-04	8.214822894e-10
5.129953924e-04	8.619506073e-10
5.208562003e-04	9.053200451e-10
5.285719584e-04	9.516269611e-10
5.358132631e-04	9.993755262e-10
5.428668475e-04	1.049954809e-09
5.495902499e-04	1.103430987e-09
5.560164063e-04	1.158370079e-09
5.622828265e-04	1.216217656e-09
5.682403916e-04	1.278366528e-09
5.739789305e-04	1.342010324e-09
5.793106834e-04	1.409952831e-09
5.847597549e-04	1.481081768e-09
5.897646392e-04	1.556278406e-09
5.946650111e-04	1.634281219e-09
5.992751035e-04	1.715359618e-09
6.036637247e-04	1.802087326e-09
6.078863374e-04	1.893167924e-09
6.117956380e-04	1.987126754e-09
6.157089150e-04	2.086936530e-09
6.194201340e-04	2.192442816e-09
6.229065207e-04	2.302294779e-09
6.262488805e-04	2.417995957e-09
6.295123208e-04	2.539421377e-09
6.325965501e-04	2.666627832e-09
6.356021576e-04	2.799650320e-09
6.384446653e-04	2.939925027e-09
6.412097006e-04	3.087412747e-09
6.437583148e-04	3.242133765e-09
6.462117128e-04	3.405517668e-09
6.486913809e-04	3.576144755e-09
6.510301470e-04	3.755353429e-09
6.533765597e-04	3.943395689e-09
6.555807272e-04	4.141410028e-09
6.576051329e-04	4.348180536e-09
6.596129555e-04	4.566731742e-09
6.615732655e-04	4.795225752e-09
6.635497372e-04	5.035218747e-09
6.654526316e-04	5.286724037e-09
6.672133622e-04	5.552759473e-09
6.689851370e-04	5.830362774e-09
6.707340309e-04	6.122453139e-09
6.724109577e-04	6.428996577e-09
6.740586779e-04	6.749884422e-09
6.756010791e-04	7.088267636e-09
6.772011238e-04	7.442748908e-09
6.787526836e-04	7.815836248e-09
6.802606147e-04	8.207582654e-09
6.816877264e-04	8.618238328e-09
6.833476092e-04	9.049132319e-09
6.850189071e-04	9.501736711e-09
6.865636044e-04	9.977381713e-09
6.882361220e-04	1.047646929e-08
6.898952235e-04	1.100137123e-08
6.915421821e-04	1.155217900e-08
6.932665146e-04	1.212940541e-08
6.950103249e-04	1.273658772e-08
6.967703276e-04	1.337455022e-08
6.986507261e-04	1.404399431e-08
7.005734522e-04	1.474663692e-08
7.024659965e-04	1.548381087e-08
7.045292985e-04	1.625756992e-08
7.067495209e-04	1.707182065e-08
7.091035437e-04	1.792487611e-08
7.114990314e-04	1.882278434e-08
7.140539264e-04	1.976375216e-08
7.167344217e-04	2.075184444e-08
7.197411477e-04	2.178997689e-08
7.228670892e-04	2.288048163e-08
7.261616274e-04	2.402433307e-08
7.296698468e-04	2.522603845e-08
7.335017116e-04	2.648821203e-08
7.375495254e-04	2.781259014e-08
7.418414523e-04	2.920365422e-08
7.465031854e-04	3.066400582e-08
7.514531410e-04	3.219750125e-08
7.568352167e-04	3.380863891e-08
7.625326728e-04	3.549894043e-08
7.687270389e-04	3.727479049e-08
7.753787300e-04	3.913793351e-08
7.825093651e-04	4.109521977e-08