-8.493769653e-04	-4.229856464e-08
-8.479844965e-04	-4.211050599e-08
-8.468684099e-04	-4.192210832e-08
-8.454461194e-04	-4.173367033e-08
-8.442383644e-04	-4.154514362e-08
-8.428795813e-04	-4.135618802e-08
-8.415253377e-04	-4.116663605e-08
-8.401575223e-04	-4.097678990e-08
-8.389591887e-04	-4.078589392e-08
-8.376462063e-04	-4.059537390e-08
-8.363942759e-04	-4.040637266e-08
-8.351927418e-04	-4.021735488e-08
-8.339555814e-04	-4.002879803e-08
-8.326415537e-04	-3.984088239e-08
-8.314361342e-04	-3.965296267e-08
-8.300950348e-04	-3.946477514e-08
-8.287833886e-04	-3.927684983e-08
-8.275589700e-04	-3.908855472e-08
-8.262359819e-04	-3.890016686e-08
-8.250978749e-04	-3.871213287e-08
-8.237144592e-04	-3.852402748e-08
-8.225300214e-04	-3.833487386e-08
-8.213899568e-04	-3.814527829e-08
-8.200723830e-04	-3.795408627e-08
-8.188939667e-04	-3.776430760e-08
-8.176416203e-04	-3.757534361e-08
-8.163613386e-04	-3.738631573e-08
-8.152236679e-04	-3.719713389e-08
-8.140193756e-04	-3.700791542e-08
-8.128136824e-04	-3.681863927e-08
-8.115946072e-04	-3.662993823e-08
-8.104361386e-04	-3.644175722e-08
-8.092843857e-04	-3.625411443e-08
-8.081191362e-04	-3.606614511e-08
-8.069566119e-04	-3.587834820e-08
-8.056242475e-04	-3.569046250e-08
-8.044669140e-04	-3.550203219e-08
-8.032338543e-04	-3.531233520e-08
-8.021023719e-04	-3.512410480e-08
-8.008750610e-04	-3.493563782e-08
-7.997269471e-04	-3.474696265e-08
-7.985614258e-04	-3.455782140e-08
-7.973261008e-04	-3.436819211e-08
-7.960556430e-04	-3.417849731e-08
-7.949227506e-04	-3.398751209e-08
-7.937988675e-04	-3.379807673e-08
-7.926492852e-04	-3.360910023e-08
-7.914306035e-04	-3.342011942e-08
-7.902633237e-04	-3.323142202e-08
-7.891294715e-04	-3.304409433e-08
-7.880466108e-04	-3.285642237e-08
-7.868484919e-04	-3.266699236e-08
-7.858198332e-04	-3.247879770e-08
-7.845982698e-04	-3.229011765e-08
-7.833950055e-04	-3.210345738e-08
-7.822045681e-04	-3.191439376e-08
-7.810885208e-04	-3.172482573e-08
-7.798626765e-04	-3.153522651e-08
-7.787805276e-04	-3.134581229e-08
-7.776965852e-04	-3.115642984e-08
-7.766510361e-04	-3.096678079e-08
-7.754416574e-04	-3.077755593e-08
-7.743910598e-04	-3.058850578e-08
-7.731900724e-04	-3.039951526e-08
-7.721008824e-04	-3.021081559e-08
-7.709935808e-04	-3.002096786e-08
-7.699449242e-04	-2.983313143e-08
-7.688071353e-04	-2.964527139e-08
-7.676084254e-04	-2.945829836e-08
-7.664134015e-04	-2.926996118e-08
-7.653362168e-04	-2.908234437e-08
-7.641506160e-04	-2.889378811e-08
-7.631129604e-04	-2.870476407e-08
-7.619341966e-04	-2.851542215e-08
-7.607821982e-04	-2.832483465e-08
-7.596710435e-04	-2.813511435e-08
-7.584700927e-04	-2.794498688e-08
-7.574763987e-04	-2.775596719e-08
-7.563523837e-04	-2.756721032e-08
-7.552102577e-04	-2.737822984e-08
-7.541264111e-04	-2.719052794e-08
-7.531194440e-04	-2.700250946e-08
-7.520301820e-04	-2.681474426e-08
-7.509026830e-04	-2.662643682e-08
-7.498250487e-04	-2.643789204e-08
-7.487600127e-04	-2.624913945e-08
-7.477449014e-04	-2.605955325e-08
-7.467212214e-04	-2.587221691e-08
-7.457674346e-04	-2.568341986e-08
-7.446951124e-04	-2.549431893e-08
-7.436712059e-04	-2.530496807e-08
-7.425799876e-04	-2.511556819e-08
-7.416708882e-04	-2.492598064e-08
-7.404623388e-04	-2.473508160e-08
-7.394202264e-04	-2.454614570e-08
-7.384452976e-04	-2.435661063e-08
-7.375044077e-04	-2.416769916e-08
-7.366103361e-04	-2.397900704e-08
-7.356992248e-04	-2.378958335e-08
-7.345483396e-04	-2.360305320e-08
-7.335466217e-04	-2.341481459e-08
-7.325266047e-04	-2.322680118e-08
-7.314839828e-04	-2.303864005e-08
-7.306689701e-04	-2.285040169e-08
-7.297169373e-04	-2.266205824e-08
-7.287345663e-04	-2.247388363e-08
-7.277867188e-04	-2.228384188e-08
-7.268542577e-04	-2.209483492e-08
-7.258107835e-04	-2.190562694e-08
-7.249104674e-04	-2.171444671e-08
-7.239101714e-04	-2.152396834e-08
-7.230526919e-04	-2.133519642e-08
-7.220774291e-04	-2.114654650e-08
-7.211488805e-04	-2.095830601e-08
-7.201403705e-04	-2.077030905e-08
-7.193055643e-04	-2.058261265e-08
-7.182505229e-04	-2.039464008e-08
-7.172326007e-04	-2.020654684e-08
-7.164197589e-04	-2.001833010e-08
-7.153904600e-04	-1.982952374e-08
-7.145024695e-04	-1.963977196e-08
-7.136426082e-04	-1.945149433e-08
-7.126610045e-04	-1.926294008e-08
-7.119409575e-04	-1.907139927e-08
-7.110956983e-04	-1.888195000e-08
-7.101048134e-04	-1.869286797e-08
-7.091432420e-04	-1.850377504e-08
-7.083752516e-04	-1.831482547e-08
-7.073371539e-04	-1.812558724e-08
-7.064679317e-04	-1.793673841e-08
-7.055450926e-04	-1.774966971e-08
-7.046894627e-04	-1.756200617e-08
-7.039834721e-04	-1.737431961e-08
-7.030920577e-04	-1.718690697e-08
-7.021720401e-04	-1.699666578e-08
-7.014523142e-04	-1.680735582e-08
-7.006746267e-04	-1.661794309e-08
-6.997231405e-04	-1.642704632e-08
-6.989534072e-04	-1.623803935e-08
-6.979862416e-04	-1.604873087e-08
-6.971750456e-04	-1.585950231e-08
-6.963929965e-04	-1.566959844e-08
-6.957373349e-04	-1.548199757e-08
-6.949362035e-04	-1.529363315e-08
-6.942152434e-04	-1.510574878e-08
-6.934652080e-04	-1.491705934e-08
-6.926092457e-04	-1.472916647e-08
-6.917700176e-04	-1.454186976e-08
-6.909441735e-04	-1.435236751e-08
-6.900247845e-04	-1.416400350e-08
-6.893632804e-04	-1.397569626e-08
-6.884634843e-04	-1.378706646e-08
-6.877182258e-04	-1.359835214e-08
-6.870681343e-04	-1.340901809e-08
-6.862602714e-04	-1.321923378e-08
-6.855136385e-04	-1.302961211e-08
-6.849409818e-04	-1.284018454e-08
-6.842099597e-04	-1.265083606e-08
-6.835172666e-04	-1.246178368e-08
-6.827355514e-04	-1.227268099e-08
-6.819986621e-04	-1.208350587e-08
-6.812368787e-04	-1.189478444e-08
-6.805560171e-04	-1.170718111e-08
-6.798693483e-04	-1.151903669e-08
-6.790381473e-04	-1.133081698e-08
-6.782896882e-04	-1.114245990e-08
-6.776415401e-04	-1.095427385e-08
-6.769389048e-04	-1.076577949e-08
-6.763116290e-04	-1.057686662e-08
-6.756716609e-04	-1.038830745e-08
-6.750807012e-04	-1.019865604e-08
-6.745964807e-04	-1.000747973e-08
-6.738894102e-04	-9.818388382e-09
-6.732102446e-04	-9.629289154e-09
-6.725014349e-04	-9.440242360e-09
-6.718372959e-04	-9.251171371e-09
-6.712132925e-04	-9.060752828e-09
-6.705429676e-04	-8.872364350e-09
-6.699553897e-04	-8.684208703e-09
-6.693838820e-04	-8.496333445e-09
-6.686876238e-04	-8.308515861e-09
-6.681689090e-04	-8.120364073e-09
-6.676498379e-04	-7.932291405e-09
-6.669799994e-04	-7.743965665e-09
-6.663124960e-04	-7.555913635e-09
-6.658364866e-04	-7.367186332e-09
-6.652113215e-04	-7.178237772e-09
-6.645220694e-04	-6.989536994e-09
-6.640191300e-04	-6.798307410e-09
-6.634892269e-04	-6.609081432e-09
-6.629720270e-04	-6.418275910e-09
-6.623482730e-04	-6.229249828e-09
-6.618787013e-04	-6.040020870e-09
-6.611413955e-04	-5.851363411e-09
-6.606450339e-04	-5.663217628e-09
-6.600103637e-04	-5.475429860e-09
-6.594044951e-04	-5.287514965e-09
-6.589704322e-04	-5.099768319e-09
-6.582333064e-04	-4.911602491e-09
-6.576123356e-04	-4.723113332e-09
-6.571369902e-04	-4.534772222e-09
-6.565017636e-04	-4.353467881e-09
-6.558387405e-04	-4.179105389e-09
-6.552896475e-04	-4.011734757e-09
-6.547442857e-04	-3.850905193e-09
-6.542576437e-04	-3.695263725e-09
-6.537125928e-04	-3.546315957e-09
-6.531313194e-04	-3.404564571e-09
-6.525515509e-04	-3.267264239e-09
-6.519874977e-04	-3.137411322e-09
-6.514449801e-04	-3.010317997e-09
-6.509849157e-04	-2.890590141e-09
-6.503938159e-04	-2.774227081e-09
-6.498197716e-04	-2.663921400e-09
-6.492471141e-04	-2.558351277e-09
-6.486840213e-04	-2.456775514e-09
-6.481869274e-04	-2.359461998e-09
-6.476091248e-04	-2.266197257e-09
-6.469943794e-04	-2.176772666e-09
-6.465562988e-04	-2.088590434e-09
-6.459789832e-04	-2.004344499e-09
-6.452971025e-04	-1.924175522e-09
-6.446391298e-04	-1.844714254e-09
-6.440218459e-04	-1.770736407e-09
-6.434418982e-04	-1.699951157e-09
-6.427919264e-04	-1.632176455e-09
-6.421009792e-04	-1.565504627e-09
-6.413594651e-04	-1.503329147e-09
-6.406512819e-04	-1.442744136e-09
-6.399455314e-04	-1.385690004e-09
-6.392903413e-04	-1.330338843e-09
-6.384616283e-04	-1.278040566e-09
-6.377481836e-04	-1.228224978e-09
-6.369038839e-04	-1.179703378e-09
-6.362120948e-04	-1.132628233e-09
-6.352979214e-04	-1.088281062e-09
-6.344141754e-04	-1.045443430e-09
-6.336241134e-04	-1.003894413e-09
-6.327494467e-04	-9.634835041e-10
-6.319088214e-04	-9.241204067e-10
-6.309313426e-04	-8.873145235e-10
-6.300386716e-04	-8.490876046e-10
-6.291182530e-04	-8.143087796e-10
-6.281943846e-04	-7.820801446e-10
-6.271779343e-04	-7.500562236e-10
-6.262770709e-04	-7.195586509e-10
-6.251473923e-04	-6.908103443e-10
-6.240657382e-04	-6.639675605e-10
-6.230784705e-04	-6.395893674e-10
-6.219183167e-04	-6.153608405e-10
-6.206747416e-04	-5.913621676e-10
-6.194299469e-04	-5.675121023e-10
-6.183473471e-04	-5.459926599e-10
-6.167772498e-04	-5.227860113e-10
-6.154872727e-04	-5.021047000e-10
-6.141473927e-04	-4.811191750e-10
-6.127255772e-04	-4.614594693e-10
-6.111862634e-04	-4.419598085e-10
-6.097203420e-04	-4.239908189e-10
-6.080376917e-04	-4.062905005e-10
-6.066159710e-04	-3.901116816e-10
-6.048662690e-04	-3.739083161e-10
-6.032137264e-04	-3.591528703e-10
-6.015285968e-04	-3.455329121e-10
-5.999051534e-04	-3.334192571e-10
-5.980355124e-04	-3.199475833e-10
-5.966067513e-04	-3.096592968e-10
-5.944767268e-04	-2.967171599e-10
-5.924760778e-04	-2.833881985e-10
-5.902496552e-04	-2.710048394e-10
-5.883083772e-04	-2.603609495e-10
-5.857985071e-04	-2.483249804e-10
-5.832850565e-04	-2.378595511e-10
-5.811246435e-04	-2.288524884e-10
-5.783764266e-04	-2.183812140e-10
-5.756939535e-04	-2.095902587e-10
-5.729194217e-04	-2.012023063e-10
-5.707050535e-04	-1.970862172e-10
-5.677203969e-04	-1.889335821e-10
-5.652984033e-04	-1.823807697e-10
-5.623230496e-04	-1.755471204e-10
-5.592270681e-04	-1.685553414e-10
-5.564841119e-04	-1.626625823e-10
-5.530352743e-04	-1.548902577e-10
-5.501402238e-04	-1.482576017e-10
-5.463794062e-04	-1.412521285e-10
-5.427806767e-04	-1.348360114e-10
-5.388034502e-04	-1.283834724e-10
-5.353434585e-04	-1.237370477e-10
-5.306454156e-04	-1.174110439e-10
-5.268357402e-04	-1.131079711e-10
-5.228961484e-04	-1.089616390e-10
-5.188371847e-04	-1.053471754e-10
-5.150019099e-04	-1.041609740e-10
-5.105430561e-04	-1.002415417e-10
-5.059556353e-04	-9.634809035e-11
-5.009017261e-04	-9.220438016e-11
-4.971344124e-04	-8.946648529e-11
-4.932670749e-04	-8.646389609e-11
-4.871282735e-04	-8.171021682e-11
-4.829296259e-04	-7.802556949e-11
-4.780181004e-04	-7.411222145e-11
-4.729769677e-04	-7.048789379e-11
-4.674063789e-04	-6.698109296e-11
-4.612772965e-04	-6.298406215e-11
-4.553053723e-04	-5.980913480e-11
-4.514629360e-04	-5.838536546e-11
-4.451096240e-04	-5.606031984e-11
-4.379863274e-04	-5.377678588e-11
-4.341514783e-04	-5.332817579e-11
-4.273260560e-04	-5.113775478e-11
-4.226548115e-04	-5.031038535e-11
-4.183626209e-04	-4.922734538e-11
-4.110217432e-04	-4.669634839e-11
-4.053833920e-04	-4.571551073e-11
-4.010487452e-04	-4.456556572e-11
-3.962543982e-04	-4.319974066e-11
-3.909728415e-04	-4.134132752e-11
-3.817952497e-04	-3.780304120e-11
-3.747657451e-04	-3.554261982e-11
-3.685403596e-04	-3.296462370e-11
-3.657772781e-04	-3.103221780e-11
-3.608870630e-04	-2.942134076e-11
-3.545668451e-04	-2.795365454e-11
-3.479297286e-04	-2.698069712e-11
-3.406644219e-04	-2.636218565e-11
-3.336785737e-04	-2.592009548e-11
-3.305198805e-04	-2.675583799e-11
-3.251338874e-04	-2.681370333e-11
-3.184683712e-04	-2.570958576e-11
-3.151990674e-04	-2.590590791e-11
-3.096673915e-04	-2.446183362e-11
-3.021929427e-04	-2.018647598e-11
-2.981569989e-04	-1.947027102e-11
-2.915656229e-04	-1.745476575e-11
-2.876715328e-04	-1.655755278e-11
-2.809807443e-04	-1.497667285e-11
-2.771290049e-04	-1.529480300e-11
-2.701615284e-04	-1.432948403e-11
-2.659009127e-04	-1.516175717e-11
-2.588775123e-04	-1.594453488e-11
-2.549800211e-04	-1.619920913e-11
-2.526714353e-04	-1.669549760e-11
-2.466895905e-04	-1.563926840e-11
-2.431209559e-04	-1.519003431e-11
-2.358625721e-04	-1.207165272e-11
-2.312811137e-04	-1.127394676e-11
-2.283665760e-04	-1.071373314e-11
-2.213921884e-04	-9.093821087e-12
-2.157230190e-04	-7.863029040e-12
-2.123651629e-04	-8.494477348e-12
-2.045092202e-04	-7.657430042e-12
-1.990824531e-04	-8.743505330e-12
-1.963413943e-04	-9.543489097e-12
-1.887886595e-04	-9.009196635e-12
-1.832377583e-04	-9.416844364e-12
-1.800146798e-04	-9.904244431e-12
-1.779032423e-04	-1.022282009e-11
-1.711218428e-04	-8.237997041e-12
-1.655342211e-04	-7.440778610e-12
-1.619984168e-04	-6.457368103e-12
-1.536500148e-04	-4.234241767e-12
-1.472668913e-04	-3.683769465e-12
-1.424455084e-04	-3.282732832e-12
-1.332554358e-04	-1.167250484e-12
-1.249074476e-04	-7.717800401e-13
-1.194168789e-04	-1.330501832e-12
-1.094094343e-04	-6.227403600e-13
-1.009865135e-04	-1.578943696e-12
-9.460339125e-05	-2.385129064e-12
-8.284571451e-05	-1.502753949e-12
-7.310146069e-05	-1.894978076e-12
-6.597990825e-05	-2.269381650e-12
-5.370727304e-05	-1.118552350e-12
-4.345849608e-05	-1.294847404e-12
-3.529654042e-05	-1.177733306e-12
-2.244144307e-05	4.923490656e-13
-1.188414811e-05	1.282578054e-12
-3.099136240e-06	2.107868895e-12
9.971549838e-06	4.251714370e-12
2.189650584e-05	4.936394916e-12
3.102731636e-05	5.380180919e-12
4.594377997e-05	8.212740100e-12
5.796198236e-05	7.849410423e-12
6.737062048e-05	7.138532416e-12
8.081696983e-05	7.770691851e-12
9.248341511e-05	6.882261382e-12
1.012418077e-04	6.289237749e-12
1.133602967e-04	7.321940421e-12
1.229574306e-04	7.012845689e-12
1.298938432e-04	6.169321708e-12
1.411427030e-04	7.349344950e-12
1.494708964e-04	9.146863172e-12
1.551495222e-04	9.946888957e-12
1.654760427e-04	1.244842243e-11
1.728042267e-04	1.256434879e-11
1.786103068e-04	1.403814643e-11
1.877048335e-04	1.519536014e-11
1.940867482e-04	1.460236102e-11
1.981062648e-04	1.374653629e-11
2.063264793e-04	1.438644691e-11
2.119018824e-04	1.371792487e-11
2.159972433e-04	1.329280579e-11
2.233636279e-04	1.406281182e-11
2.280701218e-04	1.341387251e-11
2.363813914e-04	1.472292616e-11
2.409338104e-04	1.742232146e-11
2.491088659e-04	1.962575120e-11
2.539021217e-04	2.018083696e-11
2.616927683e-04	2.191940910e-11
2.666931526e-04	2.238968992e-11
2.743128320e-04	2.406799109e-11
2.785766823e-04	2.419698052e-11
2.857589350e-04	2.526783607e-11
2.945109740e-04	2.422281409e-11
2.984392471e-04	2.344478099e-11
3.050484754e-04	2.424924106e-11
3.130551469e-04	2.537689167e-11
3.215161541e-04	2.623983530e-11
3.248248330e-04	2.612502220e-11
3.308860569e-04	2.781197549e-11
3.378294390e-04	2.974065381e-11
3.449627989e-04	3.182300424e-11
3.519419538e-04	3.415428433e-11
3.592585777e-04	3.719873224e-11
3.660220362e-04	3.912981615e-11
3.727209535e-04	4.102007503e-11
3.788282489e-04	4.277261805e-11
3.849324027e-04	4.423444213e-11
3.905708506e-04	4.521725102e-11
3.959836407e-04	4.588425644e-11
4.049923412e-04	4.775405039e-11
4.107195652e-04	4.846387244e-11
4.153698527e-04	4.938480415e-11
4.231682375e-04	5.194212956e-11
4.279135140e-04	5.299316846e-11
4.354393798e-04	5.538916596e-11
4.392561879e-04	5.655896545e-11
4.450812935e-04	6.135893817e-11
4.516628906e-04	6.496892292e-11
4.554354413e-04	6.710845143e-11
4.610826360e-04	7.066310890e-11
4.673947119e-04	7.443091787e-11
4.732294876e-04	7.629907115e-11
4.783969846e-04	7.829022145e-11
4.849444706e-04	8.032856082e-11
4.890158784e-04	8.251903967e-11
4.930320299e-04	8.511407236e-11
4.983370315e-04	8.938819524e-11
5.017609791e-04	9.282735817e-11
5.068808996e-04	9.790444875e-11
5.101080316e-04	1.018220520e-10
5.147525822e-04	1.069845355e-10
5.191374624e-04	1.119213631e-10
5.234402970e-04	1.168118425e-10
5.285224894e-04	1.229004043e-10
5.325344302e-04	1.278637327e-10
5.358737488e-04	1.318982331e-10
5.399511214e-04	1.369997546e-10
5.435595336e-04	1.418041478e-10
5.468688763e-04	1.466762279e-10
5.501650989e-04	1.516483833e-10
5.529241756e-04	1.567030363e-10
5.554518343e-04	1.619949415e-10
5.587373192e-04	1.687851240e-10
5.615358185e-04	1.757045179e-10
5.642226751e-04	1.828485098e-10
5.668477526e-04	1.905146175e-10
5.691750317e-04	1.984354799e-10
5.720934314e-04	2.080162396e-10
5.748717674e-04	2.177204025e-10
5.775975602e-04	2.271100460e-10
5.799036929e-04	2.362489060e-10
5.821905534e-04	2.454245711e-10
5.845719047e-04	2.558558550e-10
5.867635962e-04	2.662210545e-10
5.891922974e-04	2.775214967e-10
5.909832950e-04	2.866732885e-10
5.928596800e-04	2.974177117e-10
5.945263746e-04	3.072443330e-10
5.963710899e-04	3.195934154e-10
5.979615112e-04	3.314187064e-10
5.996851712e-04	3.446592632e-10
6.013834912e-04	3.591935420e-10
6.032308609e-04	3.745507872e-10
6.048815674e-04	3.896267869e-10
6.064001267e-04	4.063868778e-10
6.078166823e-04	4.224414087e-10
6.092347173e-04	4.402544506e-10
6.107959943e-04	4.581538551e-10
6.123043366e-04	4.774649879e-10
6.134886952e-04	4.966782527e-10
6.147538643e-04	5.155129828e-10
6.158672709e-04	5.346859111e-10
6.169281432e-04	5.551159670e-10
6.180268426e-04	5.775832747e-10
6.193201158e-04	6.002963514e-10
6.202969411e-04	6.229667095e-10
6.213595000e-04	6.485697701e-10
6.225400777e-04	6.743739327e-10
6.235595966e-04	7.020275981e-10
6.246715329e-04	7.300413687e-10
6.256527690e-04	7.595092252e-10
6.266983072e-04	7.922839488e-10
6.276644765e-04	8.246142987e-10
6.285745252e-04	8.568796170e-10
6.294827944e-04	8.918664208e-10
6.302473368e-04	9.282686636e-10
6.311571711e-04	9.659343975e-10
6.319105973e-04	1.002779196e-09
6.328450978e-04	1.042287572e-09
6.336964381e-04	1.083119377e-09
6.345687799e-04	1.125539403e-09
6.352155055e-04	1.169686114e-09
6.359881437e-04	1.216791719e-09
6.367288850e-04	1.265362705e-09
6.375111254e-04	1.316131880e-09
6.382029029e-04	1.372571095e-09
6.387460814e-04	1.427679808e-09
6.394002621e-04	1.484468950e-09
6.399766559e-04	1.543861048e-09
6.405926083e-04	1.605871955e-09
6.410670993e-04	1.670357243e-09
6.417976249e-04	1.735932573e-09
6.422475127e-04	1.804230453e-09
6.427465021e-04	1.875026867e-09
6.433908700e-04	1.949574445e-09
6.441346574e-04	2.028111920e-09
6.446513347e-04	2.108145407e-09
6.451969210e-04	2.192954040e-09
6.457568103e-04	2.279440283e-09
6.463729329e-04	2.372834879e-09
6.468409766e-04	2.468609497e-09
6.474048881e-04	2.567317868e-09
6.479389984e-04	2.671465731e-09
6.483539183e-04	2.778644115e-09
6.488868918e-04	2.890180069e-09
6.492880280e-04	3.005313678e-09
6.500133243e-04	3.124023293e-09
6.505772835e-04	3.248661940e-09
6.509977132e-04	3.377776442e-09
6.514111408e-04	3.512739130e-09
6.519876506e-04	3.653445635e-09
6.526069695e-04	3.798195176e-09
6.530983410e-04	3.950556466e-09
6.537134195e-04	4.108716934e-09
6.543151749e-04	4.273311381e-09
6.547231262e-04	4.444229173e-09
6.553945771e-04	4.623735329e-09
6.558118657e-04	4.808795486e-09
6.563571197e-04	4.998062191e-09
6.569929519e-04	5.187045325e-09
6.575488839e-04	5.376099381e-09
6.581305853e-04	5.566858653e-09
6.585846209e-04	5.756038974e-09
6.591003864e-04	5.945033904e-09
6.596699720e-04	6.132114644e-09
6.603379483e-04	6.320129937e-09
6.610659982e-04	6.506903988e-09
6.616589235e-04	6.694990027e-09
6.622798438e-04	6.883448604e-09
6.630011843e-04	7.072436445e-09
6.635141608e-04	7.261788301e-09
6.640533351e-04	7.451650558e-09
6.646159985e-04	7.641157138e-09
6.652226976e-04	7.830490557e-09
6.657643821e-04	8.019587150e-09
6.663194613e-04	8.209915755e-09
6.668607101e-04	8.399192089e-09
6.674999427e-04	8.588346949e-09
6.680480659e-04	8.775831523e-09
6.688276365e-04	8.963928254e-09
6.694208004e-04	9.151930262e-09
6.701554983e-04	9.340198446e-09
6.707820487e-04	9.528494952e-09
6.714930159e-04	9.716579878e-09
6.720679852e-04	9.904765243e-09
6.726913370e-04	1.009313060e-08
6.734259387e-04	1.028252457e-08
6.740232377e-04	1.047402143e-08
6.747667180e-04	1.066505073e-08
6.753311387e-04	1.085411260e-08
6.760969481e-04	1.104338160e-08
6.768675832e-04	1.123179610e-08
6.775246787e-04	1.141997596e-08
6.783002587e-04	1.160780339e-08
6.789858368e-04	1.179575208e-08
6.797684911e-04	1.198404454e-08
6.804941078e-04	1.217227194e-08
6.811036996e-04	1.236065797e-08
6.820142089e-04	1.254843627e-08
6.828864444e-04	1.273705354e-08
6.835955396e-04	1.292600455e-08
6.842694555e-04	1.311525777e-08
6.849209234e-04	1.330654863e-08
6.857673924e-04	1.349676749e-08
6.865670767e-04	1.368607553e-08
6.872781043e-04	1.387468213e-08
6.880072072e-04	1.406406003e-08
6.887773910e-04	1.425315174e-08
6.896509546e-04	1.444212285e-08
6.904043807e-04	1.463067211e-08
6.912278435e-04	1.481875169e-08
6.920146580e-04	1.500660632e-08
6.929429935e-04	1.519476245e-08
6.936768004e-04	1.538276048e-08
6.945260215e-04	1.557123772e-08
6.953811775e-04	1.575931213e-08
6.960830777e-04	1.594882407e-08
6.970718655e-04	1.613768342e-08
6.979197440e-04	1.632738906e-08
6.988054812e-04	1.651695733e-08
6.995251614e-04	1.670574651e-08
7.004597784e-04	1.689501057e-08
7.013687961e-04	1.708395022e-08
7.021645006e-04	1.727328463e-08
7.029359287e-04	1.746262234e-08
7.037852900e-04	1.765192916e-08
7.046926120e-04	1.784003763e-08
7.054894046e-04	1.802815604e-08
7.063747279e-04	1.821607779e-08
7.073866755e-04	1.840423169e-08
7.083009407e-04	1.859382854e-08
7.091192372e-04	1.878225704e-08
7.101789616e-04	1.897018450e-08
7.110683969e-04	1.915842459e-08
7.120551802e-04	1.934669976e-08
7.129410842e-04	1.953545395e-08
7.138585027e-04	1.972452017e-08
7.147431033e-04	1.991375623e-08
7.157280838e-04	2.010343118e-08
7.165650344e-04	2.029269983e-08
7.175040760e-04	2.048219348e-08
7.183917199e-04	2.067106800e-08
7.192330810e-04	2.086043377e-08
7.202260169e-04	2.104967256e-08
7.211872805e-04	2.123988878e-08
7.221433631e-04	2.142924765e-08
7.232559173e-04	2.161755724e-08
7.240992699e-04	2.180547051e-08
7.251951215e-04	2.199346147e-08
7.261773405e-04	2.218183632e-08
7.271064246e-04	2.236994795e-08
7.281638146e-04	2.255817946e-08
7.290953515e-04	2.274643965e-08
7.300634898e-04	2.293381010e-08
7.311753426e-04	2.312239085e-08
7.321274567e-04	2.331128729e-08
7.331209365e-04	2.350080177e-08
7.341136347e-04	2.369041739e-08
7.351505416e-04	2.388110406e-08
7.362438451e-04	2.407043273e-08
7.372837893e-04	2.425864457e-08
7.383783845e-04	2.444932737e-08
7.391963476e-04	2.463858575e-08
7.402689340e-04	2.482750151e-08
7.414138675e-04	2.501514996e-08
7.424482643e-04	2.520334103e-08
7.434011484e-04	2.539113970e-08
7.445305554e-04	2.557936565e-08
7.455439602e-04	2.576783805e-08
7.466060559e-04	2.595598848e-08
7.474593508e-04	2.614420314e-08
7.485370351e-04	2.633241943e-08
7.495640094e-04	2.652285763e-08
7.506095818e-04	2.671223626e-08
7.516384422e-04	2.690257311e-08
7.527738600e-04	2.709195151e-08
7.538402580e-04	2.728112469e-08
7.549807606e-04	2.746967681e-08
7.559848247e-04	2.765806761e-08
7.571782371e-04	2.784636511e-08
7.581548144e-04	2.803465784e-08
7.593686628e-04	2.822186845e-08
7.604725267e-04	2.840995516e-08
7.616083585e-04	2.859921068e-08
7.627250017e-04	2.878873533e-08
7.638040583e-04	2.897834297e-08
7.649270196e-04	2.916896596e-08
7.660043325e-04	2.935719206e-08
7.671803809e-04	2.954718368e-08
7.682295822e-04	2.973454534e-08
7.693305192e-04	2.992563400e-08
7.703998331e-04	3.011479104e-08
7.714023787e-04	3.030173108e-08
7.725193537e-04	3.049162470e-08
7.736184767e-04	3.067773093e-08
7.748646603e-04	3.086697607e-08
7.760036204e-04	3.105551850e-08
7.770322921e-04	3.124372717e-08
7.781663349e-04	3.143194715e-08
7.794058669e-04	3.161990614e-08
7.804165326e-04	3.180939751e-08
7.815118760e-04	3.199832071e-08
7.826702879e-04	3.218748245e-08
7.837353455e-04	3.237882049e-08
7.848354520e-04	3.256768328e-08
7.859764545e-04	3.275704140e-08
7.871532961e-04	3.294646873e-08
7.882022466e-04	3.313556242e-08
7.894183221e-04	3.332396525e-08
7.905885880e-04	3.351227268e-08
7.919052204e-04	3.370025349e-08
7.931230508e-04	3.388661207e-08
7.943285304e-04	3.407519088e-08
7.954883654e-04	3.426488160e-08
7.966311079e-04	3.445332271e-08
7.979367782e-04	3.464207682e-08
7.991076816e-04	3.483125803e-08
8.002937595e-04	3.502077648e-08
8.014901472e-04	3.521029130e-08
8.025894013e-04	3.539974972e-08
8.038379064e-04	3.558927264e-08
8.050791702e-04	3.577808305e-08
8.062004465e-04	3.596820665e-08
8.074987911e-04	3.615678874e-08
8.086349073e-04	3.634527134e-08
8.098868984e-04	3.653316993e-08
8.110938589e-04	3.672120855e-08
8.122935421e-04	3.691096475e-08
8.135018535e-04	3.709840126e-08
8.146283344e-04	3.728666017e-08
8.158423589e-04	3.747472050e-08
8.172059433e-04	3.766320351e-08
8.184638373e-04	3.785238160e-08
8.197085717e-04	3.804335975e-08
8.209040340e-04	3.823265670e-08
8.221590338e-04	3.842162922e-08
8.233345133e-04	3.861090975e-08
8.245815267e-04	3.879991373e-08
8.258190427e-04	3.898901543e-08
8.270080701e-04	3.917774376e-08
8.282008096e-04	3.936579287e-08
8.295199096e-04	3.955542872e-08
8.307329844e-04	3.974338055e-08
8.319755526e-04	3.993172598e-08
8.332404742e-04	4.011978681e-08
8.347171568e-04	4.030811485e-08
8.357352546e-04	4.049644213e-08
8.370200055e-04	4.068204610e-08
8.383969469e-04	4.087306240e-08
8.395768724e-04	4.106150914e-08
8.408469131e-04	4.125064786e-08
8.420905119e-04	4.144006360e-08
8.434819616e-04	4.162948071e-08
8.445760729e-04	4.181918533e-08
8.459468276e-04	4.200838734e-08
8.470933145e-04	4.219900577e-08
8.485104623e-04	4.238807830e-08