-6.75412816E-4	-4.185138645E-9
-6.744428663E-4	-4.099950686E-9
-6.735981122E-4	-4.014695337E-9
-6.725127071E-4	-3.929333109E-9
-6.714976533E-4	-3.84400259E-9
-6.704943293E-4	-3.758575255E-9
-6.694016121E-4	-3.674208256E-9
-6.683020885E-4	-3.591815357E-9
-6.67136665E-4	-3.51113685E-9
-6.660639004E-4	-3.43216518E-9
-6.648935984E-4	-3.355013424E-9
-6.637212786E-4	-3.279654622E-9
-6.626036122E-4	-3.206039666E-9
-6.612631791E-4	-3.134051532E-9
-6.600930682E-4	-3.063603847E-9
-6.588549723E-4	-2.994752217E-9
-6.575555291E-4	-2.927469897E-9
-6.562783093E-4	-2.861657058E-9
-6.549417486E-4	-2.797424807E-9
-6.536166594E-4	-2.734695777E-9
-6.522781709E-4	-2.673219368E-9
-6.508225129E-4	-2.613199194E-9
-6.493684061E-4	-2.554439258E-9
-6.478999897E-4	-2.497109595E-9
-6.464140262E-4	-2.440983445E-9
-6.448943737E-4	-2.386222586E-9
-6.43310249E-4	-2.332696264E-9
-6.417466389E-4	-2.280320978E-9
-6.401294097E-4	-2.229077937E-9
-6.384878664E-4	-2.178989104E-9
-6.367969925E-4	-2.129992244E-9
-6.351825398E-4	-2.082281036E-9
-6.333575337E-4	-2.035560825E-9
-6.316531313E-4	-1.989870456E-9
-6.296570161E-4	-1.945179178E-9
-6.278962462E-4	-1.901477613E-9
-6.260402208E-4	-1.858795475E-9
-6.239651607E-4	-1.817133453E-9
-6.219020722E-4	-1.776328164E-9
-6.198177553E-4	-1.73639292E-9
-6.177843259E-4	-1.697485424E-9
-6.156730701E-4	-1.65944288E-9
-6.134936326E-4	-1.622089087E-9
-6.113105981E-4	-1.58573278E-9
-6.091221622E-4	-1.550199408E-9
-6.06789691E-4	-1.515322645E-9
-6.044815957E-4	-1.481486251E-9
-6.021280366E-4	-1.448230121E-9
-5.997467462E-4	-1.41569521E-9
-5.972702677E-4	-1.384055772E-9
-5.947448295E-4	-1.352960553E-9
-5.922050535E-4	-1.32270592E-9
-5.895653515E-4	-1.293060145E-9
-5.86887037E-4	-1.263975982E-9
-5.841096282E-4	-1.235625306E-9
-5.812534601E-4	-1.207981283E-9
-5.785204192E-4	-1.180899288E-9
-5.757206354E-4	-1.154419284E-9
-5.728239775E-4	-1.128519525E-9
-5.697607462E-4	-1.10321317E-9
-5.666675804E-4	-1.078474679E-9
-5.635597171E-4	-1.05430681E-9
-5.605374702E-4	-1.030701286E-9
-5.574066642E-4	-1.007557388E-9
-5.539251813E-4	-9.850158365E-10
-5.506511662E-4	-9.630306885E-10
-5.47291619E-4	-9.415072129E-10
-5.441210596E-4	-9.204042082E-10
-5.405266899E-4	-8.998688822E-10
-5.370308355E-4	-8.79761629E-10
-5.334374044E-4	-8.59945932E-10
-5.297648766E-4	-8.40713727E-10
-5.26290616E-4	-8.219165188E-10
-5.224392174E-4	-8.035173418E-10
-5.187898684E-4	-7.855636956E-10
-5.149767956E-4	-7.680630016E-10
-5.112640086E-4	-7.508411629E-10
-5.073914826E-4	-7.340289776E-10
-5.034846438E-4	-7.175358919E-10
-4.995016872E-4	-7.01479677E-10
-4.955591248E-4	-6.858705338E-10
-4.914870615E-4	-6.705573213E-10
-4.875269071E-4	-6.556743458E-10
-4.834362177E-4	-6.409327885E-10
-4.792124415E-4	-6.266196166E-10
-4.750532781E-4	-6.127371869E-10
-4.708179519E-4	-5.990003725E-10
-4.667915773E-4	-5.857108663E-10
-4.627041309E-4	-5.72540602E-10
-4.583376458E-4	-5.598176241E-10
-4.540883921E-4	-5.473677632E-10
-4.498307864E-4	-5.350554161E-10
-4.455280261E-4	-5.231973009E-10
-4.412031042E-4	-5.114374934E-10
-4.367867545E-4	-5.000141496E-10
-4.324226019E-4	-4.888871544E-10
-4.282408442E-4	-4.78037975E-10
-4.237086345E-4	-4.673295466E-10
-4.194927663E-4	-4.569235413E-10
-4.149779294E-4	-4.467936403E-10
-4.109673932E-4	-4.368227617E-10
-4.064356275E-4	-4.271359736E-10
-4.020333007E-4	-4.175876037E-10
-3.978164602E-4	-4.083424545E-10
-3.934960179E-4	-3.99233264E-10
-3.892942233E-4	-3.904132872E-10
-3.851594583E-4	-3.817388953E-10
-3.807737175E-4	-3.732027928E-10
-3.76536087E-4	-3.64950942E-10
-3.722855799E-4	-3.568358878E-10
-3.681272034E-4	-3.488625994E-10
-3.640110139E-4	-3.411917818E-10
-3.597220855E-4	-3.335284119E-10
-3.556400853E-4	-3.261502609E-10
-3.515751487E-4	-3.189158285E-10
-3.472126036E-4	-3.118133055E-10
-3.432782864E-4	-3.050085571E-10
-3.392007263E-4	-2.982116393E-10
-3.352480021E-4	-2.915725247E-10
-3.31295632E-4	-2.852114972E-10
-3.270864972E-4	-2.788641079E-10
-3.231496732E-4	-2.726567108E-10
-3.192380346E-4	-2.667302131E-10
-3.153037342E-4	-2.608030049E-10
-3.113150953E-4	-2.550243648E-10
-3.074665968E-4	-2.493905263E-10
-3.036353082E-4	-2.438981729E-10
-2.998013554E-4	-2.385358277E-10
-2.961635621E-4	-2.333195308E-10
-2.921934819E-4	-2.280968871E-10
-2.884675149E-4	-2.230273137E-10
-2.844914996E-4	-2.181058638E-10
-2.810366183E-4	-2.13329055E-10
-2.772586171E-4	-2.0869562E-10
-2.736449524E-4	-2.040569841E-10
-2.69718161E-4	-1.995644842E-10
-2.662136848E-4	-1.952281254E-10
-2.628307903E-4	-1.908981607E-10
-2.592329078E-4	-1.867204234E-10
-2.557876824E-4	-1.827089465E-10
-2.523540296E-4	-1.786663616E-10
-2.488245424E-4	-1.747644878E-10
-2.454190255E-4	-1.710074434E-10
-2.418839684E-4	-1.672346758E-10
-2.387957093E-4	-1.636087368E-10
-2.351346978E-4	-1.599794372E-10
-2.317460648E-4	-1.564958061E-10
-2.285212736E-4	-1.530148977E-10
-2.252720784E-4	-1.496649276E-10
-2.221092302E-4	-1.463303038E-10
-2.188348329E-4	-1.431465706E-10
-2.156802637E-4	-1.401028089E-10
-2.128115394E-4	-1.370548056E-10
-2.095692461E-4	-1.340265043E-10
-2.06506324E-4	-1.311419819E-10
-2.033029355E-4	-1.282591195E-10
-2.003309354E-4	-1.25525586E-10
-1.973169E-4	-1.227926646E-10
-1.94518364E-4	-1.20188095E-10
-1.914288852E-4	-1.175884696E-10
-1.886129595E-4	-1.151381081E-10
-1.85605899E-4	-1.12539049E-10
-1.830498181E-4	-1.102276404E-10
-1.802077573E-4	-1.077299018E-10
-1.774426854E-4	-1.054058366E-10
-1.746389336E-4	-1.032327951E-10
-1.719556225E-4	-1.00911541E-10
-1.69228899E-4	-9.8740039E-11
-1.666626169E-4	-9.67058618E-11
-1.638428187E-4	-9.45307498E-11
-1.609479594E-4	-9.23702769E-11
-1.583417215E-4	-9.0209043E-11
-1.556519188E-4	-8.81956187E-11
-1.528690638E-4	-8.60388402E-11
-1.499762728E-4	-8.38814931E-11
-1.470623657E-4	-8.17091328E-11
-1.439410864E-4	-7.96930368E-11
-1.412544368E-4	-7.75356678E-11
-1.382025026E-4	-7.53739743E-11
-1.350366306E-4	-7.32081362E-11
-1.321418387E-4	-7.11785687E-11
-1.291218737E-4	-6.9001095E-11
-1.25944935E-4	-6.68210406E-11
-1.227060983E-4	-6.4640419E-11
-1.196777645E-4	-6.26031539E-11
-1.165940579E-4	-6.042836087E-11
-1.13077419E-4	-5.824804398E-11
-1.096542877E-4	-5.606723261E-11
-1.063421321E-4	-5.404982842E-11
-1.03137035E-4	-5.189021205E-11
-9.97535447E-5	-4.973931483E-11
-9.6228908E-5	-4.758246941E-11
-9.288616593E-5	-4.556296249E-11
-8.931014138E-5	-4.339749164E-11
-8.567825515E-5	-4.123490815E-11
-8.189196944E-5	-3.907300249E-11
-7.838108594E-5	-3.705009743E-11
-7.458126057E-5	-3.488112948E-11
-7.081816485E-5	-3.269736003E-11
-6.682358515E-5	-3.052168807E-11
-6.346712922E-5	-2.848190262E-11
-5.935545863E-5	-2.629779701E-11
-5.572951321E-5	-2.412637069E-11
-5.153224873E-5	-2.194265012E-11
-4.773793702E-5	-1.991573604E-11
-4.389622241E-5	-1.773187869E-11
-3.999493661E-5	-1.556694276E-11
-3.596974231E-5	-1.340661597E-11
-3.199298506E-5	-1.139656451E-11
-2.765564203E-5	-9.23465187E-12
-2.377555659E-5	-7.08272234E-12
-1.961724747E-5	-4.92664294E-12
-1.573293544E-5	-2.88259264E-12
-1.137330731E-5	-7.1961801E-13
-7.2659195E-6	1.46470675E-12
-3.02787301E-6	3.63652888E-12
9.54768843E-7	5.6728414E-12
5.14518761E-6	7.85489462E-12
9.307268052E-6	1.003582851E-11
1.368253228E-5	1.220629092E-11
1.749042863E-5	1.424667998E-11
2.155948495E-5	1.640754868E-11
2.567552826E-5	1.856626779E-11
2.948239044E-5	2.058460416E-11
3.356117015E-5	2.27394848E-11
3.778748675E-5	2.490945681E-11
4.167174257E-5	2.706727778E-11
4.572080694E-5	2.909399018E-11
4.956493835E-5	3.12538516E-11
5.34172419E-5	3.341742868E-11
5.731924711E-5	3.559361054E-11
6.130078174E-5	3.763051386E-11
6.509739784E-5	3.981011073E-11
6.89697383E-5	4.199369364E-11
7.260479447E-5	4.416944243E-11
7.650150522E-5	4.621203114E-11
7.995592002E-5	4.839433669E-11
8.391217385E-5	5.055649206E-11
8.741640273E-5	5.271885814E-11
9.082115522E-5	5.473127891E-11
9.43849047E-5	5.688449656E-11
9.805391403E-5	5.904353377E-11
1.015907415E-4	6.120568128E-11
1.048708998E-4	6.322923856E-11
1.082834872E-4	6.5393515E-11
1.115868917E-4	6.755439272E-11
1.148518747E-4	6.971434175E-11
1.180622888E-4	7.173890135E-11
1.213167167E-4	7.391837773E-11
1.246141129E-4	7.610295016E-11
1.280103728E-4	7.828664744E-11
1.309719526E-4	8.032348499E-11
1.338470842E-4	8.249860602E-11
1.371946373E-4	8.467157571E-11
1.401287724E-4	8.68469642E-11
1.432180994E-4	8.88822837E-11
1.460676916E-4	9.105364541E-11
1.488518955E-4	9.322580631E-11
1.517791062E-4	9.538202047E-11
1.550666497E-4	9.765431584E-11
1.581266886E-4	9.996221715E-11
1.610081151E-4	1.022743496E-10
1.639826556E-4	1.047274511E-10
1.673419105E-4	1.071792631E-10
1.705642512E-4	1.096352124E-10
1.735919949E-4	1.122512555E-10
1.765922209E-4	1.148649488E-10
1.797977002E-4	1.176244127E-10
1.833150866E-4	1.203845964E-10
1.86526147E-4	1.231396372E-10
1.897416363E-4	1.260404544E-10
1.932020201E-4	1.289410412E-10
1.9643844E-4	1.319787918E-10
1.998646233E-4	1.350234098E-10
2.034690648E-4	1.382074768E-10
2.068408871E-4	1.413840732E-10
2.103318798E-4	1.447244263E-10
2.138013462E-4	1.480364444E-10
2.175467094E-4	1.514962946E-10
2.21092968E-4	1.551021842E-10
2.24642346E-4	1.585749194E-10
2.282692131E-4	1.62332717E-10
2.317366955E-4	1.660899884E-10
2.354255057E-4	1.698579152E-10
2.391512422E-4	1.739250565E-10
2.428770856E-4	1.778476233E-10
2.467530344E-4	1.820444969E-10
2.503661034E-4	1.862421531E-10
2.542594812E-4	1.904382758E-10
2.582546623E-4	1.949312688E-10
2.618180239E-4	1.994181852E-10
2.657474851E-4	2.040447276E-10
2.696101078E-4	2.086569444E-10
2.736084138E-4	2.134231117E-10
2.774976606E-4	2.183156376E-10
2.813238796E-4	2.233718558E-10
2.851745195E-4	2.28429628E-10
2.892513377E-4	2.337740969E-10
2.934301615E-4	2.391246615E-10
2.975776343E-4	2.44618179E-10
3.014531953E-4	2.501074986E-10
3.056326149E-4	2.558954638E-10
3.097298184E-4	2.618374484E-10
3.140016719E-4	2.677771464E-10
3.180311378E-4	2.738712237E-10
3.223240286E-4	2.802424663E-10
3.262990773E-4	2.866116102E-10
3.308232048E-4	2.931454674E-10
3.349343415E-4	2.999262587E-10
3.392270412E-4	3.067144285E-10
3.434540941E-4	3.137702635E-10
3.474834813E-4	3.208474729E-10
3.519626677E-4	3.28218649E-10
3.561370232E-4	3.357469403E-10
3.605349435E-4	3.434073096E-10
3.647351812E-4	3.512137395E-10
3.692529689E-4	3.591719523E-10
3.735838428E-4	3.674064861E-10
3.780110568E-4	3.75819428E-10
3.824475447E-4	3.843700553E-10
3.866484624E-4	3.930652167E-10
3.910260985E-4	4.020321799E-10
3.95468825E-4	4.111463229E-10
3.99849839E-4	4.205542111E-10
4.044799346E-4	4.301089843E-10
4.088168448E-4	4.399698332E-10
4.131108991E-4	4.4994972E-10
4.176183789E-4	4.602164674E-10
4.219952281E-4	4.706147028E-10
4.264830475E-4	4.813013912E-10
4.308054008E-4	4.922848127E-10
4.350677389E-4	5.034036667E-10
4.395103642E-4	5.148172766E-10
4.439011803E-4	5.265291106E-10
4.482901921E-4	5.384056448E-10
4.525186164E-4	5.507036867E-10
4.568933467E-4	5.631694169E-10
4.611699045E-4	5.760536282E-10
4.653694677E-4	5.890690045E-10
4.696132583E-4	6.023814615E-10
4.738358935E-4	6.161300187E-10
4.780049265E-4	6.300261952E-10
4.822159892E-4	6.443428074E-10
4.861860806E-4	6.58943938E-10
4.903340031E-4	6.738184991E-10
4.942450797E-4	6.891478297E-10
4.98373443E-4	7.047535824E-10
5.023495708E-4	7.20658168E-10
5.064414349E-4	7.370209461E-10
5.102630227E-4	7.536536546E-10
5.141635834E-4	7.707103894E-10
5.177244721E-4	7.882079031E-10
5.215248314E-4	8.060124112E-10
5.252109494E-4	8.242337762E-10
5.288757153E-4	8.429111785E-10
5.32505241E-4	8.620305378E-10
5.360981606E-4	8.815655677E-10
5.396015239E-4	9.015373069E-10
5.430564839E-4	9.219233945E-10
5.463998048E-4	9.427496521E-10
5.498466208E-4	9.639925675E-10
5.531062981E-4	9.858277997E-10
5.564487592E-4	1.008085752E-9
5.597597625E-4	1.030933099E-9
5.628213807E-4	1.054200786E-9
5.659409626E-4	1.077961785E-9
5.6894256E-4	1.102406137E-9
5.720452693E-4	1.127268858E-9
5.75059805E-4	1.152716862E-9
5.778438178E-4	1.178768983E-9
5.806032073E-4	1.205423602E-9
5.83579063E-4	1.232767096E-9
5.862714737E-4	1.26054516E-9
5.889117883E-4	1.289046437E-9
5.915485284E-4	1.318125568E-9
5.942205311E-4	1.347960551E-9
5.965661879E-4	1.37834186E-9
5.991813623E-4	1.409428277E-9
6.015944589E-4	1.441246807E-9
6.039445446E-4	1.473752322E-9
6.062295679E-4	1.507023672E-9
6.085885676E-4	1.541004869E-9
6.107879465E-4	1.57577865E-9
6.130743918E-4	1.611421883E-9
6.151544259E-4	1.647751956E-9
6.172523781E-4	1.684936201E-9
6.193215479E-4	1.722986841E-9
6.214094226E-4	1.761808002E-9
6.233562352E-4	1.801711532E-9
6.252982366E-4	1.842213099E-9
6.271848035E-4	1.883869266E-9
6.291988086E-4	1.926430687E-9
6.309146711E-4	1.96981392E-9
6.327206745E-4	2.014209979E-9
6.345122839E-4	2.059618476E-9
6.362742172E-4	2.106034291E-9
6.378687117E-4	2.153446706E-9
6.395445566E-4	2.202046361E-9
6.412137187E-4	2.25169758E-9
6.428862925E-4	2.302501858E-9
6.443856833E-4	2.354429903E-9
6.458590401E-4	2.407523234E-9
6.473714141E-4	2.46187271E-9
6.488437705E-4	2.517297758E-9
6.502094226E-4	2.574026762E-9
6.516260691E-4	2.632178049E-9
6.529577287E-4	2.691481445E-9
6.543566932E-4	2.752035442E-9
6.556199687E-4	2.814095729E-9
6.5692791E-4	2.877444124E-9
6.582240314E-4	2.942427671E-9
6.595181576E-4	3.008682964E-9
6.607144598E-4	3.07650491E-9
6.619453503E-4	3.145768343E-9
6.631087335E-4	3.216629387E-9
6.641826391E-4	3.289097338E-9
6.654279798E-4	3.363323837E-9
6.664291174E-4	3.439008881E-9
6.675691139E-4	3.516523525E-9
6.68582712E-4	3.595764741E-9
6.696736701E-4	3.676725987E-9
6.706484197E-4	3.759453923E-9
6.716785363E-4	3.844209413E-9
6.727908465E-4	3.929552806E-9
6.736405466E-4	4.014683513E-9
6.745876772E-4	4.100029959E-9
6.75412816E-4	4.185138645E-9