-7.823832080e-04	-4.052530453e-08
-7.751170243e-04	-3.850019849e-08
-7.683781123e-04	-3.657401688e-08
-7.623009355e-04	-3.474885407e-08
-7.565535557e-04	-3.301247452e-08
-7.512175508e-04	-3.136284551e-08
-7.463197756e-04	-2.979537565e-08
-7.417168774e-04	-2.830622188e-08
-7.374957372e-04	-2.689198148e-08
-7.335837922e-04	-2.554704685e-08
-7.298425095e-04	-2.427180395e-08
-7.264555092e-04	-2.305840290e-08
-7.232115129e-04	-2.190578368e-08
-7.203836606e-04	-2.081143582e-08
-7.176406350e-04	-1.977173447e-08
-7.150891628e-04	-1.878370896e-08
-7.128241736e-04	-1.784558130e-08
-7.105890683e-04	-1.695345748e-08
-7.087025098e-04	-1.610723951e-08
-7.068027967e-04	-1.530190725e-08
-7.051562962e-04	-1.453843313e-08
-7.034449665e-04	-1.381119088e-08
-7.019208936e-04	-1.312123940e-08
-7.004607504e-04	-1.246631253e-08
-6.990160607e-04	-1.184429419e-08
-6.977165951e-04	-1.125287921e-08
-6.964194198e-04	-1.069048798e-08
-6.952314949e-04	-1.015665757e-08
-6.940957530e-04	-9.649197948e-09
-6.929611999e-04	-9.167830106e-09
-6.918453882e-04	-8.709366030e-09
-6.908109860e-04	-8.275531421e-09
-6.897705951e-04	-7.862102848e-09
-6.888214889e-04	-7.470282593e-09
-6.878092846e-04	-7.096912948e-09
-6.868637024e-04	-6.742732497e-09
-6.859933471e-04	-6.405734363e-09
-6.850281467e-04	-6.086377979e-09
-6.841554056e-04	-5.782709189e-09
-6.832210361e-04	-5.494972692e-09
-6.823442033e-04	-5.220275733e-09
-6.813604947e-04	-4.960030128e-09
-6.805069053e-04	-4.712792724e-09
-6.796431344e-04	-4.478569153e-09
-6.786006724e-04	-4.255579808e-09
-6.777550977e-04	-4.043063178e-09
-6.768464250e-04	-3.842080738e-09
-6.758642171e-04	-3.649868027e-09
-6.749545552e-04	-3.469097692e-09
-6.739367136e-04	-3.295656853e-09
-6.730013802e-04	-3.132260261e-09
-6.719740654e-04	-2.976112538e-09
-6.710477304e-04	-2.828577137e-09
-6.700179482e-04	-2.686855541e-09
-6.689053710e-04	-2.553849312e-09
-6.678430379e-04	-2.426596795e-09
-6.667363735e-04	-2.306531107e-09
-6.656066906e-04	-2.190978437e-09
-6.643252076e-04	-2.082573812e-09
-6.632613851e-04	-1.979881992e-09
-6.620582175e-04	-1.881568921e-09
-6.607420226e-04	-1.787588797e-09
-6.594607897e-04	-1.699435447e-09
-6.580266636e-04	-1.615491133e-09
-6.566391761e-04	-1.534530167e-09
-6.550663035e-04	-1.459133750e-09
-6.535098932e-04	-1.386752850e-09
-6.519371359e-04	-1.317423672e-09
-6.503504623e-04	-1.252305390e-09
-6.486296987e-04	-1.190182448e-09
-6.468913628e-04	-1.132276263e-09
-6.450159525e-04	-1.075943073e-09
-6.431342220e-04	-1.022425154e-09
-6.410411933e-04	-9.732861598e-10
-6.389812298e-04	-9.240622588e-10
-6.369371272e-04	-8.792594178e-10
-6.347956109e-04	-8.359473558e-10
-6.324696117e-04	-7.954585228e-10
-6.300475589e-04	-7.563747888e-10
-6.275524487e-04	-7.188729295e-10
-6.250339770e-04	-6.841777034e-10
-6.223656191e-04	-6.509451800e-10
-6.195970991e-04	-6.191159569e-10
-6.166759023e-04	-5.887915554e-10
-6.135132508e-04	-5.598231814e-10
-6.103888213e-04	-5.323575846e-10
-6.071010416e-04	-5.062858243e-10
-6.037402467e-04	-4.817244948e-10
-6.001751174e-04	-4.585738545e-10
-5.966566351e-04	-4.369171328e-10
-5.925809831e-04	-4.152450833e-10
-5.885351224e-04	-3.949671089e-10
-5.844328914e-04	-3.762202581e-10
-5.803476341e-04	-3.588867026e-10
-5.758816361e-04	-3.415033367e-10
-5.710626118e-04	-3.241575440e-10
-5.665433993e-04	-3.097106435e-10
-5.614181924e-04	-2.937630002e-10
-5.566939908e-04	-2.808047683e-10
-5.515905041e-04	-2.678276480e-10
-5.461823130e-04	-2.548033147e-10
-5.408231913e-04	-2.432492213e-10
-5.350835705e-04	-2.316221803e-10
-5.291179906e-04	-2.200827585e-10
-5.231561005e-04	-2.099612650e-10
-5.168579950e-04	-1.998493155e-10
-5.108070264e-04	-1.911257255e-10
-5.045847604e-04	-1.824252407e-10
-4.981745858e-04	-1.738020398e-10
-4.919839827e-04	-1.665595418e-10
-4.849926982e-04	-1.578506976e-10
-4.779319786e-04	-1.506361387e-10
-4.715375498e-04	-1.448614434e-10
-4.645901891e-04	-1.376278782e-10
-4.577037374e-04	-1.318311267e-10
-4.508729815e-04	-1.260588513e-10
-4.436457981e-04	-1.202391838e-10
-4.362429279e-04	-1.144732947e-10
-4.290910024e-04	-1.101416235e-10
-4.225120653e-04	-1.058458216e-10
-4.149579711e-04	-1.000680867e-10
-4.074649179e-04	-9.572021610e-11
-4.008486919e-04	-9.283652510e-11
-3.939824990e-04	-8.847595450e-11
-3.865481486e-04	-8.415888660e-11
-3.795757489e-04	-8.127641930e-11
-3.728461049e-04	-7.836666630e-11
-3.665404848e-04	-7.548131070e-11
-3.588509714e-04	-7.110760070e-11
-3.515215184e-04	-6.823033540e-11
-3.451660055e-04	-6.678542110e-11
-3.388396066e-04	-6.391730380e-11
-3.319183839e-04	-6.100824930e-11
-3.258814861e-04	-5.955854780e-11
-3.191805064e-04	-5.667856280e-11
-3.130459785e-04	-5.521491290e-11
-3.065494232e-04	-5.233552900e-11
-3.002839359e-04	-5.086975320e-11
-2.942946490e-04	-4.942760650e-11
-2.874941649e-04	-4.653484150e-11
-2.809264293e-04	-4.509731910e-11
-2.747280671e-04	-4.363857720e-11
-2.686067838e-04	-4.222267720e-11
-2.624842303e-04	-4.075851950e-11
-2.565282080e-04	-3.928591940e-11
-2.504238901e-04	-3.784576320e-11
-2.451081048e-04	-3.788331740e-11
-2.401769300e-04	-3.641876540e-11
-2.347706274e-04	-3.497955360e-11
-2.291710823e-04	-3.354053530e-11
-2.232051006e-04	-3.207551030e-11
-2.178766581e-04	-3.210434860e-11
-2.123963734e-04	-3.065464130e-11
-2.064556050e-04	-2.919935810e-11
-2.002982160e-04	-2.773510570e-11
-1.937326246e-04	-2.628067230e-11
-1.868515797e-04	-2.483675190e-11
-1.805132233e-04	-2.484272640e-11
-1.741947857e-04	-2.339972410e-11
-1.675476585e-04	-2.194319830e-11
-1.603138318e-04	-2.049695700e-11
-1.526495008e-04	-1.902572320e-11
-1.455130682e-04	-1.903334490e-11
-1.384124771e-04	-1.760410040e-11
-1.305848720e-04	-1.612441550e-11
-1.216986630e-04	-1.454930480e-11
-1.127565052e-04	-1.306867840e-11
-1.033953904e-04	-1.161062330e-11
-9.394108001e-05	-1.162168050e-11
-8.494930203e-05	-1.015877700e-11
-7.548593712e-05	-8.716428100e-12
-6.532933709e-05	-7.249508600e-12
-5.426551724e-05	-5.821160400e-12
-4.427896120e-05	-5.817503800e-12
-3.361286709e-05	-4.362046000e-12
-2.295002161e-05	-2.932250000e-12
-1.174468717e-05	-1.464437100e-12
0.000000000e+00	0.000000000e+00
1.233650402e-05	1.439054700e-12
2.385887417e-05	2.404845700e-12
3.547705056e-05	3.253511200e-12
4.756924191e-05	4.341449300e-12
6.001398743e-05	5.770247100e-12
7.273266541e-05	7.231974800e-12
8.464939746e-05	8.218973700e-12
9.653271030e-05	8.995327400e-12
1.090986862e-04	1.009033000e-11
1.211811598e-04	1.151858790e-11
1.335731939e-04	1.299564200e-11
1.458209650e-04	1.442900010e-11
1.582186729e-04	1.587612170e-11
1.703288863e-04	1.729156910e-11
1.820759762e-04	1.877006520e-11
1.935591240e-04	2.018274360e-11
2.046500288e-04	2.168300920e-11
2.162535695e-04	2.457159220e-11
2.283157730e-04	2.601754980e-11
2.387628858e-04	2.746078050e-11
2.496343400e-04	3.033981820e-11
2.599712948e-04	3.173130470e-11
2.704036820e-04	3.467321800e-11
2.808402734e-04	3.759532610e-11
2.909255723e-04	3.904719420e-11
3.002836661e-04	4.196769730e-11
3.095256330e-04	4.484192890e-11
3.188261902e-04	4.770795950e-11
3.277562781e-04	5.062017020e-11
3.372985120e-04	5.489853870e-11
3.465653690e-04	5.784087390e-11
3.561886892e-04	6.219895190e-11
3.651369284e-04	6.507157560e-11
3.742643925e-04	6.941921190e-11
3.834008663e-04	7.376265030e-11
3.921000434e-04	7.802256400e-11
4.007449467e-04	8.234999650e-11
4.090496018e-04	8.672853880e-11
4.176902589e-04	9.251079030e-11
4.269144735e-04	9.830139110e-11
4.347471932e-04	1.025923054e-10
4.432265039e-04	1.098558395e-10
4.516249924e-04	1.156639071e-10
4.591785021e-04	1.214782461e-10
4.671503617e-04	1.286440889e-10
4.748965517e-04	1.359161192e-10
4.824688140e-04	1.431537398e-10
4.903902498e-04	1.518123574e-10
4.972109226e-04	1.590116191e-10
5.041925061e-04	1.677070154e-10
5.113669162e-04	1.778671122e-10
5.179280646e-04	1.865780866e-10
5.243220776e-04	1.966356583e-10
5.310125779e-04	2.082432143e-10
5.367215222e-04	2.183707784e-10
5.425456999e-04	2.299506063e-10
5.484927548e-04	2.429186789e-10
5.540219177e-04	2.559376489e-10
5.591526439e-04	2.689066542e-10
5.642209410e-04	2.834165030e-10
5.689312966e-04	2.978592477e-10
5.736323954e-04	3.137855698e-10
5.780296637e-04	3.297146012e-10
5.823334610e-04	3.470636591e-10
5.866036621e-04	3.658222641e-10
5.906223114e-04	3.846025731e-10
5.944105671e-04	4.048435564e-10
5.978884079e-04	4.250516562e-10
6.013469706e-04	4.468056633e-10
6.047945622e-04	4.699143564e-10
6.080307545e-04	4.944522780e-10
6.111699265e-04	5.204926347e-10
6.142091585e-04	5.465653961e-10
6.171354530e-04	5.754570188e-10
6.198479961e-04	6.043925632e-10
6.225567651e-04	6.347056835e-10
6.251367273e-04	6.679551266e-10
6.275987752e-04	7.012946830e-10
6.301131777e-04	7.373176703e-10
6.323499887e-04	7.748992779e-10
6.345566489e-04	8.154194447e-10
6.367322532e-04	8.559037961e-10
6.386963515e-04	8.992538683e-10
6.406143480e-04	9.455633117e-10
6.425248665e-04	9.932931353e-10
6.443798661e-04	1.043863642e-09
6.461636097e-04	1.097366946e-09
6.478070639e-04	1.152326412e-09
6.494286068e-04	1.210166449e-09
6.509528540e-04	1.272304747e-09
6.524190391e-04	1.335974795e-09
6.539837424e-04	1.403895222e-09
6.554522150e-04	1.474973392e-09
6.567677242e-04	1.550220131e-09
6.581430941e-04	1.628245470e-09
6.594798233e-04	1.709292459e-09
6.607316978e-04	1.796064780e-09
6.619174897e-04	1.887139655e-09
6.631630664e-04	1.981073234e-09
6.643087424e-04	2.080905916e-09
6.654758745e-04	2.186410812e-09
6.666276037e-04	2.296190783e-09
6.675667112e-04	2.411891959e-09
6.687265591e-04	2.533328468e-09
6.696193597e-04	2.660600884e-09
6.705536026e-04	2.793664390e-09
6.716546887e-04	2.933887006e-09
6.726143502e-04	3.081388983e-09
6.734696483e-04	3.236094856e-09
6.744397076e-04	3.399485371e-09
6.752667179e-04	3.570087925e-09
6.761991427e-04	3.749310189e-09
6.771220070e-04	3.937343682e-09
6.779097219e-04	4.135370098e-09
6.787385646e-04	4.342118257e-09
6.796997604e-04	4.560687493e-09
6.804546378e-04	4.789173795e-09
6.812924310e-04	5.029225455e-09
6.821627526e-04	5.280713322e-09
6.829874866e-04	5.546775811e-09
6.839212462e-04	5.824404881e-09
6.847962721e-04	6.116434829e-09
6.855983079e-04	6.422897720e-09
6.864227216e-04	6.743627624e-09
6.874093950e-04	7.082318299e-09
6.882354723e-04	7.436822467e-09
6.892654428e-04	7.809830291e-09
6.901675537e-04	8.201582409e-09
6.911517372e-04	8.612235113e-09
6.922080873e-04	9.043116561e-09
6.933479264e-04	9.495751693e-09
6.943767476e-04	9.971351580e-09
6.955331558e-04	1.047040002e-08
6.967158678e-04	1.099529806e-08
6.979540339e-04	1.154621823e-08
6.992887229e-04	1.212344627e-08
7.005924179e-04	1.273064083e-08
7.020856712e-04	1.336858136e-08
7.035512156e-04	1.403803476e-08
7.051424979e-04	1.474062317e-08
7.067739946e-04	1.547809071e-08
7.085736553e-04	1.625158574e-08
7.105387119e-04	1.706587890e-08
7.126214185e-04	1.791893197e-08
7.148100061e-04	1.881684204e-08
7.172191066e-04	1.975841386e-08
7.197671840e-04	2.074588664e-08
7.225111342e-04	2.178404180e-08
7.255022691e-04	2.287454227e-08
7.287499889e-04	2.401841319e-08
7.321533391e-04	2.521950379e-08
7.358413736e-04	2.648232297e-08
7.398549561e-04	2.780674318e-08
7.441264162e-04	2.919791523e-08
7.485771912e-04	3.065782456e-08
7.535194580e-04	3.219213247e-08
7.586941923e-04	3.380277284e-08
7.644293983e-04	3.549297985e-08
7.704984366e-04	3.726876403e-08
7.770094562e-04	3.913201666e-08
7.841152293e-04	4.108943068e-08