-8.491060201e-04	-4.229873602e-08
-8.477042125e-04	-4.211228902e-08
-8.464237876e-04	-4.192345695e-08
-8.450454952e-04	-4.173563811e-08
-8.437501586e-04	-4.154692828e-08
-8.423936269e-04	-4.135977388e-08
-8.411943579e-04	-4.117107486e-08
-8.398517668e-04	-4.098247668e-08
-8.387693080e-04	-4.079372775e-08
-8.374146485e-04	-4.060347847e-08
-8.361244208e-04	-4.041500905e-08
-8.348134169e-04	-4.022617156e-08
-8.336157725e-04	-4.003726762e-08
-8.324083970e-04	-3.984761878e-08
-8.311404897e-04	-3.965845997e-08
-8.299483548e-04	-3.946893569e-08
-8.287277760e-04	-3.928028413e-08
-8.274950127e-04	-3.909099279e-08
-8.262386245e-04	-3.890156064e-08
-8.250253592e-04	-3.871233039e-08
-8.239350409e-04	-3.852372068e-08
-8.227532552e-04	-3.833494654e-08
-8.214519941e-04	-3.814615722e-08
-8.201608995e-04	-3.795599211e-08
-8.189284454e-04	-3.776704992e-08
-8.177436135e-04	-3.757851517e-08
-8.165113819e-04	-3.738971900e-08
-8.153110005e-04	-3.720115241e-08
-8.140450588e-04	-3.701350193e-08
-8.128550614e-04	-3.682531330e-08
-8.116173900e-04	-3.663640916e-08
-8.103218513e-04	-3.644787620e-08
-8.090196549e-04	-3.625985585e-08
-8.077858097e-04	-3.607144348e-08
-8.065077904e-04	-3.588341862e-08
-8.052761076e-04	-3.569504326e-08
-8.040754045e-04	-3.550616307e-08
-8.029514144e-04	-3.531605912e-08
-8.016865760e-04	-3.512748540e-08
-8.005778973e-04	-3.493736653e-08
-7.992759029e-04	-3.474959552e-08
-7.981832857e-04	-3.456036579e-08
-7.969654169e-04	-3.437144188e-08
-7.958601317e-04	-3.418278715e-08
-7.947684398e-04	-3.399407576e-08
-7.935735578e-04	-3.380346249e-08
-7.923527868e-04	-3.361354936e-08
-7.912328854e-04	-3.342486839e-08
-7.901132910e-04	-3.323611091e-08
-7.888579597e-04	-3.304717819e-08
-7.877004854e-04	-3.285867096e-08
-7.865648641e-04	-3.266930502e-08
-7.853894681e-04	-3.248135384e-08
-7.841782406e-04	-3.229449245e-08
-7.830420422e-04	-3.210595746e-08
-7.819696573e-04	-3.191709273e-08
-7.808415075e-04	-3.172853466e-08
-7.798493315e-04	-3.153967918e-08
-7.785996754e-04	-3.135078161e-08
-7.775705909e-04	-3.116176217e-08
-7.764939993e-04	-3.097194781e-08
-7.753170486e-04	-3.078156564e-08
-7.740991362e-04	-3.059207737e-08
-7.730822612e-04	-3.040346854e-08
-7.718853980e-04	-3.021472313e-08
-7.707385314e-04	-3.002439818e-08
-7.697181550e-04	-2.983611464e-08
-7.684535326e-04	-2.964724111e-08
-7.674589746e-04	-2.945858274e-08
-7.662554018e-04	-2.926974688e-08
-7.650958885e-04	-2.908222656e-08
-7.640383806e-04	-2.889375328e-08
-7.629780632e-04	-2.870611284e-08
-7.618203616e-04	-2.851818098e-08
-7.607398713e-04	-2.833008774e-08
-7.595503701e-04	-2.814130112e-08
-7.584783529e-04	-2.795234104e-08
-7.573704932e-04	-2.776333857e-08
-7.564219945e-04	-2.757464130e-08
-7.553947003e-04	-2.738373840e-08
-7.542749161e-04	-2.719431883e-08
-7.532530025e-04	-2.700568033e-08
-7.521836529e-04	-2.681690512e-08
-7.510976722e-04	-2.662813923e-08
-7.500117875e-04	-2.643695816e-08
-7.490312881e-04	-2.624898112e-08
-7.478663556e-04	-2.605985050e-08
-7.468900057e-04	-2.587080090e-08
-7.458161029e-04	-2.568206395e-08
-7.447798821e-04	-2.549429799e-08
-7.437779763e-04	-2.530648483e-08
-7.426396543e-04	-2.511770657e-08
-7.415880017e-04	-2.492953156e-08
-7.405661467e-04	-2.473998367e-08
-7.396045639e-04	-2.455218058e-08
-7.385967277e-04	-2.436345265e-08
-7.374649406e-04	-2.417470953e-08
-7.364174804e-04	-2.398608163e-08
-7.353589299e-04	-2.379662894e-08
-7.344759895e-04	-2.360672994e-08
-7.334897754e-04	-2.341709047e-08
-7.324082177e-04	-2.322670840e-08
-7.314997229e-04	-2.303785983e-08
-7.303520385e-04	-2.284926181e-08
-7.294086953e-04	-2.266068030e-08
-7.284654128e-04	-2.247215301e-08
-7.274091023e-04	-2.228194931e-08
-7.265254627e-04	-2.209349301e-08
-7.255502210e-04	-2.190537852e-08
-7.246056607e-04	-2.171749736e-08
-7.237005807e-04	-2.152967864e-08
-7.227041121e-04	-2.134101049e-08
-7.218430063e-04	-2.115269105e-08
-7.208406711e-04	-2.096414511e-08
-7.199537608e-04	-2.077545473e-08
-7.191461203e-04	-2.058701952e-08
-7.181855206e-04	-2.039834987e-08
-7.173442788e-04	-2.020952005e-08
-7.164786324e-04	-2.002085116e-08
-7.154140943e-04	-1.983226209e-08
-7.145416079e-04	-1.964192381e-08
-7.136128458e-04	-1.945281508e-08
-7.125625900e-04	-1.926335300e-08
-7.117324442e-04	-1.907434797e-08
-7.107927060e-04	-1.888464850e-08
-7.098909300e-04	-1.869513627e-08
-7.091521414e-04	-1.850633239e-08
-7.082827268e-04	-1.831773267e-08
-7.075281761e-04	-1.812766446e-08
-7.067464226e-04	-1.793900383e-08
-7.057064082e-04	-1.775039050e-08
-7.048157414e-04	-1.756181327e-08
-7.040260248e-04	-1.737356232e-08
-7.031467117e-04	-1.718479992e-08
-7.022410601e-04	-1.699510203e-08
-7.013491596e-04	-1.680724036e-08
-7.006078838e-04	-1.661941744e-08
-6.997252520e-04	-1.643158300e-08
-6.988761748e-04	-1.624303264e-08
-6.978741014e-04	-1.605429290e-08
-6.971939522e-04	-1.586553150e-08
-6.962209175e-04	-1.567679776e-08
-6.955792183e-04	-1.548816796e-08
-6.947459773e-04	-1.529928535e-08
-6.938792292e-04	-1.511069882e-08
-6.932028842e-04	-1.492186114e-08
-6.923859503e-04	-1.473295399e-08
-6.915282688e-04	-1.454353416e-08
-6.907464679e-04	-1.435256407e-08
-6.898867250e-04	-1.416275971e-08
-6.892350316e-04	-1.397348928e-08
-6.884712952e-04	-1.378425957e-08
-6.876944736e-04	-1.359551281e-08
-6.868879503e-04	-1.340647632e-08
-6.860518029e-04	-1.321746432e-08
-6.853552955e-04	-1.302865615e-08
-6.846510737e-04	-1.284020387e-08
-6.838888770e-04	-1.265155418e-08
-6.831031192e-04	-1.246299866e-08
-6.824368841e-04	-1.227471327e-08
-6.816415711e-04	-1.208600745e-08
-6.809938973e-04	-1.189808971e-08
-6.801209373e-04	-1.170859726e-08
-6.794492014e-04	-1.152141070e-08
-6.787644765e-04	-1.133177672e-08
-6.781435905e-04	-1.114381049e-08
-6.772820436e-04	-1.095511032e-08
-6.767352861e-04	-1.076534236e-08
-6.761245811e-04	-1.057588155e-08
-6.754001608e-04	-1.038633775e-08
-6.748347794e-04	-1.019736035e-08
-6.742896816e-04	-1.000803393e-08
-6.736374920e-04	-9.818760648e-09
-6.730323223e-04	-9.630562221e-09
-6.723621046e-04	-9.442036707e-09
-6.715521422e-04	-9.252836605e-09
-6.709238006e-04	-9.062447897e-09
-6.704324399e-04	-8.873698768e-09
-6.697749290e-04	-8.685321881e-09
-6.691416332e-04	-8.497199599e-09
-6.685608219e-04	-8.309193634e-09
-6.679207698e-04	-8.120463065e-09
-6.673300726e-04	-7.931845628e-09
-6.666939440e-04	-7.743958763e-09
-6.661759878e-04	-7.555828113e-09
-6.655335046e-04	-7.366879551e-09
-6.648694149e-04	-7.178010909e-09
-6.643408388e-04	-6.989668735e-09
-6.638180352e-04	-6.800975157e-09
-6.632188619e-04	-6.612281358e-09
-6.627299102e-04	-6.422104198e-09
-6.622252765e-04	-6.233410120e-09
-6.616215403e-04	-6.044649865e-09
-6.608835011e-04	-5.856110114e-09
-6.603731062e-04	-5.667284078e-09
-6.598831347e-04	-5.478655075e-09
-6.592914184e-04	-5.289887151e-09
-6.588781943e-04	-5.101206785e-09
-6.582377501e-04	-4.912620444e-09
-6.577578655e-04	-4.723686632e-09
-6.570923418e-04	-4.534959398e-09
-6.565018935e-04	-4.353197930e-09
-6.559328166e-04	-4.178757653e-09
-6.554065058e-04	-4.011171526e-09
-6.549061848e-04	-3.851240833e-09
-6.543282067e-04	-3.697039789e-09
-6.536624798e-04	-3.548028695e-09
-6.531885467e-04	-3.406082557e-09
-6.528414107e-04	-3.269196492e-09
-6.522517335e-04	-3.138843082e-09
-6.517410206e-04	-3.011771262e-09
-6.512943816e-04	-2.891951295e-09
-6.507108561e-04	-2.775170117e-09
-6.502747552e-04	-2.664100120e-09
-6.498700031e-04	-2.557560757e-09
-6.492944071e-04	-2.455235862e-09
-6.487794259e-04	-2.357188836e-09
-6.482914210e-04	-2.263528909e-09
-6.477898213e-04	-2.172782380e-09
-6.471421974e-04	-2.084855553e-09
-6.466322520e-04	-2.001338434e-09
-6.460836077e-04	-1.922219515e-09
-6.454879455e-04	-1.844401999e-09
-6.449261337e-04	-1.770971891e-09
-6.444246879e-04	-1.700360753e-09
-6.438135675e-04	-1.632997176e-09
-6.433030671e-04	-1.568508480e-09
-6.427175741e-04	-1.507408510e-09
-6.419829951e-04	-1.447098251e-09
-6.413462629e-04	-1.389672427e-09
-6.407695493e-04	-1.333541663e-09
-6.401270450e-04	-1.280193441e-09
-6.395757833e-04	-1.229478308e-09
-6.389517555e-04	-1.180058543e-09
-6.380773947e-04	-1.131760879e-09
-6.374227874e-04	-1.086291972e-09
-6.368807112e-04	-1.043066192e-09
-6.360477551e-04	-1.001281091e-09
-6.353577315e-04	-9.601053659e-10
-6.346135753e-04	-9.207252042e-10
-6.338285518e-04	-8.843388565e-10
-6.328776600e-04	-8.484008333e-10
-6.323029749e-04	-8.138229695e-10
-6.313830883e-04	-7.821589073e-10
-6.305051630e-04	-7.504452806e-10
-6.297011375e-04	-7.202406103e-10
-6.287095440e-04	-6.916027571e-10
-6.277765620e-04	-6.646389869e-10
-6.268964173e-04	-6.373312844e-10
-6.259237534e-04	-6.128357305e-10
-6.249801250e-04	-5.883162603e-10
-6.239070533e-04	-5.645462807e-10
-6.229527121e-04	-5.428781769e-10
-6.218915398e-04	-5.198108878e-10
-6.208905695e-04	-4.996589226e-10
-6.198363915e-04	-4.794155959e-10
-6.187380625e-04	-4.607486465e-10
-6.175838829e-04	-4.419989398e-10
-6.163469703e-04	-4.247255715e-10
-6.150373632e-04	-4.073867316e-10
-6.138752901e-04	-3.915511477e-10
-6.126176704e-04	-3.765035908e-10
-6.112173548e-04	-3.607704260e-10
-6.098122127e-04	-3.471830910e-10
-6.083451187e-04	-3.342167088e-10
-6.069071232e-04	-3.197990993e-10
-6.054434660e-04	-3.083010670e-10
-6.040040831e-04	-2.958891597e-10
-6.025419537e-04	-2.847319803e-10
-6.008834970e-04	-2.732806920e-10
-5.991879845e-04	-2.630580130e-10
-5.973497446e-04	-2.516270351e-10
-5.957027709e-04	-2.414766991e-10
-5.942031634e-04	-2.325361101e-10
-5.919799421e-04	-2.217939135e-10
-5.899657091e-04	-2.122326554e-10
-5.879592641e-04	-2.027591891e-10
-5.860969140e-04	-1.949744517e-10
-5.835442775e-04	-1.858186341e-10
-5.814006849e-04	-1.786108585e-10
-5.785991159e-04	-1.717320436e-10
-5.763322287e-04	-1.650439096e-10
-5.742910657e-04	-1.593566996e-10
-5.715811562e-04	-1.521323061e-10
-5.692971769e-04	-1.484819465e-10
-5.667578420e-04	-1.430991745e-10
-5.639074621e-04	-1.373100727e-10
-5.612121677e-04	-1.319365461e-10
-5.587577090e-04	-1.275860681e-10
-5.555584897e-04	-1.218744354e-10
-5.530243218e-04	-1.176839010e-10
-5.501036561e-04	-1.133388527e-10
-5.469399496e-04	-1.090193806e-10
-5.437444892e-04	-1.047888921e-10
-5.402617621e-04	-1.004045402e-10
-5.365115067e-04	-9.605378290e-11
-5.326962971e-04	-9.158291959e-11
-5.296517816e-04	-8.840477075e-11
-5.266946783e-04	-8.496437060e-11
-5.217397650e-04	-8.070581006e-11
-5.181840594e-04	-7.697467137e-11
-5.140357506e-04	-7.205801910e-11
-5.100646891e-04	-6.920255207e-11
-5.058405445e-04	-6.610220004e-11
-5.010883584e-04	-6.317008583e-11
-4.959542141e-04	-6.027502353e-11
-4.928041616e-04	-5.895049557e-11
-4.878079497e-04	-5.621450480e-11
-4.816862770e-04	-5.345724598e-11
-4.785699096e-04	-5.247927802e-11
-4.726596775e-04	-5.021155974e-11
-4.687565574e-04	-4.967886761e-11
-4.652539061e-04	-4.891017383e-11
-4.585238877e-04	-4.656793453e-11
-4.546078922e-04	-4.548336698e-11
-4.505571311e-04	-4.382800505e-11
-4.461608628e-04	-4.200483183e-11
-4.419394212e-04	-3.975712059e-11
-4.336251432e-04	-3.606565071e-11
-4.274541850e-04	-3.452967213e-11
-4.219029410e-04	-3.244600395e-11
-4.199388096e-04	-3.201939895e-11
-4.152816468e-04	-3.028188554e-11
-4.095730678e-04	-2.883996309e-11
-4.032853482e-04	-2.726752673e-11
-3.970157646e-04	-2.581569658e-11
-3.894346879e-04	-2.429895939e-11
-3.868825514e-04	-2.438428992e-11
-3.816611343e-04	-2.288441669e-11
-3.748001073e-04	-2.145792103e-11
-3.716053916e-04	-2.161243459e-11
-3.653280569e-04	-2.063650833e-11
-3.578979625e-04	-1.923949396e-11
-3.542436412e-04	-1.925618107e-11
-3.475432081e-04	-1.855613090e-11
-3.443094276e-04	-1.854595125e-11
-3.377472910e-04	-1.791997509e-11
-3.341106558e-04	-1.874864935e-11
-3.269897894e-04	-1.758242442e-11
-3.229935515e-04	-1.766157063e-11
-3.167020396e-04	-1.694676365e-11
-3.123191620e-04	-1.697998802e-11
-3.098540968e-04	-1.693523492e-11
-3.030092476e-04	-1.538046081e-11
-2.989171679e-04	-1.324960379e-11
-2.908084524e-04	-1.097863829e-11
-2.855505765e-04	-9.983248535e-12
-2.822043720e-04	-1.007031714e-11
-2.746871359e-04	-8.566139630e-12
-2.693027188e-04	-8.562237391e-12
-2.658745641e-04	-8.539676327e-12
-2.577123092e-04	-7.093728953e-12
-2.519862838e-04	-7.137850509e-12
-2.477863085e-04	-7.230756010e-12
-2.390532685e-04	-6.194641222e-12
-2.323291529e-04	-6.866308620e-12
-2.279743900e-04	-6.794091007e-12
-2.250821371e-04	-7.630439465e-12
-2.169955142e-04	-6.110435405e-12
-2.102543279e-04	-7.053941367e-12
-2.052647309e-04	-7.566638049e-12
-1.958219925e-04	-6.489659435e-12
-1.881584788e-04	-6.631574205e-12
-1.825520842e-04	-6.322478610e-12
-1.715413974e-04	-4.907765608e-12
-1.624570964e-04	-4.857730394e-12
-1.558278055e-04	-4.923895426e-12
-1.445329201e-04	-3.537302174e-12
-1.345584749e-04	-2.930350997e-12
-1.265964392e-04	-2.119180147e-12
-1.129593181e-04	4.294183004e-13
-1.011544918e-04	1.060422734e-12
-9.111362449e-05	1.474644952e-12
-7.726877096e-05	2.958838653e-12
-6.460321575e-05	3.061499933e-12
-5.305541683e-05	3.149025462e-12
-3.869895971e-05	4.677062735e-12
-2.422672539e-05	2.016502335e-12
-1.337304075e-05	1.402754208e-12
1.969925683e-06	2.372291512e-12
1.562070057e-05	2.516192144e-12
2.681464428e-05	2.668064053e-12
4.262860451e-05	3.966239525e-12
5.650968072e-05	3.956275792e-12
6.809148496e-05	3.849490722e-12
8.411439924e-05	5.222204588e-12
9.798535380e-05	5.224660381e-12
1.094166381e-04	5.350246838e-12
1.251006578e-04	7.341860747e-12
1.380602563e-04	7.973866525e-12
1.487366732e-04	8.866669210e-12
1.631496549e-04	1.089598694e-11
1.756613491e-04	1.132244910e-11
1.851089958e-04	1.147826054e-11
1.984393650e-04	1.297758244e-11
2.087925056e-04	1.312446910e-11
2.163701200e-04	1.316702038e-11
2.282118815e-04	1.460546614e-11
2.371748196e-04	1.450955333e-11
2.428723751e-04	1.453058823e-11
2.535603002e-04	1.540149128e-11
2.606674871e-04	1.539499073e-11
2.654307094e-04	1.395960576e-11
2.742019370e-04	1.472211049e-11
2.800767997e-04	1.440657691e-11
2.896928736e-04	1.578579838e-11
2.955276377e-04	1.574685902e-11
3.040412711e-04	1.698879695e-11
3.094543215e-04	1.692334368e-11
3.175846203e-04	1.878324803e-11
3.221908274e-04	1.938797856e-11
3.300481325e-04	2.160344343e-11
3.341939186e-04	2.230455647e-11
3.416331030e-04	2.420657941e-11
3.502674101e-04	2.555661380e-11
3.544003338e-04	2.559868178e-11
3.615573280e-04	2.730065909e-11
3.696990537e-04	2.880576368e-11
3.780349502e-04	3.028761932e-11
3.816129399e-04	3.028570895e-11
3.876754421e-04	3.174726700e-11
3.947050884e-04	3.214639808e-11
4.018291433e-04	3.282634835e-11
4.083665775e-04	3.358787374e-11
4.150285737e-04	3.462229521e-11
4.206656443e-04	3.577825337e-11
4.262150158e-04	3.721684719e-11
4.311631652e-04	3.850813881e-11
4.361031237e-04	4.022538592e-11
4.412477586e-04	4.165253205e-11
4.458805730e-04	4.366538367e-11
4.535996398e-04	4.860365314e-11
4.584370745e-04	5.031498792e-11
4.628903208e-04	5.178836420e-11
4.695976047e-04	5.479226501e-11
4.738296908e-04	5.641912876e-11
4.799477380e-04	5.889623787e-11
4.837378551e-04	5.981894457e-11
4.892140702e-04	6.270257715e-11
4.945654042e-04	6.480122487e-11
4.971665643e-04	6.553472197e-11
5.017290828e-04	6.778768293e-11
5.061772208e-04	7.074621324e-11
5.104019693e-04	7.360312080e-11
5.141016380e-04	7.615227631e-11
5.197765074e-04	8.051668910e-11
5.230073488e-04	8.332085269e-11
5.259376747e-04	8.609612882e-11
5.301732436e-04	9.035085461e-11
5.331333302e-04	9.322747254e-11
5.370353158e-04	9.777343135e-11
5.392008834e-04	1.011505810e-10
5.428651250e-04	1.054057901e-10
5.461052838e-04	1.098115398e-10
5.492964884e-04	1.147097504e-10
5.533315094e-04	1.222326128e-10
5.560849908e-04	1.265608637e-10
5.587025558e-04	1.309682538e-10
5.618045089e-04	1.367164505e-10
5.647895450e-04	1.426338177e-10
5.674356288e-04	1.483748027e-10
5.699226360e-04	1.542315237e-10
5.722861819e-04	1.600949732e-10
5.744558178e-04	1.656839318e-10
5.771301937e-04	1.724972629e-10
5.791136795e-04	1.775671121e-10
5.813500931e-04	1.847702858e-10
5.832531236e-04	1.914973844e-10
5.850395563e-04	1.985247503e-10
5.871559359e-04	2.071785108e-10
5.890889184e-04	2.158435023e-10
5.907916708e-04	2.243865931e-10
5.926033037e-04	2.330481147e-10
5.942882516e-04	2.416955973e-10
5.959516405e-04	2.518436756e-10
5.976121968e-04	2.619814011e-10
5.996688632e-04	2.746347602e-10
6.011308258e-04	2.854628503e-10
6.029852344e-04	2.980003081e-10
6.043937052e-04	3.096602681e-10
6.057958235e-04	3.226808654e-10
6.073054088e-04	3.355973291e-10
6.087062465e-04	3.485664511e-10
6.099388112e-04	3.626251911e-10
6.111968578e-04	3.763950443e-10
6.124842619e-04	3.908228977e-10
6.135123989e-04	4.058333943e-10
6.147616628e-04	4.210428545e-10
6.158409947e-04	4.379671617e-10
6.169411356e-04	4.549278420e-10
6.180770398e-04	4.736384993e-10
6.191446225e-04	4.923508138e-10
6.203520342e-04	5.125657765e-10
6.213564181e-04	5.336794753e-10
6.223801585e-04	5.553352353e-10
6.234640400e-04	5.788176359e-10
6.244846024e-04	6.024716585e-10
6.253764561e-04	6.259782849e-10
6.263132201e-04	6.524367319e-10
6.272070523e-04	6.784684931e-10
6.280627078e-04	7.058388782e-10
6.289917211e-04	7.332059910e-10
6.297193169e-04	7.616097341e-10
6.306225386e-04	7.927201155e-10
6.313786171e-04	8.236750288e-10
6.321682052e-04	8.545902320e-10
6.329069558e-04	8.892688510e-10
6.335692184e-04	9.245562583e-10
6.341835500e-04	9.620308286e-10
6.349814838e-04	9.995390072e-10
6.357050501e-04	1.039716876e-09
6.363329185e-04	1.081436542e-09
6.370891762e-04	1.125056104e-09
6.377658529e-04	1.169641250e-09
6.384771047e-04	1.217260541e-09
6.391473707e-04	1.266822468e-09
6.395998285e-04	1.318096950e-09
6.403537616e-04	1.372056754e-09
6.408728571e-04	1.426836501e-09
6.415003099e-04	1.484001278e-09
6.421032626e-04	1.543187618e-09
6.425723959e-04	1.605143165e-09
6.431770092e-04	1.670095208e-09
6.437767984e-04	1.736364781e-09
6.442512655e-04	1.805559200e-09
6.448135388e-04	1.877475768e-09
6.452690547e-04	1.952053862e-09
6.458618287e-04	2.030764472e-09
6.462835032e-04	2.111548043e-09
6.467530770e-04	2.196510843e-09
6.473343613e-04	2.282925429e-09
6.477249006e-04	2.374214792e-09
6.483354874e-04	2.468745932e-09
6.488182528e-04	2.566650647e-09
6.493827908e-04	2.669383029e-09
6.498744096e-04	2.776000778e-09
6.502323069e-04	2.886798930e-09
6.507326251e-04	3.002164633e-09
6.512254894e-04	3.121670570e-09
6.516822253e-04	3.247152580e-09
6.521313979e-04	3.377017476e-09
6.526598812e-04	3.512986074e-09
6.531860279e-04	3.654934159e-09
6.535020249e-04	3.801067260e-09
6.540271279e-04	3.953820552e-09
6.546737115e-04	4.112836313e-09
6.551159884e-04	4.277479860e-09
6.555381733e-04	4.447676569e-09
6.560712898e-04	4.626338854e-09
6.567816161e-04	4.810797528e-09
6.572647373e-04	4.999542922e-09
6.578506450e-04	5.188294493e-09
6.583746468e-04	5.376932335e-09
6.589840723e-04	5.567231258e-09
6.595999460e-04	5.755350094e-09
6.600369093e-04	5.943315748e-09
6.606639836e-04	6.131198779e-09
6.611981191e-04	6.319377267e-09
6.618049130e-04	6.508102065e-09
6.623574090e-04	6.696383454e-09
6.629905158e-04	6.885128247e-09
6.634354000e-04	7.073757758e-09
6.640670239e-04	7.262494275e-09
6.646956622e-04	7.451479118e-09
6.651513556e-04	7.640149403e-09
6.657456561e-04	7.828899528e-09
6.663931986e-04	8.018843287e-09
6.670393790e-04	8.209595967e-09
6.675450442e-04	8.399649129e-09
6.682420140e-04	8.588478133e-09
6.688674504e-04	8.777242643e-09
6.694794230e-04	8.965985934e-09
6.701075420e-04	9.154766963e-09
6.707758031e-04	9.343434101e-09
6.714546736e-04	9.532237717e-09
6.720559891e-04	9.720738269e-09
6.726373363e-04	9.909557094e-09
6.731249955e-04	1.009789926e-08
6.737142465e-04	1.028669792e-08
6.744453762e-04	1.047493624e-08
6.751565692e-04	1.066519445e-08
6.757688491e-04	1.085387816e-08
6.765505444e-04	1.104067179e-08
6.772559890e-04	1.122905903e-08
6.779810013e-04	1.141882738e-08
6.786164794e-04	1.160756506e-08
6.793723454e-04	1.179552863e-08
6.800686284e-04	1.198434871e-08
6.808525848e-04	1.217283115e-08
6.815246514e-04	1.236158268e-08
6.822733601e-04	1.255052938e-08
6.830514242e-04	1.274033114e-08
6.837346696e-04	1.292907616e-08
6.844382182e-04	1.311841044e-08
6.852198397e-04	1.330888264e-08
6.859490014e-04	1.349805813e-08
6.867194815e-04	1.368726630e-08
6.875372440e-04	1.387608385e-08
6.881940419e-04	1.406488695e-08
6.889674281e-04	1.425305206e-08
6.897106713e-04	1.444262029e-08
6.905039321e-04	1.463135454e-08
6.912314700e-04	1.481995829e-08
6.920505474e-04	1.500855956e-08
6.929503537e-04	1.519726563e-08
6.937292743e-04	1.538537797e-08
6.945959527e-04	1.557401179e-08
6.953162250e-04	1.576261140e-08
6.961480908e-04	1.595279390e-08
6.970786677e-04	1.614156407e-08
6.978659313e-04	1.633055332e-08
6.986416991e-04	1.651871879e-08
6.994923766e-04	1.670670639e-08
7.003497606e-04	1.689500513e-08
7.012047525e-04	1.708346621e-08
7.020184861e-04	1.727193898e-08
7.028170212e-04	1.746066580e-08
7.038831938e-04	1.764978828e-08
7.046282645e-04	1.783810356e-08
7.055189063e-04	1.802665662e-08
7.064519020e-04	1.821543665e-08
7.073739683e-04	1.840412132e-08
7.081282233e-04	1.859436810e-08
7.091661138e-04	1.878338264e-08
7.101433677e-04	1.897205109e-08
7.109565304e-04	1.916098557e-08
7.117898064e-04	1.935078154e-08
7.126810207e-04	1.953966283e-08
7.136795379e-04	1.972824954e-08
7.146939136e-04	1.991687771e-08
7.155319205e-04	2.010575060e-08
7.165476948e-04	2.029524332e-08
7.174036469e-04	2.048396393e-08
7.183656570e-04	2.067334091e-08
7.192914680e-04	2.086234395e-08
7.202764740e-04	2.105109070e-08
7.212551498e-04	2.124146084e-08
7.221359806e-04	2.143023723e-08
7.231176553e-04	2.161890567e-08
7.241516248e-04	2.180750360e-08
7.250378353e-04	2.199313066e-08
7.260895247e-04	2.218211421e-08
7.270269513e-04	2.237102791e-08
7.281048116e-04	2.255937359e-08
7.290746808e-04	2.274800598e-08
7.299559743e-04	2.293670623e-08
7.310701032e-04	2.312529822e-08
7.319631537e-04	2.331537977e-08
7.330105162e-04	2.350416883e-08
7.341486707e-04	2.369302442e-08
7.350974295e-04	2.388316140e-08
7.359740757e-04	2.407179649e-08
7.370132126e-04	2.426143588e-08
7.380234406e-04	2.445146629e-08
7.389902150e-04	2.464042743e-08
7.399007970e-04	2.482921418e-08
7.409335457e-04	2.501782548e-08
7.420164535e-04	2.520638912e-08
7.429433197e-04	2.539444582e-08
7.441299880e-04	2.558233085e-08
7.452182690e-04	2.577099271e-08
7.461300579e-04	2.595951781e-08
7.470430686e-04	2.614765994e-08
7.481224708e-04	2.633634959e-08
7.494085229e-04	2.652668116e-08
7.503349878e-04	2.671584608e-08
7.514103001e-04	2.690324520e-08
7.525201510e-04	2.709193636e-08
7.535010772e-04	2.727882953e-08
7.545231703e-04	2.746909187e-08
7.555372972e-04	2.765792544e-08
7.564435169e-04	2.784659345e-08
7.576073102e-04	2.803833675e-08
7.587518752e-04	2.822720287e-08
7.598179324e-04	2.841645475e-08
7.609132503e-04	2.860534124e-08
7.618915837e-04	2.879362638e-08
7.631231725e-04	2.898304932e-08
7.642450432e-04	2.917294304e-08
7.653420574e-04	2.936102752e-08
7.664356453e-04	2.954895789e-08
7.676329699e-04	2.973701939e-08
7.687497535e-04	2.992539073e-08
7.698891424e-04	3.011305202e-08
7.709792592e-04	3.030160654e-08
7.721354650e-04	3.049050147e-08
7.733040582e-04	3.067900113e-08
7.745230603e-04	3.086809929e-08
7.756177279e-04	3.105763007e-08
7.766397025e-04	3.124724238e-08
7.777382217e-04	3.143591263e-08
7.788874244e-04	3.162556965e-08
7.800481467e-04	3.181606587e-08
7.810853399e-04	3.200484131e-08
7.822932729e-04	3.219428630e-08
7.833192995e-04	3.238304450e-08
7.845854526e-04	3.257104646e-08
7.856907533e-04	3.276052749e-08
7.868592979e-04	3.294725651e-08
7.880553902e-04	3.313811237e-08
7.891890877e-04	3.332665000e-08
7.903672822e-04	3.351530556e-08
7.916527788e-04	3.370362185e-08
7.927471755e-04	3.389228558e-08
7.939562929e-04	3.408117975e-08
7.951209392e-04	3.427063857e-08
7.963807636e-04	3.445942724e-08
7.975314238e-04	3.464805881e-08
7.987010371e-04	3.483568371e-08
7.997738828e-04	3.502384253e-08
8.011400128e-04	3.521243417e-08
8.023579276e-04	3.540088861e-08
8.034733016e-04	3.559025823e-08
8.046267469e-04	3.577938634e-08
8.059711758e-04	3.596752396e-08
8.072975548e-04	3.615581629e-08
8.082975656e-04	3.634507551e-08
8.095653671e-04	3.653386595e-08
8.107954998e-04	3.672320101e-08
8.120570780e-04	3.691320251e-08
8.132930548e-04	3.710284749e-08
8.145135398e-04	3.729152304e-08
8.157257255e-04	3.748084152e-08
8.169573772e-04	3.766949850e-08
8.181599300e-04	3.785912580e-08
8.193725561e-04	3.804815378e-08
8.206247214e-04	3.823699062e-08
8.218620623e-04	3.842573086e-08
8.231389554e-04	3.861467895e-08
8.244069342e-04	3.880178801e-08
8.256748311e-04	3.899060594e-08
8.270040771e-04	3.917921027e-08
8.283018876e-04	3.936792563e-08
8.295188891e-04	3.955659710e-08
8.308409417e-04	3.974522679e-08
8.321595911e-04	3.993411982e-08
8.333552817e-04	4.012292002e-08
8.347282517e-04	4.031118195e-08
8.359680794e-04	4.049980653e-08
8.371183152e-04	4.068863140e-08
8.384740860e-04	4.087820377e-08
8.396729395e-04	4.106735043e-08
8.410985736e-04	4.125608562e-08
8.423720293e-04	4.144465626e-08
8.436474051e-04	4.163353347e-08
8.448614874e-04	4.182318923e-08
8.461360086e-04	4.201299714e-08
8.473818719e-04	4.220308162e-08
8.488046838e-04	4.239192933e-08