-8.494366453e-04	-4.231121695e-08
-8.482086808e-04	-4.212287956e-08
-8.469128229e-04	-4.193233289e-08
-8.456962139e-04	-4.174535931e-08
-8.443301163e-04	-4.155659923e-08
-8.429249893e-04	-4.136757649e-08
-8.417828747e-04	-4.117882334e-08
-8.404638572e-04	-4.099003771e-08
-8.390687797e-04	-4.079888563e-08
-8.379025813e-04	-4.061099375e-08
-8.367063249e-04	-4.042245013e-08
-8.354025837e-04	-4.023377420e-08
-8.340272896e-04	-4.004495401e-08
-8.328368757e-04	-3.985602774e-08
-8.314992253e-04	-3.966701904e-08
-8.302795698e-04	-3.947986039e-08
-8.290081550e-04	-3.929108941e-08
-8.277108983e-04	-3.910254686e-08
-8.264975136e-04	-3.891347982e-08
-8.253099909e-04	-3.872492497e-08
-8.240600512e-04	-3.853607851e-08
-8.228417132e-04	-3.834728905e-08
-8.216281256e-04	-3.815853552e-08
-8.203843509e-04	-3.796836946e-08
-8.191855811e-04	-3.778031070e-08
-8.179684962e-04	-3.759000799e-08
-8.167037316e-04	-3.740073502e-08
-8.153790235e-04	-3.721258618e-08
-8.141798615e-04	-3.702150765e-08
-8.128805431e-04	-3.683149696e-08
-8.116573221e-04	-3.664275804e-08
-8.104599496e-04	-3.645404273e-08
-8.092264379e-04	-3.626521920e-08
-8.081167423e-04	-3.607665164e-08
-8.068660318e-04	-3.588662669e-08
-8.056209757e-04	-3.569787085e-08
-8.043352529e-04	-3.550888880e-08
-8.030865236e-04	-3.531856539e-08
-8.018703285e-04	-3.512965054e-08
-8.007333589e-04	-3.494066215e-08
-7.994995415e-04	-3.475208850e-08
-7.983391847e-04	-3.456481033e-08
-7.972969067e-04	-3.437590753e-08
-7.960096188e-04	-3.419045388e-08
-7.948124982e-04	-3.400167226e-08
-7.936269527e-04	-3.381249459e-08
-7.925452038e-04	-3.362379139e-08
-7.913629956e-04	-3.343523929e-08
-7.901859027e-04	-3.324723292e-08
-7.888801464e-04	-3.305851391e-08
-7.878467135e-04	-3.286952212e-08
-7.867150406e-04	-3.267943663e-08
-7.855683639e-04	-3.249050191e-08
-7.844780697e-04	-3.230189821e-08
-7.832218959e-04	-3.211309477e-08
-7.819970736e-04	-3.192440328e-08
-7.809736426e-04	-3.173552543e-08
-7.798461767e-04	-3.154668341e-08
-7.787317172e-04	-3.135805878e-08
-7.774800938e-04	-3.116919241e-08
-7.763731239e-04	-3.098030583e-08
-7.751542262e-04	-3.079181360e-08
-7.741162399e-04	-3.060322839e-08
-7.729791159e-04	-3.041442727e-08
-7.718264063e-04	-3.022571449e-08
-7.707139007e-04	-3.003577685e-08
-7.695252171e-04	-2.984725028e-08
-7.683111441e-04	-2.965614851e-08
-7.671474450e-04	-2.946749209e-08
-7.660985310e-04	-2.927745054e-08
-7.652214470e-04	-2.908633082e-08
-7.640037575e-04	-2.889756872e-08
-7.630157314e-04	-2.870882087e-08
-7.619469971e-04	-2.852020612e-08
-7.608097295e-04	-2.833108635e-08
-7.597531001e-04	-2.814226874e-08
-7.587594997e-04	-2.795311480e-08
-7.577296921e-04	-2.776429213e-08
-7.565592163e-04	-2.757557519e-08
-7.553739445e-04	-2.738549395e-08
-7.543768497e-04	-2.719663112e-08
-7.534467127e-04	-2.700786391e-08
-7.522980675e-04	-2.681918508e-08
-7.512109145e-04	-2.662985273e-08
-7.501480613e-04	-2.644106142e-08
-7.490380088e-04	-2.625291091e-08
-7.480023916e-04	-2.606419187e-08
-7.470195093e-04	-2.587523595e-08
-7.459843441e-04	-2.568660161e-08
-7.449307213e-04	-2.549774331e-08
-7.438100975e-04	-2.530893477e-08
-7.427134389e-04	-2.512013656e-08
-7.416676759e-04	-2.493105645e-08
-7.407076449e-04	-2.474088988e-08
-7.396726689e-04	-2.455219252e-08
-7.386588967e-04	-2.436331551e-08
-7.377537796e-04	-2.417558403e-08
-7.368259769e-04	-2.398676253e-08
-7.357730789e-04	-2.379807649e-08
-7.348767220e-04	-2.360907026e-08
-7.340030978e-04	-2.342028431e-08
-7.329805917e-04	-2.323253877e-08
-7.319807788e-04	-2.304380179e-08
-7.309187327e-04	-2.285746281e-08
-7.299843979e-04	-2.266990116e-08
-7.288365004e-04	-2.248148410e-08
-7.278509514e-04	-2.229127902e-08
-7.269144237e-04	-2.210155732e-08
-7.260254392e-04	-2.191274227e-08
-7.250439541e-04	-2.172221459e-08
-7.240567673e-04	-2.153123950e-08
-7.230965110e-04	-2.134256640e-08
-7.221120164e-04	-2.115281101e-08
-7.211874138e-04	-2.096375574e-08
-7.202625625e-04	-2.077503607e-08
-7.194348094e-04	-2.058646757e-08
-7.183749526e-04	-2.040041459e-08
-7.175481120e-04	-2.021418470e-08
-7.166359201e-04	-2.002549486e-08
-7.156677325e-04	-1.983725725e-08
-7.146791717e-04	-1.964707976e-08
-7.136737912e-04	-1.945755882e-08
-7.126749434e-04	-1.926873803e-08
-7.118167768e-04	-1.907886542e-08
-7.109913460e-04	-1.889002999e-08
-7.100366349e-04	-1.870136500e-08
-7.090869992e-04	-1.851132975e-08
-7.082079348e-04	-1.832264696e-08
-7.072720725e-04	-1.813395162e-08
-7.063631395e-04	-1.794507487e-08
-7.055723302e-04	-1.775509778e-08
-7.046295578e-04	-1.756551472e-08
-7.037958053e-04	-1.737674117e-08
-7.028740242e-04	-1.718738376e-08
-7.019923539e-04	-1.699711874e-08
-7.012190746e-04	-1.680841992e-08
-7.003938695e-04	-1.661944891e-08
-6.995125643e-04	-1.643049682e-08
-6.987393706e-04	-1.624167429e-08
-6.979126945e-04	-1.605158804e-08
-6.969490007e-04	-1.586265477e-08
-6.962079517e-04	-1.567491405e-08
-6.955472628e-04	-1.548622938e-08
-6.947998832e-04	-1.529749776e-08
-6.939275753e-04	-1.511031937e-08
-6.930761746e-04	-1.492148948e-08
-6.922977774e-04	-1.473270614e-08
-6.914411848e-04	-1.454376912e-08
-6.906736203e-04	-1.435344403e-08
-6.898814140e-04	-1.416449675e-08
-6.889623940e-04	-1.397621874e-08
-6.880989281e-04	-1.378859759e-08
-6.872671428e-04	-1.360102172e-08
-6.864824052e-04	-1.341147715e-08
-6.856409720e-04	-1.322398670e-08
-6.849451642e-04	-1.303515721e-08
-6.841485620e-04	-1.284653503e-08
-6.834190921e-04	-1.265770813e-08
-6.829023430e-04	-1.246897824e-08
-6.819789027e-04	-1.228017728e-08
-6.812480339e-04	-1.209114491e-08
-6.807523235e-04	-1.190265287e-08
-6.799790472e-04	-1.171229255e-08
-6.792739106e-04	-1.152346047e-08
-6.784297744e-04	-1.133537555e-08
-6.778623944e-04	-1.114648879e-08
-6.771619974e-04	-1.095794529e-08
-6.764894226e-04	-1.076920886e-08
-6.758535771e-04	-1.058044041e-08
-6.752470823e-04	-1.039202790e-08
-6.745413168e-04	-1.020296190e-08
-6.739986820e-04	-1.001408974e-08
-6.733882849e-04	-9.825788621e-09
-6.726568853e-04	-9.636475635e-09
-6.719443519e-04	-9.448342309e-09
-6.714307459e-04	-9.259494439e-09
-6.707139834e-04	-9.069269535e-09
-6.700580102e-04	-8.880578913e-09
-6.695204627e-04	-8.691694556e-09
-6.689261851e-04	-8.502929149e-09
-6.682883019e-04	-8.314289619e-09
-6.676313229e-04	-8.125502467e-09
-6.669846699e-04	-7.936827975e-09
-6.664986811e-04	-7.742346440e-09
-6.659465397e-04	-7.554187662e-09
-6.653161484e-04	-7.366100900e-09
-6.647940443e-04	-7.178671938e-09
-6.642128274e-04	-6.989744164e-09
-6.635939212e-04	-6.801088153e-09
-6.631017686e-04	-6.613502775e-09
-6.626645893e-04	-6.423273033e-09
-6.618946537e-04	-6.234489201e-09
-6.613982106e-04	-6.045598132e-09
-6.608735099e-04	-5.858192483e-09
-6.603837743e-04	-5.669698716e-09
-6.597774206e-04	-5.480891401e-09
-6.591774069e-04	-5.292109393e-09
-6.586222433e-04	-5.103461027e-09
-6.580883700e-04	-4.914687406e-09
-6.576250303e-04	-4.725909778e-09
-6.571184884e-04	-4.537144285e-09
-6.565928173e-04	-4.354506928e-09
-6.560321889e-04	-4.178964520e-09
-6.554210334e-04	-4.011903780e-09
-6.549658508e-04	-3.850645768e-09
-6.544577576e-04	-3.695397550e-09
-6.538946887e-04	-3.547116366e-09
-6.533589872e-04	-3.405824852e-09
-6.528235611e-04	-3.267776446e-09
-6.524023950e-04	-3.137184968e-09
-6.519006876e-04	-3.011076710e-09
-6.514044461e-04	-2.891411196e-09
-6.509469499e-04	-2.774610152e-09
-6.503567274e-04	-2.664292094e-09
-6.499064866e-04	-2.557649594e-09
-6.493181827e-04	-2.455438252e-09
-6.488822134e-04	-2.357467267e-09
-6.483292307e-04	-2.263871079e-09
-6.479278245e-04	-2.174147017e-09
-6.473455804e-04	-2.086178598e-09
-6.468493028e-04	-2.005681806e-09
-6.463688118e-04	-1.926871449e-09
-6.456946098e-04	-1.849236204e-09
-6.452410267e-04	-1.775932431e-09
-6.446335697e-04	-1.703470263e-09
-6.440924063e-04	-1.635820593e-09
-6.435442004e-04	-1.569484740e-09
-6.430226420e-04	-1.507601671e-09
-6.424628684e-04	-1.446836915e-09
-6.418160469e-04	-1.389158204e-09
-6.411963585e-04	-1.332969377e-09
-6.405796805e-04	-1.279866176e-09
-6.399229279e-04	-1.229475815e-09
-6.393041878e-04	-1.179449191e-09
-6.386055818e-04	-1.130864117e-09
-6.380745632e-04	-1.084071343e-09
-6.374182472e-04	-1.040793717e-09
-6.366269069e-04	-9.990643468e-10
-6.359581946e-04	-9.587580513e-10
-6.351965673e-04	-9.198098503e-10
-6.343626637e-04	-8.836219588e-10
-6.337506421e-04	-8.475458433e-10
-6.329641253e-04	-8.129710594e-10
-6.322315977e-04	-7.811792333e-10
-6.312626388e-04	-7.494380964e-10
-6.306031021e-04	-7.192378485e-10
-6.299280368e-04	-6.931743237e-10
-6.291652724e-04	-6.679250726e-10
-6.281689846e-04	-6.405893712e-10
-6.274814130e-04	-6.166641798e-10
-6.265362924e-04	-5.922166200e-10
-6.254955690e-04	-5.676865249e-10
-6.246333007e-04	-5.460264108e-10
-6.234857434e-04	-5.229674215e-10
-6.226844462e-04	-5.027417344e-10
-6.216950212e-04	-4.825665695e-10
-6.206394552e-04	-4.641746550e-10
-6.196275203e-04	-4.455464900e-10
-6.186082866e-04	-4.282992346e-10
-6.173355081e-04	-4.109000068e-10
-6.162940452e-04	-3.951193124e-10
-6.151811013e-04	-3.792528969e-10
-6.138285528e-04	-3.635560919e-10
-6.128370402e-04	-3.492359280e-10
-6.116588479e-04	-3.362859245e-10
-6.101423504e-04	-3.218306978e-10
-6.089975329e-04	-3.103286146e-10
-6.074262661e-04	-2.974329186e-10
-6.061637484e-04	-2.857880613e-10
-6.046413735e-04	-2.742383791e-10
-6.032454552e-04	-2.641492473e-10
-6.016320131e-04	-2.530312917e-10
-6.000352268e-04	-2.429244784e-10
-5.986457423e-04	-2.340901790e-10
-5.966528811e-04	-2.217865907e-10
-5.947797919e-04	-2.117335663e-10
-5.922900004e-04	-2.005657980e-10
-5.906784664e-04	-1.933736394e-10
-5.886001680e-04	-1.847056727e-10
-5.867876724e-04	-1.775306270e-10
-5.848856144e-04	-1.708394621e-10
-5.827034733e-04	-1.637768307e-10
-5.808139701e-04	-1.582663004e-10
-5.778252585e-04	-1.504115152e-10
-5.757960556e-04	-1.453088810e-10
-5.733656226e-04	-1.391699449e-10
-5.709102989e-04	-1.337679638e-10
-5.683977126e-04	-1.287413526e-10
-5.660703891e-04	-1.243644963e-10
-5.630632813e-04	-1.186677743e-10
-5.606669617e-04	-1.157858308e-10
-5.579318993e-04	-1.111504040e-10
-5.552225002e-04	-1.067538629e-10
-5.522072586e-04	-1.023672468e-10
-5.491970932e-04	-9.916025850e-11
-5.456155868e-04	-9.499624395e-11
-5.419756443e-04	-9.081667542e-11
-5.392737349e-04	-8.791558332e-11
-5.366461669e-04	-8.496007856e-11
-5.321343332e-04	-8.072834753e-11
-5.287349179e-04	-7.791024207e-11
-5.252966184e-04	-7.491766572e-11
-5.216402241e-04	-7.198647337e-11
-5.177375873e-04	-6.911834589e-11
-5.136741100e-04	-6.619813117e-11
-5.093035359e-04	-6.329735475e-11
-5.068633358e-04	-6.187638776e-11
-5.021326975e-04	-5.899922468e-11
-4.968569838e-04	-5.606352887e-11
-4.945534267e-04	-5.657577368e-11
-4.890373364e-04	-5.364735808e-11
-4.856403768e-04	-5.194667433e-11
-4.824356590e-04	-5.068652218e-11
-4.758911481e-04	-4.783094988e-11
-4.716245845e-04	-4.638586801e-11
-4.678354742e-04	-4.485403305e-11
-4.637363426e-04	-4.347556168e-11
-4.597200864e-04	-4.206251004e-11
-4.514771005e-04	-3.903937556e-11
-4.461782501e-04	-3.757205982e-11
-4.410455644e-04	-3.620530791e-11
-4.391166955e-04	-3.604341024e-11
-4.349822061e-04	-3.460709827e-11
-4.296895552e-04	-3.329466038e-11
-4.237021385e-04	-3.186367964e-11
-4.175306853e-04	-3.040497391e-11
-4.113724926e-04	-2.894546351e-11
-4.086794244e-04	-2.921556905e-11
-4.036022091e-04	-2.774323150e-11
-3.968444073e-04	-2.634508591e-11
-3.940712851e-04	-2.635640364e-11
-3.887154839e-04	-2.464512444e-11
-3.814561161e-04	-2.038631702e-11
-3.775941592e-04	-2.037493104e-11
-3.715557169e-04	-1.893532914e-11
-3.681548110e-04	-1.893073383e-11
-3.605797580e-04	-1.467687338e-11
-3.572396926e-04	-1.478175449e-11
-3.502512924e-04	-1.335380497e-11
-3.461036707e-04	-1.341069179e-11
-3.391447116e-04	-1.197021738e-11
-3.349340838e-04	-1.190657117e-11
-3.319409495e-04	-1.197567284e-11
-3.249085414e-04	-1.046097540e-11
-3.201693913e-04	-1.026100439e-11
-3.119782750e-04	-8.926846078e-12
-3.062016144e-04	-8.867311332e-12
-3.026877988e-04	-8.907104784e-12
-2.951210068e-04	-7.417344622e-12
-2.895914651e-04	-7.446493227e-12
-2.859881479e-04	-7.395307968e-12
-2.783069864e-04	-5.954432203e-12
-2.718969110e-04	-5.923532475e-12
-2.678389200e-04	-6.266593766e-12
-2.585731323e-04	-4.622636323e-12
-2.516886589e-04	-4.579813056e-12
-2.465318765e-04	-4.566825283e-12
-2.424269839e-04	-4.696191653e-12
-2.339562470e-04	-3.554297640e-12
-2.257846052e-04	-3.737556944e-12
-2.205171757e-04	-4.495849481e-12
-2.098448152e-04	-7.058301942e-12
-2.015043166e-04	-6.807814190e-12
-1.949682226e-04	-7.028015525e-12
-1.837350785e-04	-5.551744081e-12
-1.738990398e-04	-5.550073629e-12
-1.664037897e-04	-5.916618748e-12
-1.535759223e-04	-4.510023906e-12
-1.425504885e-04	-4.391233944e-12
-1.337915028e-04	-4.515690319e-12
-1.197497878e-04	-2.861756092e-12
-1.078278195e-04	-3.168401442e-12
-9.800006679e-05	-3.185143571e-12
-8.341867896e-05	-1.763996096e-12
-7.049545364e-05	-1.666760398e-12
-5.969281624e-05	-1.610194667e-12
-4.473388325e-05	-3.658830038e-14
-3.127883458e-05	-2.805896246e-14
-1.961890832e-05	-3.876524513e-14
-3.382642698e-06	1.484819232e-12
1.096705987e-05	1.617655152e-12
2.322569471e-05	1.388231951e-12
4.002955523e-05	2.782636503e-12
5.526909206e-05	2.848287039e-12
6.721183978e-05	2.806856241e-12
8.408754138e-05	4.329827224e-12
9.843143318e-05	4.264987539e-12
1.101062233e-04	4.248844716e-12
1.260455761e-04	5.660887422e-12
1.396253284e-04	6.256984297e-12
1.509503660e-04	6.281297349e-12
1.657770591e-04	7.701652481e-12
1.789554981e-04	7.649218316e-12
1.897602436e-04	1.177840502e-11
2.037900229e-04	1.324365532e-11
2.157736397e-04	1.320796306e-11
2.250002641e-04	1.331065440e-11
2.382552617e-04	1.464688570e-11
2.502217407e-04	1.559668744e-11
2.576445192e-04	1.547961041e-11
2.685610282e-04	1.677213897e-11
2.769210221e-04	1.687622865e-11
2.822312400e-04	1.647210486e-11
2.919968496e-04	1.805508807e-11
2.985909038e-04	1.848943006e-11
3.088443180e-04	1.980174426e-11
3.157195325e-04	1.991948859e-11
3.248204594e-04	2.088260588e-11
3.310202901e-04	2.083912769e-11
3.395367896e-04	2.215868403e-11
3.451260702e-04	2.279700951e-11
3.529957865e-04	2.436178386e-11
3.573646164e-04	2.436608354e-11
3.642620570e-04	2.567516902e-11
3.731340477e-04	2.712151889e-11
3.782770815e-04	2.525486589e-11
3.847548957e-04	2.670683793e-11
3.938770033e-04	2.692416974e-11
4.010209831e-04	2.853437108e-11
4.036436195e-04	2.626693070e-11
4.087785351e-04	2.770601268e-11
4.154775477e-04	2.925837533e-11
4.222851204e-04	3.073356417e-11
4.282691674e-04	3.215731437e-11
4.343072449e-04	3.376141801e-11
4.402167060e-04	3.520725416e-11
4.451127019e-04	3.608903651e-11
4.501312570e-04	3.753001123e-11
4.546908570e-04	3.892646203e-11
4.591763222e-04	4.028983094e-11
4.636388138e-04	4.178327169e-11
4.709036450e-04	4.470312080e-11
4.750861236e-04	4.610886832e-11
4.787382864e-04	4.763276066e-11
4.849945728e-04	5.048951502e-11
4.882952759e-04	5.199664236e-11
4.937759846e-04	5.669532012e-11
4.967988326e-04	5.812443947e-11
5.017923051e-04	6.105509431e-11
5.066741631e-04	6.390362683e-11
5.090998298e-04	6.525358205e-11
5.135185972e-04	7.073403518e-11
5.178624077e-04	7.391199871e-11
5.221030977e-04	7.724680045e-11
5.257379658e-04	8.012328378e-11
5.307727241e-04	8.474851876e-11
5.340343697e-04	8.776977952e-11
5.374617802e-04	8.963119201e-11
5.415465816e-04	9.397072378e-11
5.439003375e-04	9.681539099e-11
5.475895639e-04	1.011981301e-10
5.497255612e-04	1.040112870e-10
5.527022768e-04	1.084732143e-10
5.556089321e-04	1.128118416e-10
5.583557415e-04	1.170683854e-10
5.617804588e-04	1.228771371e-10
5.640812697e-04	1.263782407e-10
5.662865573e-04	1.306691343e-10
5.690493427e-04	1.364796982e-10
5.715172067e-04	1.421870200e-10
5.732446723e-04	1.445701030e-10
5.753281265e-04	1.504446541e-10
5.772759124e-04	1.558762983e-10
5.793402349e-04	1.616811476e-10
5.813257469e-04	1.688975557e-10
5.835121189e-04	1.761036991e-10
5.854594893e-04	1.832726273e-10
5.873706975e-04	1.905319032e-10
5.889014989e-04	1.977052670e-10
5.909557130e-04	2.063490262e-10
5.928813353e-04	2.150478117e-10
5.944075267e-04	2.234877838e-10
5.959432253e-04	2.324663410e-10
5.973977086e-04	2.410871311e-10
5.991478966e-04	2.511033879e-10
6.007443651e-04	2.612141595e-10
6.020349116e-04	2.735145200e-10
6.036650185e-04	2.835624792e-10
6.050347894e-04	2.950360761e-10
6.064900891e-04	3.066157587e-10
6.077597881e-04	3.196106954e-10
6.092948575e-04	3.324475063e-10
6.105226800e-04	3.453972574e-10
6.117088762e-04	3.598235382e-10
6.128328661e-04	3.741589960e-10
6.141099120e-04	3.885803362e-10
6.152449382e-04	4.044032919e-10
6.164133900e-04	4.202130851e-10
6.175715156e-04	4.374500506e-10
6.186617872e-04	4.579410764e-10
6.196336342e-04	4.765570254e-10
6.205124377e-04	4.952473653e-10
6.217369176e-04	5.153757361e-10
6.224066258e-04	5.355086596e-10
6.234003180e-04	5.571387899e-10
6.241824380e-04	5.801891874e-10
6.251502326e-04	6.032935787e-10
6.261038414e-04	6.263650533e-10
6.270129508e-04	6.522147365e-10
6.277163703e-04	6.781464292e-10
6.285738978e-04	7.055326472e-10
6.292131319e-04	7.329600179e-10
6.300828435e-04	7.616117880e-10
6.308798393e-04	7.934007257e-10
6.316125088e-04	8.249560488e-10
6.322488053e-04	8.566696011e-10
6.332209010e-04	8.912124844e-10
6.337996991e-04	9.272611278e-10
6.344912994e-04	9.656084125e-10
6.352297422e-04	1.003050167e-09
6.358886627e-04	1.043339985e-09
6.364595548e-04	1.085693508e-09
6.373454701e-04	1.128918055e-09
6.379235421e-04	1.174232742e-09
6.385494310e-04	1.221736025e-09
6.390898713e-04	1.270689887e-09
6.396867791e-04	1.321149579e-09
6.403332573e-04	1.374456642e-09
6.409469608e-04	1.429320092e-09
6.415597506e-04	1.485673890e-09
6.421512431e-04	1.544837587e-09
6.426131111e-04	1.606715373e-09
6.430508006e-04	1.671605911e-09
6.436594896e-04	1.737909820e-09
6.441220685e-04	1.807061866e-09
6.447045182e-04	1.878889666e-09
6.453552015e-04	1.950986438e-09
6.458524758e-04	2.029216037e-09
6.462444465e-04	2.109941434e-09
6.467940880e-04	2.194868153e-09
6.473213233e-04	2.281380211e-09
6.477519359e-04	2.373494264e-09
6.483205644e-04	2.468730186e-09
6.488821133e-04	2.565447129e-09
6.492650554e-04	2.668694970e-09
6.497790059e-04	2.775175345e-09
6.502473824e-04	2.886281169e-09
6.507493488e-04	3.001605564e-09
6.513499786e-04	3.121148783e-09
6.517968420e-04	3.246502151e-09
6.522132909e-04	3.376271722e-09
6.526638063e-04	3.511707906e-09
6.531725280e-04	3.653093941e-09
6.536684016e-04	3.800943649e-09
6.541435564e-04	3.953700742e-09
6.545396332e-04	4.112124685e-09
6.550468619e-04	4.276454741e-09
6.555898864e-04	4.446809865e-09
6.561659947e-04	4.625427627e-09
6.567351646e-04	4.809810209e-09
6.572846739e-04	4.998594400e-09
6.578651300e-04	5.187195689e-09
6.584021819e-04	5.375944744e-09
6.588065741e-04	5.566144427e-09
6.594806926e-04	5.754596305e-09
6.600499248e-04	5.946433707e-09
6.606357275e-04	6.135636029e-09
6.611548100e-04	6.324422748e-09
6.616141658e-04	6.513195113e-09
6.621891934e-04	6.702149747e-09
6.627397335e-04	6.890659892e-09
6.632327402e-04	7.079391277e-09
6.638804123e-04	7.268238508e-09
6.645065018e-04	7.457236034e-09
6.649663789e-04	7.641437102e-09
6.654783402e-04	7.830124730e-09
6.660934407e-04	8.018234871e-09
6.666681969e-04	8.208194011e-09
6.673562892e-04	8.397007307e-09
6.680038551e-04	8.586024605e-09
6.685179360e-04	8.774829719e-09
6.690519514e-04	8.963037789e-09
6.698065497e-04	9.152314215e-09
6.705428471e-04	9.341049855e-09
6.710133808e-04	9.529817210e-09
6.717702196e-04	9.718461595e-09
6.724682318e-04	9.907285379e-09
6.729260364e-04	1.009606619e-08
6.735463637e-04	1.028841036e-08
6.741985296e-04	1.047829452e-08
6.749433236e-04	1.066945286e-08
6.755549915e-04	1.085818053e-08
6.762956841e-04	1.104699279e-08
6.770428044e-04	1.123562683e-08
6.777729481e-04	1.142443491e-08
6.785088908e-04	1.161301457e-08
6.790181700e-04	1.180208858e-08
6.798562848e-04	1.199110861e-08
6.804767427e-04	1.217997318e-08
6.812875117e-04	1.236870682e-08
6.819770492e-04	1.255737932e-08
6.827281022e-04	1.274597185e-08
6.834883670e-04	1.293509421e-08
6.840598836e-04	1.312376289e-08
6.849143560e-04	1.331426232e-08
6.855484340e-04	1.350300422e-08
6.865146775e-04	1.369146047e-08
6.871990241e-04	1.388027971e-08
6.879952360e-04	1.406888615e-08
6.888712186e-04	1.425775074e-08
6.896216430e-04	1.444655319e-08
6.903264605e-04	1.463523874e-08
6.911041701e-04	1.482416083e-08
6.919795374e-04	1.501293345e-08
6.928013177e-04	1.520167964e-08
6.935658592e-04	1.539045501e-08
6.944377525e-04	1.557846655e-08
6.953522345e-04	1.576735799e-08
6.962317486e-04	1.595646963e-08
6.969285759e-04	1.614324395e-08
6.977799645e-04	1.633231057e-08
6.987178779e-04	1.652008223e-08
6.996345157e-04	1.670988341e-08
7.003844444e-04	1.689877128e-08
7.013360808e-04	1.708569071e-08
7.022373930e-04	1.727457938e-08
7.031019150e-04	1.746325254e-08
7.039045410e-04	1.765212668e-08
7.049186933e-04	1.784082047e-08
7.058225764e-04	1.802961615e-08
7.066451738e-04	1.821829783e-08
7.074348687e-04	1.840943162e-08
7.083655149e-04	1.859953988e-08
7.092853310e-04	1.878826642e-08
7.101337310e-04	1.897694109e-08
7.111402359e-04	1.916576735e-08
7.120037977e-04	1.935470229e-08
7.128056298e-04	1.954357223e-08
7.137199321e-04	1.973220468e-08
7.146064874e-04	1.992089818e-08
7.155536005e-04	2.011069795e-08
7.165020383e-04	2.029939446e-08
7.174910743e-04	2.048824568e-08
7.185211899e-04	2.067942059e-08
7.194420704e-04	2.086821528e-08
7.203850356e-04	2.105689295e-08
7.214032871e-04	2.124714229e-08
7.224251647e-04	2.143577332e-08
7.232541860e-04	2.162446125e-08
7.242447991e-04	2.181325931e-08
7.252697829e-04	2.200190200e-08
7.260958051e-04	2.219100270e-08
7.271813354e-04	2.237907465e-08
7.280484863e-04	2.256785611e-08
7.289437538e-04	2.275673326e-08
7.299570757e-04	2.294537525e-08
7.310031586e-04	2.312971925e-08
7.320173201e-04	2.331971574e-08
7.329276301e-04	2.350860889e-08
7.339526129e-04	2.369749603e-08
7.350381411e-04	2.388665699e-08
7.360672499e-04	2.407660697e-08
7.370451084e-04	2.426545309e-08
7.380104608e-04	2.445401239e-08
7.389953832e-04	2.464283940e-08
7.399641383e-04	2.483086021e-08
7.410943522e-04	2.501899258e-08
7.421669716e-04	2.520812482e-08
7.431374582e-04	2.539681120e-08
7.442444164e-04	2.558559767e-08
7.450934814e-04	2.577442322e-08
7.463504848e-04	2.596318123e-08
7.472928077e-04	2.615188671e-08
7.483229480e-04	2.634058948e-08
7.492685787e-04	2.653091900e-08
7.503998003e-04	2.671980829e-08
7.515409285e-04	2.690820156e-08
7.524064114e-04	2.709708331e-08
7.534777866e-04	2.728580412e-08
7.546091732e-04	2.747423131e-08
7.556192125e-04	2.766250127e-08
7.566361159e-04	2.785171198e-08
7.577756433e-04	2.804076564e-08
7.588023227e-04	2.822950557e-08
7.599765095e-04	2.841855496e-08
7.610092591e-04	2.860737675e-08
7.621196899e-04	2.879565606e-08
7.632550710e-04	2.898476118e-08
7.644563557e-04	2.917510102e-08
7.653891601e-04	2.936452130e-08
7.665334425e-04	2.955132909e-08
7.676353163e-04	2.974189269e-08
7.688606604e-04	2.993064203e-08
7.698180357e-04	3.011947736e-08
7.709766613e-04	3.030825793e-08
7.721069696e-04	3.049710052e-08
7.733092738e-04	3.068656326e-08
7.743139655e-04	3.087534738e-08
7.755399623e-04	3.106429900e-08
7.764783965e-04	3.125303017e-08
7.778262895e-04	3.144190173e-08
7.787449527e-04	3.163170331e-08
7.800689945e-04	3.182165474e-08
7.811579966e-04	3.200991604e-08
7.822634394e-04	3.219910534e-08
7.834445138e-04	3.238790496e-08
7.845117067e-04	3.257671639e-08
7.858044567e-04	3.276547537e-08
7.868727871e-04	3.295453077e-08
7.881675298e-04	3.314415801e-08
7.892935369e-04	3.333291881e-08
7.904793508e-04	3.352189551e-08
7.917898216e-04	3.370992570e-08
7.927912686e-04	3.390049392e-08
7.939958463e-04	3.408950567e-08
7.950680757e-04	3.427994831e-08
7.962634109e-04	3.446875878e-08
7.974350242e-04	3.465754467e-08
7.987435749e-04	3.484611313e-08
8.000107827e-04	3.503472607e-08
8.010526602e-04	3.522323797e-08
8.022904859e-04	3.541202387e-08
8.034960111e-04	3.559950076e-08
8.046082932e-04	3.578565923e-08
8.058639084e-04	3.597418049e-08
8.069842971e-04	3.616312487e-08
8.081576908e-04	3.635200134e-08
8.093998645e-04	3.654091360e-08
8.107222858e-04	3.672965189e-08
8.119432796e-04	3.692020192e-08
8.131107471e-04	3.710900263e-08
8.143267272e-04	3.729655966e-08
8.155457788e-04	3.748576360e-08
8.167647687e-04	3.767426970e-08
8.179655668e-04	3.786315180e-08
8.191913133e-04	3.805291338e-08
8.204694388e-04	3.824249128e-08
8.217637308e-04	3.843131975e-08
8.228395166e-04	3.862013332e-08
8.241722841e-04	3.880881786e-08
8.254344428e-04	3.899754089e-08
8.266262560e-04	3.918628087e-08
8.279212589e-04	3.937442414e-08
8.292922642e-04	3.956497634e-08
8.304940677e-04	3.975402197e-08
8.317913705e-04	3.994252741e-08
8.329619922e-04	4.013399654e-08
8.342637045e-04	4.032274884e-08
8.355576173e-04	4.051143901e-08
8.368032759e-04	4.070002555e-08
8.382512045e-04	4.088888142e-08
8.395742528e-04	4.107743095e-08
8.407013848e-04	4.126702138e-08
8.420554639e-04	4.145569740e-08
8.433222438e-04	4.164452377e-08
8.446312234e-04	4.183327381e-08
8.459464838e-04	4.202200153e-08
8.472567172e-04	4.221205831e-08
8.485415984e-04	4.240080043e-08