-6.887716098e-04	-2.346277198e-08
-6.884198481e-04	-2.334362991e-08
-6.880420300e-04	-2.322634718e-08
-6.877452588e-04	-2.310909806e-08
-6.873491293e-04	-2.298990384e-08
-6.870407350e-04	-2.287167525e-08
-6.867154344e-04	-2.275644793e-08
-6.863912130e-04	-2.263905025e-08
-6.858783241e-04	-2.251998178e-08
-6.856459409e-04	-2.240221957e-08
-6.853226637e-04	-2.228558603e-08
-6.851322202e-04	-2.216778627e-08
-6.847667671e-04	-2.204874387e-08
-6.844710526e-04	-2.193098400e-08
-6.840536440e-04	-2.181462603e-08
-6.836400012e-04	-2.169567971e-08
-6.834325278e-04	-2.157723591e-08
-6.831053162e-04	-2.146056526e-08
-6.828687626e-04	-2.134503515e-08
-6.824925744e-04	-2.122607308e-08
-6.821360241e-04	-2.110764943e-08
-6.818569349e-04	-2.099096689e-08
-6.815717081e-04	-2.087382658e-08
-6.812873806e-04	-2.075462349e-08
-6.810585720e-04	-2.063642191e-08
-6.806528315e-04	-2.052017719e-08
-6.803792278e-04	-2.040125477e-08
-6.800498468e-04	-2.028299638e-08
-6.796859337e-04	-2.016646241e-08
-6.794452659e-04	-2.004891184e-08
-6.791133107e-04	-1.992944642e-08
-6.788088732e-04	-1.981422463e-08
-6.785052114e-04	-1.969694554e-08
-6.782273699e-04	-1.957803662e-08
-6.780099146e-04	-1.946008833e-08
-6.776671906e-04	-1.934323056e-08
-6.774361900e-04	-1.922537414e-08
-6.770776612e-04	-1.910630563e-08
-6.768536412e-04	-1.898808434e-08
-6.765156384e-04	-1.887118240e-08
-6.761675188e-04	-1.875382764e-08
-6.759342925e-04	-1.863489361e-08
-6.757281342e-04	-1.851670147e-08
-6.753535760e-04	-1.840137614e-08
-6.751302080e-04	-1.828297173e-08
-6.748934520e-04	-1.816443532e-08
-6.746377888e-04	-1.804741855e-08
-6.741708865e-04	-1.792900853e-08
-6.739815447e-04	-1.781055813e-08
-6.736742408e-04	-1.769385897e-08
-6.733269980e-04	-1.757644202e-08
-6.729812951e-04	-1.745739580e-08
-6.726154936e-04	-1.733934530e-08
-6.723312785e-04	-1.722237285e-08
-6.720508179e-04	-1.710436812e-08
-6.717183344e-04	-1.698571559e-08
-6.714196522e-04	-1.686961226e-08
-6.711265906e-04	-1.675281208e-08
-6.706194234e-04	-1.663378314e-08
-6.704691324e-04	-1.651431913e-08
-6.700060521e-04	-1.639804545e-08
-6.697114729e-04	-1.628096368e-08
-6.693407815e-04	-1.616172188e-08
-6.690757097e-04	-1.604321081e-08
-6.687013426e-04	-1.592620243e-08
-6.684265249e-04	-1.580902444e-08
-6.679669517e-04	-1.569017216e-08
-6.674864254e-04	-1.557128659e-08
-6.672079207e-04	-1.545599609e-08
-6.670324164e-04	-1.533859713e-08
-6.664543753e-04	-1.521904314e-08
-6.663716422e-04	-1.510226207e-08
-6.660724093e-04	-1.498484841e-08
-6.656061253e-04	-1.486562442e-08
-6.652819488e-04	-1.474726062e-08
-6.649172601e-04	-1.463034043e-08
-6.645241768e-04	-1.451307111e-08
-6.641501694e-04	-1.439377512e-08
-6.638441470e-04	-1.427560472e-08
-6.634772100e-04	-1.415883897e-08
-6.631290792e-04	-1.404097709e-08
-6.628285536e-04	-1.392352163e-08
-6.624167542e-04	-1.380545830e-08
-6.618447719e-04	-1.368864576e-08
-6.616110285e-04	-1.357028260e-08
-6.610471622e-04	-1.345147848e-08
-6.607703549e-04	-1.333431770e-08
-6.604097241e-04	-1.321671698e-08
-6.600472611e-04	-1.309758781e-08
-6.595436797e-04	-1.297890994e-08
-6.591343758e-04	-1.286219258e-08
-6.587283206e-04	-1.274479214e-08
-6.585250850e-04	-1.262518473e-08
-6.581379032e-04	-1.250986948e-08
-6.578257320e-04	-1.239231149e-08
-6.572671264e-04	-1.227276380e-08
-6.568769321e-04	-1.215461624e-08
-6.565277446e-04	-1.203775650e-08
-6.560899899e-04	-1.192012162e-08
-6.556600253e-04	-1.180083149e-08
-6.553358375e-04	-1.168271939e-08
-6.549501845e-04	-1.156591881e-08
-6.545766605e-04	-1.144746998e-08
-6.540402332e-04	-1.132856289e-08
-6.537243862e-04	-1.121096572e-08
-6.531339014e-04	-1.109406129e-08
-6.528923680e-04	-1.097648450e-08
-6.524990037e-04	-1.085774089e-08
-6.520457479e-04	-1.074073987e-08
-6.516781703e-04	-1.062350750e-08
-6.512454066e-04	-1.050472900e-08
-6.508743106e-04	-1.038570458e-08
-6.504953347e-04	-1.026781404e-08
-6.500003976e-04	-1.015103642e-08
-6.496453086e-04	-1.003173332e-08
-6.492530684e-04	-9.914223305e-09
-6.487218232e-04	-9.796719546e-09
-6.484530643e-04	-9.677332101e-09
-6.479424687e-04	-9.560571046e-09
-6.474540625e-04	-9.443737821e-09
-6.470942748e-04	-9.325890553e-09
-6.466871967e-04	-9.208228511e-09
-6.462087050e-04	-9.092933582e-09
-6.456912636e-04	-8.980450550e-09
-6.452936503e-04	-8.867892483e-09
-6.450183605e-04	-8.756037547e-09
-6.445055278e-04	-8.646449956e-09
-6.440696280e-04	-8.540163684e-09
-6.435032662e-04	-8.432276689e-09
-6.431302030e-04	-8.326759618e-09
-6.426837254e-04	-8.223846563e-09
-6.421764458e-04	-8.121202088e-09
-6.418313275e-04	-8.019203408e-09
-6.414958988e-04	-7.917843644e-09
-6.410132143e-04	-7.820779318e-09
-6.405442887e-04	-7.723429224e-09
-6.403921205e-04	-7.625700557e-09
-6.398540745e-04	-7.531992114e-09
-6.392979869e-04	-7.435860364e-09
-6.390933012e-04	-7.342736861e-09
-6.386284785e-04	-7.251745896e-09
-6.381072265e-04	-7.161745453e-09
-6.377583200e-04	-7.071129692e-09
-6.373565812e-04	-6.982679536e-09
-6.370722313e-04	-6.896099015e-09
-6.366799461e-04	-6.810366332e-09
-6.362083451e-04	-6.723966509e-09
-6.360060538e-04	-6.639922216e-09
-6.354287096e-04	-6.557597477e-09
-6.350089966e-04	-6.477520223e-09
-6.348093132e-04	-6.393995533e-09
-6.342060924e-04	-6.315551936e-09
-6.338980466e-04	-6.236878213e-09
-6.335229151e-04	-6.157851690e-09
-6.332491091e-04	-6.081168305e-09
-6.327023402e-04	-6.005976313e-09
-6.322799069e-04	-5.931252492e-09
-6.318655784e-04	-5.855246946e-09
-6.315381308e-04	-5.783385022e-09
-6.312645383e-04	-5.710496348e-09
-6.308875408e-04	-5.638922893e-09
-6.304356564e-04	-5.568700761e-09
-6.301708993e-04	-5.500938210e-09
-6.297227469e-04	-5.430773552e-09
-6.294801906e-04	-5.362312196e-09
-6.290811834e-04	-5.295598904e-09
-6.284699816e-04	-5.230036522e-09
-6.281712433e-04	-5.164352203e-09
-6.279181767e-04	-5.098743192e-09
-6.272846393e-04	-5.036215704e-09
-6.269004476e-04	-4.973644881e-09
-6.264273403e-04	-4.910637540e-09
-6.262792751e-04	-4.849624223e-09
-6.258234114e-04	-4.790230785e-09
-6.254810471e-04	-4.729852052e-09
-6.250720018e-04	-4.669578692e-09
-6.245308421e-04	-4.612939613e-09
-6.242213125e-04	-4.555845703e-09
-6.237775777e-04	-4.496871781e-09
-6.234336059e-04	-4.440098552e-09
-6.229913437e-04	-4.386559483e-09
-6.226202589e-04	-4.330790443e-09
-6.221566053e-04	-4.275705260e-09
-6.216547775e-04	-4.223665070e-09
-6.212971031e-04	-4.170599475e-09
-6.209027609e-04	-4.117501708e-09
-6.206442425e-04	-4.065479842e-09
-6.200630764e-04	-4.016596082e-09
-6.196886868e-04	-3.965076071e-09
-6.191664455e-04	-3.915665513e-09
-6.187632454e-04	-3.868321354e-09
-6.182952303e-04	-3.818006037e-09
-6.182437357e-04	-3.769827282e-09
-6.175621096e-04	-3.724994950e-09
-6.171785250e-04	-3.678081784e-09
-6.166610611e-04	-3.630705215e-09
-6.162190237e-04	-3.585694409e-09
-6.158164419e-04	-3.542391480e-09
-6.154182328e-04	-3.497828204e-09
-6.149311643e-04	-3.453481249e-09
-6.145627998e-04	-3.410251830e-09
-6.139245411e-04	-3.368310073e-09
-6.136507913e-04	-3.325190112e-09
-6.135905513e-04	-3.283992597e-09
-6.132734004e-04	-3.244440223e-09
-6.127524518e-04	-3.202413915e-09
-6.122322002e-04	-3.162261257e-09
-6.119506605e-04	-3.122818511e-09
-6.112681913e-04	-3.083644634e-09
-6.107891376e-04	-3.045271187e-09
-6.100285329e-04	-3.007068670e-09
-6.095736472e-04	-2.970482710e-09
-6.089463821e-04	-2.931576022e-09
-6.087049499e-04	-2.895418512e-09
-6.082263346e-04	-2.860553915e-09
-6.077312626e-04	-2.824721067e-09
-6.071779628e-04	-2.789010326e-09
-6.068383525e-04	-2.752697956e-09
-6.062664939e-04	-2.719035917e-09
-6.058738378e-04	-2.686242957e-09
-6.058052458e-04	-2.652120850e-09
-6.053316551e-04	-2.618436629e-09
-6.047818175e-04	-2.586523178e-09
-6.042618356e-04	-2.553745829e-09
-6.037007345e-04	-2.520541024e-09
-6.032834271e-04	-2.490493354e-09
-6.027743939e-04	-2.458836870e-09
-6.023673832e-04	-2.428475435e-09
-6.018265495e-04	-2.399299864e-09
-6.013021724e-04	-2.368739914e-09
-6.008788062e-04	-2.337482637e-09
-6.002196394e-04	-2.309055161e-09
-5.999188440e-04	-2.281449831e-09
-5.993031121e-04	-2.250811260e-09
-5.987869072e-04	-2.223391652e-09
-5.981719285e-04	-2.196336780e-09
-5.976960672e-04	-2.168219467e-09
-5.971120909e-04	-2.140037217e-09
-5.966536867e-04	-2.114824611e-09
-5.961438105e-04	-2.090082005e-09
-5.954702216e-04	-2.060515108e-09
-5.950964165e-04	-2.037287369e-09
-5.944893626e-04	-2.011791918e-09
-5.939746303e-04	-1.984287600e-09
-5.934243430e-04	-1.960262419e-09
-5.927904907e-04	-1.937014075e-09
-5.922488364e-04	-1.910878625e-09
-5.917500100e-04	-1.889184288e-09
-5.910699464e-04	-1.864092846e-09
-5.905098907e-04	-1.840307344e-09
-5.899749810e-04	-1.818541343e-09
-5.895679253e-04	-1.797106615e-09
-5.882428135e-04	-1.772302803e-09
-5.877592297e-04	-1.752060587e-09
-5.869669144e-04	-1.729120735e-09
-5.866092176e-04	-1.706162752e-09
-5.859490953e-04	-1.687362855e-09
-5.853793950e-04	-1.664572112e-09
-5.846772542e-04	-1.644169151e-09
-5.839232030e-04	-1.623772482e-09
-5.834634499e-04	-1.603814195e-09
-5.829658487e-04	-1.582526620e-09
-5.822210263e-04	-1.563801048e-09
-5.815555983e-04	-1.544543737e-09
-5.812136050e-04	-1.525708007e-09
-5.804301925e-04	-1.504534228e-09
-5.797247695e-04	-1.486067299e-09
-5.792651288e-04	-1.469636133e-09
-5.784549068e-04	-1.449805395e-09
-5.777570151e-04	-1.431635432e-09
-5.771693630e-04	-1.414506387e-09
-5.766065758e-04	-1.396072577e-09
-5.766611616e-04	-1.378063575e-09
-5.760518595e-04	-1.361606362e-09
-5.756293926e-04	-1.344366752e-09
-5.747590766e-04	-1.326753709e-09
-5.741205707e-04	-1.312403184e-09
-5.735544337e-04	-1.294200056e-09
-5.728740778e-04	-1.277552453e-09
-5.723748242e-04	-1.262935747e-09
-5.715735387e-04	-1.247899887e-09
-5.701561166e-04	-1.230420947e-09
-5.694361815e-04	-1.214427685e-09
-5.688720004e-04	-1.201023473e-09
-5.682747374e-04	-1.185059623e-09
-5.676128054e-04	-1.169694264e-09
-5.668123629e-04	-1.155627901e-09
-5.663861527e-04	-1.142400814e-09
-5.655375430e-04	-1.127009954e-09
-5.650883114e-04	-1.111951969e-09
-5.642067321e-04	-1.099976811e-09
-5.632280650e-04	-1.084824199e-09
-5.629244706e-04	-1.071804160e-09
-5.620227701e-04	-1.058539285e-09
-5.614970779e-04	-1.045176651e-09
-5.606997042e-04	-1.031394495e-09
-5.599961021e-04	-1.018612576e-09
-5.594743442e-04	-1.006540550e-09
-5.586034101e-04	-9.940372094e-10
-5.579252687e-04	-9.808639230e-10
-5.573169670e-04	-9.709228757e-10
-5.564132431e-04	-9.567942132e-10
-5.560226104e-04	-9.452955037e-10
-5.550355127e-04	-9.346680902e-10
-5.545241414e-04	-9.221587370e-10
-5.535480260e-04	-9.101426889e-10
-5.531315055e-04	-8.995974288e-10
-5.520944644e-04	-8.881981196e-10
-5.514003272e-04	-8.754887203e-10
-5.507127435e-04	-8.666910521e-10
-5.499562642e-04	-8.553615099e-10
-5.491793939e-04	-8.443360065e-10
-5.484922935e-04	-8.322833694e-10
-5.477082628e-04	-8.231004052e-10
-5.470365287e-04	-8.123098606e-10
-5.461751718e-04	-8.022382548e-10
-5.455962202e-04	-7.931357387e-10
-5.446969139e-04	-7.826732200e-10
-5.437043419e-04	-7.715543117e-10
-5.441609588e-04	-7.640503948e-10
-5.432229614e-04	-7.540643941e-10
-5.425308363e-04	-7.430110387e-10
-5.417076872e-04	-7.349191721e-10
-5.411840970e-04	-7.272425722e-10
-5.403532479e-04	-7.164734594e-10
-5.394407898e-04	-7.068368235e-10
-5.388029134e-04	-6.992677379e-10
-5.381319774e-04	-6.913494972e-10
-5.371930020e-04	-6.812807668e-10
-5.364077460e-04	-6.722898861e-10
-5.356727706e-04	-6.647125991e-10
-5.348010945e-04	-6.562309023e-10
-5.339699981e-04	-6.477780586e-10
-5.332638669e-04	-6.396707380e-10
-5.327169518e-04	-6.320757271e-10
-5.314125908e-04	-6.230774482e-10
-5.311664599e-04	-6.170716243e-10
-5.302535184e-04	-6.089521850e-10
-5.293125759e-04	-6.004431715e-10
-5.283768379e-04	-5.931049993e-10
-5.280452874e-04	-5.869565506e-10
-5.259344025e-04	-5.794684428e-10
-5.252832393e-04	-5.712551154e-10
-5.246112917e-04	-5.649918009e-10
-5.238780136e-04	-5.582489823e-10
-5.238318472e-04	-5.495943231e-10
-5.230652848e-04	-5.435509790e-10
-5.223481263e-04	-5.369959888e-10
-5.215118366e-04	-5.298821641e-10
-5.205494014e-04	-5.224747138e-10
-5.200447522e-04	-5.184566675e-10
-5.189608253e-04	-5.098126543e-10
-5.182849433e-04	-5.035630010e-10
-5.171829186e-04	-4.978665245e-10
-5.166682987e-04	-4.918235529e-10
-5.161475300e-04	-4.847348271e-10
-5.153296753e-04	-4.786520709e-10
-5.143966689e-04	-4.720945196e-10
-5.133018945e-04	-4.663532237e-10
-5.130894976e-04	-4.616081942e-10
-5.124446630e-04	-4.556482667e-10
-5.109716434e-04	-4.486071135e-10
-5.103645558e-04	-4.438491796e-10
-5.093360241e-04	-4.382881335e-10
-5.088467637e-04	-4.330145954e-10
-5.079315178e-04	-4.273901618e-10
-5.071019614e-04	-4.226622103e-10
-5.061667293e-04	-4.175243588e-10
-5.054020104e-04	-4.112243389e-10
-5.044525135e-04	-4.066162241e-10
-5.041852610e-04	-4.027965243e-10
-5.032392713e-04	-3.956535728e-10
-5.025346238e-04	-3.917963992e-10
-5.016820798e-04	-3.870343733e-10
-5.008834583e-04	-3.812251613e-10
-5.005048084e-04	-3.771377846e-10
-4.997658650e-04	-3.737209708e-10
-4.989124666e-04	-3.679216017e-10
-4.981645192e-04	-3.625409568e-10
-4.971287933e-04	-3.593545907e-10
-4.965814061e-04	-3.540694228e-10
-4.955766827e-04	-3.493636948e-10
-4.946754543e-04	-3.459557868e-10
-4.942975125e-04	-3.420578683e-10
-4.932948911e-04	-3.360944133e-10
-4.924754628e-04	-3.329838969e-10
-4.920274565e-04	-3.289988656e-10
-4.914144224e-04	-3.231485478e-10
-4.904344514e-04	-3.197830494e-10
-4.901928506e-04	-3.176957669e-10
-4.888947283e-04	-3.121683528e-10
-4.883663158e-04	-3.074501685e-10
-4.874840845e-04	-3.041166375e-10
-4.872177537e-04	-3.018475684e-10
-4.857323691e-04	-2.958924138e-10
-4.857101009e-04	-2.938800379e-10
-4.849441567e-04	-2.903796737e-10
-4.841339572e-04	-2.862197127e-10
-4.832426432e-04	-2.824556996e-10
-4.827175918e-04	-2.801630916e-10
-4.819476122e-04	-2.746901943e-10
-4.810542861e-04	-2.729391682e-10
-4.800929975e-04	-2.680912519e-10
-4.797928316e-04	-2.644465167e-10
-4.789688282e-04	-2.621334664e-10
-4.784971935e-04	-2.601771730e-10
-4.774754626e-04	-2.547408297e-10
-4.764370614e-04	-2.512346623e-10
-4.761187301e-04	-2.494303011e-10
-4.757961161e-04	-2.470118202e-10
-4.745356396e-04	-2.428831689e-10
-4.739143884e-04	-2.381992219e-10
-4.729429718e-04	-2.364114148e-10
-4.725286432e-04	-2.341297730e-10
-4.720150350e-04	-2.300680597e-10
-4.709199796e-04	-2.268527764e-10
-4.704062702e-04	-2.250535315e-10
-4.701401754e-04	-2.225366924e-10
-4.692341696e-04	-2.184842573e-10
-4.682437671e-04	-2.159367023e-10
-4.679123177e-04	-2.141190931e-10
-4.668262776e-04	-2.097208324e-10
-4.660033870e-04	-2.073166646e-10
-4.655082363e-04	-2.041628247e-10
-4.643179143e-04	-2.004851908e-10
-4.637964711e-04	-1.988715218e-10
-4.629201301e-04	-1.963805732e-10
-4.622969118e-04	-1.922447507e-10
-4.613066441e-04	-1.898427541e-10
-4.605333147e-04	-1.879317807e-10
-4.595898767e-04	-1.838797124e-10
-4.583988128e-04	-1.797292217e-10
-4.576720095e-04	-1.779951048e-10
-4.564141521e-04	-1.737083281e-10
-4.554048985e-04	-1.705234928e-10
-4.549906037e-04	-1.689060170e-10
-4.540039894e-04	-1.656215720e-10
-4.530401154e-04	-1.619218486e-10
-4.519402152e-04	-1.595310860e-10
-4.510300390e-04	-1.576712010e-10
-4.500463360e-04	-1.536345052e-10
-4.489960082e-04	-1.506003389e-10
-4.481305259e-04	-1.491575077e-10
-4.470068175e-04	-1.451505498e-10
-4.458058952e-04	-1.416260297e-10
-4.448324103e-04	-1.403564286e-10
-4.435102549e-04	-1.359221260e-10
-4.423305892e-04	-1.339971248e-10
-4.411998102e-04	-1.316415483e-10
-4.398974164e-04	-1.275264301e-10
-4.384098847e-04	-1.243352852e-10
-4.373450449e-04	-1.225901962e-10
-4.353822366e-04	-1.175482059e-10
-4.337893889e-04	-1.141519975e-10
-4.323252271e-04	-1.122441091e-10
-4.308959459e-04	-1.099844754e-10
-4.294105163e-04	-1.059927911e-10
-4.275374216e-04	-1.028530838e-10
-4.259180679e-04	-1.011437165e-10
-4.245395506e-04	-9.825182587e-11
-4.224455496e-04	-9.402124806e-11
-4.206069758e-04	-9.231045471e-11
-4.188509776e-04	-9.005167081e-11
-4.170102904e-04	-8.569599435e-11
-4.146620876e-04	-8.338162851e-11
-4.127093286e-04	-8.138718624e-11
-4.107630556e-04	-7.730868607e-11
-4.080226238e-04	-7.504636900e-11
-4.060062413e-04	-7.151165683e-11
-4.033329289e-04	-6.805302130e-11
-4.004281214e-04	-6.590338732e-11
-3.980630909e-04	-6.391407891e-11
-3.938465595e-04	-5.819941268e-11
-3.901672198e-04	-5.579632761e-11
-3.871950118e-04	-5.372667597e-11
-3.837753482e-04	-4.988410656e-11
-3.800376794e-04	-4.678174492e-11
-3.764336763e-04	-4.494426968e-11
-3.727972881e-04	-4.114120541e-11
-3.684942916e-04	-3.764910082e-11
-3.641657221e-04	-3.601333638e-11
-3.596955397e-04	-3.340835424e-11
-3.545269822e-04	-2.936235691e-11
-3.488522130e-04	-2.654913312e-11
-3.433942247e-04	-2.505736136e-11
-3.378126201e-04	-2.116864537e-11
-3.312389494e-04	-1.774583631e-11
-3.239200290e-04	-1.563520688e-11
-3.167780517e-04	-1.361634092e-11
-3.080628872e-04	-8.949617475e-12
-2.994050063e-04	-7.179784677e-12
-2.903735900e-04	-4.557491747e-12
-2.797939188e-04	-1.516640736e-13
-2.649022922e-04	3.171185974e-12
-2.503334257e-04	6.066580697e-12
-2.345914132e-04	1.019200741e-11
-2.173677594e-04	1.182503029e-11
-1.982530591e-04	1.538805439e-11
-1.757280927e-04	1.879271448e-11
-1.504176859e-04	2.005383487e-11
-1.217840738e-04	2.406526884e-11
-8.845765312e-05	2.628346495e-11
-5.369729745e-05	2.969744400e-11
-1.463125877e-05	3.275661598e-11
2.582103096e-05	3.424387087e-11
6.927895918e-05	3.850475128e-11
1.137249069e-04	4.087412281e-11
1.591853126e-04	4.334032764e-11
2.027118216e-04	4.772616700e-11
2.417884492e-04	4.933433546e-11
2.726673761e-04	5.269892580e-11
2.963258868e-04	5.523201638e-11
3.119154388e-04	5.796590392e-11
3.240349006e-04	6.205187206e-11
3.362000455e-04	6.472559676e-11
3.452851033e-04	6.899398006e-11
3.527824730e-04	7.103984247e-11
3.588097233e-04	7.409581306e-11
3.646258694e-04	7.816013980e-11
3.699874220e-04	7.906735533e-11
3.750315314e-04	8.372374702e-11
3.799731687e-04	8.566102994e-11
3.840899370e-04	8.834872434e-11
3.883178105e-04	9.245168895e-11
3.924564761e-04	9.342242004e-11
3.960025437e-04	9.755452893e-11
3.998148183e-04	1.004381134e-10
4.029062137e-04	1.021359266e-10
4.059035227e-04	1.066128950e-10
4.086255981e-04	1.082710459e-10
4.112212807e-04	1.112828256e-10
4.139157934e-04	1.154647540e-10
4.164112071e-04	1.165235233e-10
4.187841624e-04	1.211761606e-10
4.218219050e-04	1.227964943e-10
4.243202189e-04	1.279799860e-10
4.269114051e-04	1.304485832e-10
4.285870083e-04	1.324150162e-10
4.306549192e-04	1.367897846e-10
4.333292207e-04	1.387705249e-10
4.347203278e-04	1.417480032e-10
4.367642618e-04	1.458238317e-10
4.386429095e-04	1.473341599e-10
4.402166027e-04	1.509173120e-10
4.412469442e-04	1.542768092e-10
4.425745851e-04	1.555722660e-10
4.441156347e-04	1.598016156e-10
4.462632435e-04	1.619896837e-10
4.470181941e-04	1.641056216e-10
4.482272322e-04	1.684048139e-10
4.497246221e-04	1.705513047e-10
4.513161096e-04	1.729216600e-10
4.525155705e-04	1.773066902e-10
4.533273663e-04	1.787730081e-10
4.547337835e-04	1.831524912e-10
4.567049551e-04	1.847598506e-10
4.583013099e-04	1.893407244e-10
4.593220966e-04	1.932330143e-10
4.600118499e-04	1.948224867e-10
4.617879356e-04	1.986119828e-10
4.621102236e-04	2.014834486e-10
4.630077088e-04	2.032208776e-10
4.641740427e-04	2.075554365e-10
4.653353520e-04	2.092598212e-10
4.656607987e-04	2.122674334e-10
4.680363282e-04	2.162716148e-10
4.685631220e-04	2.174431079e-10
4.690450647e-04	2.216862875e-10
4.700118950e-04	2.246449999e-10
4.705908466e-04	2.261807588e-10
4.715883759e-04	2.303923087e-10
4.734460481e-04	2.325204293e-10
4.733595381e-04	2.348665122e-10
4.753172206e-04	2.392953666e-10
4.760136847e-04	2.409559971e-10
4.776573412e-04	2.465426077e-10
4.773806800e-04	2.480464575e-10
4.790150291e-04	2.519004122e-10
4.792398135e-04	2.550081231e-10
4.798978337e-04	2.565314256e-10
4.805000315e-04	2.605518235e-10
4.815276752e-04	2.645212436e-10
4.821425303e-04	2.669873145e-10
4.838209549e-04	2.713320073e-10
4.850170436e-04	2.744386006e-10
4.848074007e-04	2.777244484e-10
4.865391635e-04	2.811121178e-10
4.865378932e-04	2.837560580e-10
4.881778628e-04	2.879808092e-10
4.886945286e-04	2.915565283e-10
4.900459215e-04	2.946512532e-10
4.903348803e-04	2.999988423e-10
4.914991684e-04	3.010694916e-10
4.917368124e-04	3.065705321e-10
4.938067916e-04	3.112388737e-10
4.932092587e-04	3.135849915e-10
4.949670667e-04	3.180878678e-10
4.955682865e-04	3.214459040e-10
4.966722559e-04	3.270326718e-10
4.982027278e-04	3.294675438e-10
4.979637349e-04	3.330872558e-10
4.990389501e-04	3.390121951e-10
5.009950926e-04	3.417665657e-10
5.016181198e-04	3.472385200e-10
5.021925751e-04	3.512819854e-10
5.034406304e-04	3.550579601e-10
5.032145421e-04	3.599658005e-10
5.052338135e-04	3.635436965e-10
5.050087031e-04	3.690869604e-10
5.054407249e-04	3.737315651e-10
5.068824048e-04	3.785127120e-10
5.077323860e-04	3.829433359e-10
5.089868149e-04	3.862898879e-10
5.103856220e-04	3.933470538e-10
5.099093673e-04	3.970033431e-10
5.117290677e-04	4.030347664e-10
5.114465613e-04	4.068922194e-10
5.137220916e-04	4.130984793e-10
5.138505864e-04	4.176163789e-10
5.141608467e-04	4.226308955e-10
5.154703224e-04	4.276911861e-10
5.166084191e-04	4.334369989e-10
5.173920564e-04	4.387050190e-10
5.181113508e-04	4.456652235e-10
5.197325031e-04	4.506689194e-10
5.201805319e-04	4.547959759e-10
5.207555267e-04	4.613998368e-10
5.212514642e-04	4.657069394e-10
5.220058864e-04	4.727851763e-10
5.233335049e-04	4.794595900e-10
5.238934145e-04	4.849359448e-10
5.249527237e-04	4.916162722e-10
5.256937130e-04	4.964855971e-10
5.263050160e-04	5.023825504e-10
5.274499810e-04	5.102882650e-10
5.280067094e-04	5.145775679e-10
5.288112885e-04	5.228090151e-10
5.300606702e-04	5.277033573e-10
5.310469249e-04	5.357003289e-10
5.314626023e-04	5.416599829e-10
5.316413665e-04	5.480665567e-10
5.331924991e-04	5.564078348e-10
5.338621536e-04	5.627388849e-10
5.349721257e-04	5.704751295e-10
5.351428413e-04	5.759367579e-10
5.360202053e-04	5.831056466e-10
5.371119559e-04	5.911768788e-10
5.384464875e-04	5.987840085e-10
5.388282961e-04	6.064833207e-10
5.396179473e-04	6.140818765e-10
5.402652886e-04	6.201861052e-10
5.416375222e-04	6.299469492e-10
5.423414278e-04	6.364741281e-10
5.431894080e-04	6.449555630e-10
5.438318034e-04	6.531193037e-10
5.445086520e-04	6.605682441e-10
5.454932205e-04	6.702849089e-10
5.456280440e-04	6.767984847e-10
5.470756254e-04	6.861090737e-10
5.475356595e-04	6.942664757e-10
5.484381581e-04	7.027069503e-10
5.498137978e-04	7.123603848e-10
5.503630060e-04	7.210114643e-10
5.506541454e-04	7.308002709e-10
5.517628023e-04	7.388680573e-10
5.530277527e-04	7.487314738e-10
5.533283121e-04	7.582200600e-10
5.540780693e-04	7.670772566e-10
5.548460143e-04	7.769877044e-10
5.557663185e-04	7.866343636e-10
5.559782208e-04	7.963707024e-10
5.572672493e-04	8.075362229e-10
5.571663846e-04	8.161764119e-10
5.594712313e-04	8.273131373e-10
5.594268072e-04	8.370670081e-10
5.598708343e-04	8.465460076e-10
5.606351260e-04	8.580003575e-10
5.610672826e-04	8.686650643e-10
5.619827870e-04	8.790213027e-10
5.638501376e-04	8.902401001e-10
5.642682319e-04	9.017925522e-10
5.655051362e-04	9.141310210e-10
5.659252876e-04	9.229897426e-10
5.671546943e-04	9.352400859e-10
5.676704608e-04	9.483079942e-10
5.683161946e-04	9.590430909e-10
5.690468310e-04	9.719885838e-10
5.682941624e-04	9.827352637e-10
5.694859233e-04	9.954863508e-10
5.697546035e-04	1.009406364e-09
5.707261325e-04	1.019552848e-09
5.709901814e-04	1.033410236e-09
5.718150391e-04	1.046703831e-09
5.730349472e-04	1.058504553e-09
5.743118580e-04	1.072860060e-09
5.751167743e-04	1.085891933e-09
5.764247999e-04	1.099703006e-09
5.770058648e-04	1.114024572e-09
5.773051764e-04	1.126264531e-09
5.780579687e-04	1.142008661e-09
5.790900750e-04	1.155025941e-09
5.798012983e-04	1.170874460e-09
5.803618374e-04	1.184146826e-09
5.802948079e-04	1.199056366e-09
5.808854051e-04	1.215673136e-09
5.821200613e-04	1.228641487e-09
5.828040479e-04	1.245413752e-09
5.835061887e-04	1.261306107e-09
5.839396155e-04	1.276453352e-09
5.845025489e-04	1.293518527e-09
5.846199152e-04	1.307807614e-09
5.860116743e-04	1.324890635e-09
5.866161315e-04	1.342011217e-09
5.870403408e-04	1.357067252e-09
5.875699112e-04	1.375802591e-09
5.887642575e-04	1.391500680e-09
5.891824192e-04	1.409736538e-09
5.898407204e-04	1.427164710e-09
5.900746549e-04	1.445007095e-09
5.908731302e-04	1.463635036e-09
5.918405450e-04	1.482008293e-09
5.923676986e-04	1.500730832e-09
5.927679198e-04	1.519385444e-09
5.933608214e-04	1.538240161e-09
5.939747660e-04	1.557745731e-09
5.945677575e-04	1.576523253e-09
5.949217449e-04	1.596138847e-09
5.955794728e-04	1.616429171e-09
5.959358770e-04	1.636095026e-09
5.958780650e-04	1.657406693e-09
5.961586155e-04	1.678162429e-09
5.967027428e-04	1.698767176e-09
5.976421791e-04	1.720111788e-09
5.977244963e-04	1.741819384e-09
5.985028391e-04	1.763927376e-09
5.989034987e-04	1.784157223e-09
5.994166686e-04	1.808825645e-09
6.003167841e-04	1.829525723e-09
6.007960402e-04	1.852822676e-09
6.011946427e-04	1.875974210e-09
6.017630054e-04	1.898173249e-09
6.026149874e-04	1.923610435e-09
6.037259150e-04	1.947047503e-09
6.041099605e-04	1.971231806e-09
6.048618647e-04	1.995653284e-09
6.057199618e-04	2.020850377e-09
6.058787733e-04	2.046815706e-09
6.064746313e-04	2.071956100e-09
6.068560690e-04	2.098037807e-09
6.072132600e-04	2.124272087e-09
6.079910858e-04	2.150888647e-09
6.085116634e-04	2.178189804e-09
6.087491950e-04	2.204179777e-09
6.094124309e-04	2.232182987e-09
6.097866632e-04	2.259910931e-09
6.105176031e-04	2.287895806e-09
6.106967269e-04	2.317718942e-09
6.116131531e-04	2.345317007e-09
6.117649840e-04	2.375365393e-09
6.115422229e-04	2.405270433e-09
6.121742204e-04	2.435354837e-09
6.125577826e-04	2.466311364e-09
6.129237640e-04	2.495338827e-09
6.137052768e-04	2.528545790e-09
6.145985242e-04	2.559297929e-09
6.150306134e-04	2.591107306e-09
6.155419172e-04	2.623541024e-09
6.161964752e-04	2.655558404e-09
6.168256850e-04	2.690016453e-09
6.168067665e-04	2.722248838e-09
6.172338310e-04	2.757328475e-09
6.178543403e-04	2.792409689e-09
6.181321031e-04	2.825729802e-09
6.187684733e-04	2.861562656e-09
6.189467653e-04	2.896917612e-09
6.196231419e-04	2.933156048e-09
6.200119423e-04	2.971081330e-09
6.203786769e-04	3.006515995e-09
6.209938018e-04	3.046592634e-09
6.213907968e-04	3.082700359e-09
6.211062221e-04	3.122386300e-09
6.215666383e-04	3.161301568e-09
6.222061897e-04	3.200105871e-09
6.224773316e-04	3.241100325e-09
6.228729665e-04	3.280966172e-09
6.233237494e-04	3.321963694e-09
6.237268707e-04	3.362377305e-09
6.240406831e-04	3.405395067e-09
6.245302920e-04	3.448439516e-09
6.250036016e-04	3.491027755e-09
6.252496651e-04	3.535758842e-09
6.256557990e-04	3.578346423e-09
6.261504663e-04	3.623130426e-09
6.266416827e-04	3.669780844e-09
6.269871045e-04	3.714710801e-09
6.272828415e-04	3.762194140e-09
6.276597604e-04	3.807682349e-09
6.280883986e-04	3.855062719e-09
6.285665643e-04	3.905121139e-09
6.291756753e-04	3.953331536e-09
6.294494363e-04	4.002323270e-09
6.297432174e-04	4.053199907e-09
6.306593175e-04	4.102911197e-09
6.308939377e-04	4.154637185e-09
6.313145724e-04	4.205819490e-09
6.317762589e-04	4.259391277e-09
6.323155077e-04	4.312952541e-09
6.326318155e-04	4.365490983e-09
6.329437957e-04	4.421445122e-09
6.328479444e-04	4.476123781e-09
6.338578612e-04	4.531772607e-09
6.341126363e-04	4.589284291e-09
6.341134007e-04	4.646124097e-09
6.345174438e-04	4.704257993e-09
6.353244622e-04	4.764104031e-09
6.356368695e-04	4.822260237e-09
6.359523006e-04	4.883902430e-09
6.359127101e-04	4.943774429e-09
6.363299950e-04	5.005854031e-09
6.367906024e-04	5.068652036e-09
6.374582560e-04	5.130815590e-09
6.378687739e-04	5.196595293e-09
6.382022466e-04	5.261352979e-09
6.381641287e-04	5.325807878e-09
6.386838296e-04	5.393373287e-09
6.393165464e-04	5.460424786e-09
6.396142731e-04	5.528926724e-09
6.397043465e-04	5.597179867e-09
6.402822977e-04	5.668059692e-09
6.408073267e-04	5.739549952e-09
6.408489180e-04	5.810388724e-09
6.412386965e-04	5.883348335e-09
6.417149961e-04	5.957159462e-09
6.420422077e-04	6.030385813e-09
6.422709376e-04	6.107625588e-09
6.429502368e-04	6.183035041e-09
6.430517647e-04	6.260077564e-09
6.433919595e-04	6.338266603e-09
6.438052202e-04	6.416935449e-09
6.443985265e-04	6.499080841e-09
6.448684188e-04	6.579270871e-09
6.451802416e-04	6.661028528e-09
6.454185937e-04	6.745848053e-09
6.455475607e-04	6.828373059e-09
6.461394056e-04	6.914128280e-09
6.464234521e-04	7.000725943e-09
6.468822609e-04	7.087983808e-09
6.476527463e-04	7.177270795e-09
6.477854790e-04	7.267110598e-09
6.481966601e-04	7.359366816e-09
6.483763347e-04	7.450049836e-09
6.488609189e-04	7.543409805e-09
6.491717525e-04	7.638515324e-09
6.495046519e-04	7.733086920e-09
6.499477685e-04	7.829993656e-09
6.505650066e-04	7.928493258e-09
6.508117895e-04	8.027020817e-09
6.513905051e-04	8.127457132e-09
6.515277678e-04	8.229951421e-09
6.519765160e-04	8.331659607e-09
6.526249252e-04	8.436594136e-09
6.527946516e-04	8.541872453e-09
6.531917591e-04	8.647948981e-09
6.534951062e-04	8.757171549e-09
6.539783640e-04	8.866629646e-09
6.544854863e-04	8.977259557e-09
6.546898122e-04	9.089506530e-09
6.552861873e-04	9.202816912e-09
6.555760228e-04	9.318053785e-09
6.561125175e-04	9.434864176e-09
6.566053975e-04	9.552244414e-09
6.570782013e-04	9.671133688e-09
6.573079542e-04	9.789976379e-09
6.579510239e-04	9.907335965e-09
6.582657581e-04	1.002640801e-08
6.587166870e-04	1.014538509e-08
6.591844774e-04	1.026290139e-08
6.594447381e-04	1.038214466e-08
6.600187437e-04	1.050112374e-08
6.603097033e-04	1.061705207e-08
6.606812602e-04	1.073629726e-08
6.609156444e-04	1.085502252e-08
6.615127613e-04	1.097254601e-08
6.618959750e-04	1.109216410e-08
6.622067187e-04	1.120984986e-08
6.625985317e-04	1.132852185e-08
6.630544516e-04	1.144745598e-08
6.633937022e-04	1.156501012e-08
6.639177195e-04	1.168382878e-08
6.643336330e-04	1.180270484e-08
6.645803147e-04	1.192046522e-08
6.651476657e-04	1.204020599e-08
6.654728651e-04	1.215676347e-08
6.657313161e-04	1.227508787e-08
6.662530290e-04	1.239434905e-08
6.665916613e-04	1.251240229e-08
6.669987957e-04	1.263035114e-08
6.672045942e-04	1.274991911e-08
6.676133360e-04	1.286777802e-08
6.680440089e-04	1.298571242e-08
6.682881726e-04	1.310532523e-08
6.687328853e-04	1.322277704e-08
6.692862189e-04	1.334220968e-08
6.697787393e-04	1.346075953e-08
6.699340324e-04	1.357717450e-08
6.702494747e-04	1.369666014e-08
6.708188378e-04	1.381482118e-08
6.711951721e-04	1.393288948e-08
6.714324227e-04	1.405136716e-08
6.716901879e-04	1.417007453e-08
6.721410832e-04	1.428868214e-08
6.725333458e-04	1.440781746e-08
6.729650753e-04	1.452514335e-08
6.733029320e-04	1.464507736e-08
6.738475089e-04	1.476264250e-08
6.740767672e-04	1.488039325e-08
6.743937495e-04	1.500066991e-08
6.748353935e-04	1.511631282e-08
6.751729354e-04	1.523514290e-08
6.755837456e-04	1.535487476e-08
6.759048084e-04	1.547279905e-08
6.761197682e-04	1.559089209e-08
6.766544194e-04	1.571025750e-08
6.769673775e-04	1.582859202e-08
6.773760182e-04	1.594653465e-08
6.775986218e-04	1.606619780e-08
6.779694818e-04	1.618440373e-08
6.783822254e-04	1.630301945e-08
6.786887312e-04	1.642257608e-08
6.790285663e-04	1.653878426e-08
6.793188515e-04	1.665697662e-08
6.796628119e-04	1.677645643e-08
6.800245556e-04	1.689375316e-08
6.802994407e-04	1.701281296e-08
6.807490320e-04	1.713202963e-08
6.808950401e-04	1.724971088e-08
6.811892034e-04	1.736923621e-08
6.815741145e-04	1.748709699e-08
6.819845649e-04	1.760527864e-08
6.821219850e-04	1.772472088e-08
6.824705430e-04	1.784292224e-08
6.828427632e-04	1.796082922e-08
6.830874889e-04	1.807860028e-08
6.833889700e-04	1.819719320e-08
6.836351684e-04	1.831481948e-08
6.839030392e-04	1.843393778e-08
6.842896252e-04	1.855279734e-08
6.844364764e-04	1.867015268e-08
6.846435451e-04	1.878947653e-08
6.850228021e-04	1.890776459e-08
6.852868959e-04	1.902535017e-08
6.855011925e-04	1.914443816e-08
6.858366212e-04	1.926297688e-08
6.859936117e-04	1.938062727e-08
6.863147756e-04	1.949879408e-08
6.866810268e-04	1.961667588e-08
6.868960654e-04	1.973432257e-08
6.871829445e-04	1.985336488e-08
6.875199806e-04	1.997073021e-08
6.877864800e-04	2.009032294e-08
6.882130387e-04	2.020890377e-08
6.883947255e-04	2.032757351e-08
6.886938797e-04	2.044724824e-08
6.891691227e-04	2.056531002e-08
6.892923568e-04	2.068559472e-08
6.896722320e-04	2.080482289e-08
6.899640796e-04	2.092340264e-08
6.903115473e-04	2.104019678e-08
6.905762931e-04	2.116055861e-08
6.910867539e-04	2.127835275e-08
6.914126615e-04	2.139772067e-08
6.916214164e-04	2.151597356e-08
6.919590482e-04	2.163462800e-08
6.923611692e-04	2.175448015e-08
6.926586036e-04	2.187196905e-08
6.930811829e-04	2.199007172e-08
6.932696705e-04	2.211009876e-08
6.936835269e-04	2.222804200e-08
6.939972943e-04	2.234681739e-08
6.942515411e-04	2.246392307e-08
6.946099350e-04	2.258276024e-08
6.950130226e-04	2.270182015e-08
6.953480803e-04	2.281953105e-08
6.959697474e-04	2.293849773e-08
6.961957571e-04	2.305733798e-08
6.965586810e-04	2.317577108e-08
6.969563730e-04	2.329527732e-08
6.973456006e-04	2.341255427e-08
6.977459792e-04	2.353173355e-08
6.981826097e-04	2.365079177e-08