-7.824047251e-04	-4.051790711e-08
-7.751225766e-04	-3.849293266e-08
-7.683133358e-04	-3.656818821e-08
-7.620045008e-04	-3.474138702e-08
-7.561589035e-04	-3.300495506e-08
-7.507010557e-04	-3.135547106e-08
-7.457373919e-04	-2.978796063e-08
-7.411079146e-04	-2.829919213e-08
-7.368127896e-04	-2.688494710e-08
-7.327926621e-04	-2.554041056e-08
-7.291083202e-04	-2.426493944e-08
-7.256689991e-04	-2.305161990e-08
-7.224825731e-04	-2.189892715e-08
-7.194099810e-04	-2.080457426e-08
-7.166999052e-04	-1.976498399e-08
-7.141061926e-04	-1.877720449e-08
-7.116108688e-04	-1.783894074e-08
-7.093339164e-04	-1.694688436e-08
-7.073703437e-04	-1.610068165e-08
-7.053448981e-04	-1.529540832e-08
-7.033795915e-04	-1.453197655e-08
-7.015564626e-04	-1.380474797e-08
-6.998289292e-04	-1.311483966e-08
-6.981649604e-04	-1.245993290e-08
-6.966005578e-04	-1.183793438e-08
-6.950659127e-04	-1.124656658e-08
-6.935563995e-04	-1.068416802e-08
-6.921013738e-04	-1.015039864e-08
-6.907230279e-04	-9.642895083e-09
-6.893945467e-04	-9.161455888e-09
-6.880667906e-04	-8.703143576e-09
-6.866414268e-04	-8.269354700e-09
-6.852369036e-04	-7.855944612e-09
-6.838294944e-04	-7.464154081e-09
-6.825835692e-04	-7.090834985e-09
-6.813646868e-04	-6.736645578e-09
-6.799798493e-04	-6.399789891e-09
-6.786138122e-04	-6.080260246e-09
-6.773678393e-04	-5.776319823e-09
-6.761121485e-04	-5.488838650e-09
-6.746950075e-04	-5.214211845e-09
-6.732894333e-04	-4.954001542e-09
-6.718584041e-04	-4.706799827e-09
-6.703161377e-04	-4.472461808e-09
-6.687601603e-04	-4.249600933e-09
-6.672879922e-04	-4.037095399e-09
-6.656697457e-04	-3.836040935e-09
-6.640962998e-04	-3.643863443e-09
-6.624566281e-04	-3.463148870e-09
-6.606519653e-04	-3.289682912e-09
-6.587579288e-04	-3.126274399e-09
-6.568887122e-04	-2.970189413e-09
-6.549777637e-04	-2.822652891e-09
-6.529489151e-04	-2.680929417e-09
-6.508785256e-04	-2.547909730e-09
-6.485518912e-04	-2.420690156e-09
-6.462752930e-04	-2.300636792e-09
-6.438787036e-04	-2.185068244e-09
-6.413677128e-04	-2.076646033e-09
-6.386445724e-04	-1.973974510e-09
-6.359301998e-04	-1.875658692e-09
-6.330143228e-04	-1.781696011e-09
-6.301581293e-04	-1.693497430e-09
-6.270955866e-04	-1.609595264e-09
-6.237373096e-04	-1.528674544e-09
-6.202609272e-04	-1.453207926e-09
-6.167614673e-04	-1.380925390e-09
-6.130071508e-04	-1.311495805e-09
-6.091322108e-04	-1.246444341e-09
-6.050236793e-04	-1.184278324e-09
-6.008700464e-04	-1.126446231e-09
-5.963898595e-04	-1.070086020e-09
-5.915914763e-04	-1.016606366e-09
-5.869280683e-04	-9.674051535e-10
-5.816936532e-04	-9.182511195e-10
-5.765083749e-04	-8.734144835e-10
-5.709820418e-04	-8.300528885e-10
-5.652469483e-04	-7.895570245e-10
-5.592056722e-04	-7.505131665e-10
-5.529592186e-04	-7.130384551e-10
-5.465689882e-04	-6.783394414e-10
-5.399862769e-04	-6.451035902e-10
-5.332264680e-04	-6.132799968e-10
-5.261319892e-04	-5.829359837e-10
-5.188043290e-04	-5.539402804e-10
-5.113443803e-04	-5.265002260e-10
-5.036968039e-04	-5.004445342e-10
-4.958966238e-04	-4.758885914e-10
-4.878376668e-04	-4.527502321e-10
-4.798948397e-04	-4.310811989e-10
-4.716032886e-04	-4.094007652e-10
-4.629374998e-04	-3.891642374e-10
-4.544267764e-04	-3.704016921e-10
-4.461931722e-04	-3.530746030e-10
-4.374211090e-04	-3.356865357e-10
-4.282505697e-04	-3.183431162e-10
-4.196579254e-04	-3.038889767e-10
-4.105397406e-04	-2.879641840e-10
-4.017058692e-04	-2.749768403e-10
-3.931038613e-04	-2.619839134e-10
-3.840888708e-04	-2.489596950e-10
-3.752749689e-04	-2.373951847e-10
-3.664693291e-04	-2.258085920e-10
-3.572738406e-04	-2.142762129e-10
-3.484974384e-04	-2.041310234e-10
-3.395951409e-04	-1.939845534e-10
-3.312840194e-04	-1.852900899e-10
-3.229324925e-04	-1.766190662e-10
-3.143740937e-04	-1.679760223e-10
-3.063713665e-04	-1.607328331e-10
-2.980236250e-04	-1.520465194e-10
-2.897109888e-04	-1.448362923e-10
-2.821898502e-04	-1.390276936e-10
-2.741515175e-04	-1.317744731e-10
-2.666594422e-04	-1.259785409e-10
-2.592681697e-04	-1.202551387e-10
-2.517689846e-04	-1.144404258e-10
-2.440960853e-04	-1.086467504e-10
-2.370127603e-04	-1.043114663e-10
-2.305212577e-04	-1.000048691e-10
-2.233445995e-04	-9.421263720e-11
-2.160560099e-04	-8.988036800e-11
-2.097658123e-04	-8.698209850e-11
-2.034277341e-04	-8.264037860e-11
-1.968253990e-04	-7.833275990e-11
-1.906879007e-04	-7.544538320e-11
-1.848742979e-04	-7.253817660e-11
-1.794728064e-04	-6.966256130e-11
-1.731874396e-04	-6.533891200e-11
-1.668695275e-04	-6.244692260e-11
-1.618666470e-04	-6.097399080e-11
-1.568486924e-04	-5.806139310e-11
-1.511717424e-04	-5.520082910e-11
-1.464594112e-04	-5.374343170e-11
-1.414496400e-04	-5.084587810e-11
-1.368415288e-04	-4.939949860e-11
-1.319227162e-04	-4.651675340e-11
-1.273808842e-04	-4.504541920e-11
-1.231384425e-04	-4.359743610e-11
-1.181778306e-04	-4.072388990e-11
-1.136210510e-04	-3.927054640e-11
-1.094503122e-04	-3.779161950e-11
-1.054914617e-04	-3.634881220e-11
-1.016416902e-04	-3.491214830e-11
-9.778837219e-05	-3.346334020e-11
-9.386125760e-05	-3.206671430e-11
-9.107945928e-05	-3.203939220e-11
-8.824559590e-05	-3.062034060e-11
-8.503168028e-05	-2.916291400e-11
-8.158019373e-05	-2.772004120e-11
-7.814508518e-05	-2.628931980e-11
-7.537697266e-05	-2.627909790e-11
-7.260885452e-05	-2.481931850e-11
-6.934317734e-05	-2.338244790e-11
-6.582601299e-05	-2.191013440e-11
-6.222664669e-05	-2.046789750e-11
-5.848132285e-05	-1.901539060e-11
-5.513430647e-05	-1.902644630e-11
-5.214144328e-05	-1.757403840e-11
-4.882808217e-05	-1.611856750e-11
-4.526830635e-05	-1.466765970e-11
-4.152490189e-05	-1.324575030e-11
-3.859679475e-05	-1.323380410e-11
-3.544740755e-05	-1.176420870e-11
-3.197017652e-05	-1.032086010e-11
-2.805087155e-05	-8.721244300e-12
-2.410616213e-05	-7.241460500e-12
-2.003167083e-05	-5.826004300e-12
-1.681042333e-05	-5.823584500e-12
-1.330028735e-05	-4.339223000e-12
-9.725339112e-06	-2.912197500e-12
-5.963634460e-06	-1.428467400e-12
-1.932423459e-06	0.000000000e+00
1.316777363e-06	1.170620000e-14
4.699742160e-06	1.457272300e-12
8.210597558e-06	2.897872300e-12
1.201738948e-05	4.381907900e-12
1.604848807e-05	5.804268400e-12
2.026870367e-05	7.263476000e-12
2.341516542e-05	7.255436600e-12
2.659313543e-05	8.710268800e-12
3.029797796e-05	1.015989460e-11
3.420728695e-05	1.158914930e-11
3.819118779e-05	1.305490610e-11
4.139602637e-05	1.304816180e-11
4.452004284e-05	1.443370440e-11
4.796079152e-05	1.588381910e-11
5.175220308e-05	1.732869560e-11
5.556871839e-05	1.878018970e-11
5.959163079e-05	2.021178130e-11
6.364573671e-05	2.169524360e-11
6.777692433e-05	2.316125660e-11
7.181285932e-05	2.460205150e-11
7.575952746e-05	2.601442140e-11
7.966579017e-05	2.750764590e-11
8.461241000e-05	3.039972400e-11
8.944235202e-05	3.183042350e-11
9.406320195e-05	3.327807340e-11
9.914253749e-05	3.616788590e-11
1.040470967e-04	3.757202150e-11
1.093467456e-04	4.049679970e-11
1.151064848e-04	4.340148030e-11
1.204877484e-04	4.488178070e-11
1.261023703e-04	4.775065320e-11
1.320733233e-04	5.064061120e-11
1.380822734e-04	5.355265740e-11
1.443897230e-04	5.646057410e-11
1.513947354e-04	6.071652710e-11
1.582259775e-04	6.361717280e-11
1.655761981e-04	6.798700780e-11
1.724666067e-04	7.088928600e-11
1.795901967e-04	7.522373200e-11
1.870958762e-04	7.956976630e-11
1.949186337e-04	8.382690230e-11
2.022772373e-04	8.820940680e-11
2.094584144e-04	9.256585500e-11
2.174064208e-04	9.832425920e-11
2.258244910e-04	1.041471977e-10
2.335851087e-04	1.084238872e-10
2.420276055e-04	1.156880310e-10
2.504290363e-04	1.214758380e-10
2.585873123e-04	1.272596683e-10
2.671809515e-04	1.345049178e-10
2.758774056e-04	1.417166539e-10
2.846705314e-04	1.489672742e-10
2.939867332e-04	1.576168907e-10
3.025743107e-04	1.648293441e-10
3.113901432e-04	1.735221635e-10
3.208812310e-04	1.836802130e-10
3.300537824e-04	1.923849684e-10
3.391712871e-04	2.024688960e-10
3.488589334e-04	2.140298471e-10
3.580311757e-04	2.241683913e-10
3.675117167e-04	2.357583117e-10
3.772748260e-04	2.487491185e-10
3.869170759e-04	2.617999314e-10
3.961804960e-04	2.747637770e-10
4.058699071e-04	2.892227838e-10
4.150968757e-04	3.036603892e-10
4.244406065e-04	3.195839349e-10
4.335192879e-04	3.355189307e-10
4.426529261e-04	3.528468958e-10
4.520176043e-04	3.716188438e-10
4.610458141e-04	3.904019262e-10
4.697623529e-04	4.106397403e-10
4.780175086e-04	4.308545845e-10
4.862041202e-04	4.526096916e-10
4.944172771e-04	4.757176368e-10
5.023108410e-04	5.002567181e-10
5.102023197e-04	5.262978882e-10
5.174948436e-04	5.523616572e-10
5.249447796e-04	5.812779043e-10
5.317807372e-04	6.102254210e-10
5.384465047e-04	6.405445742e-10
5.451810750e-04	6.738052753e-10
5.511884457e-04	7.070955887e-10
5.573389891e-04	7.431247762e-10
5.630343685e-04	7.807380769e-10
5.688370677e-04	8.212318237e-10
5.740707605e-04	8.616827534e-10
5.791550899e-04	9.050593677e-10
5.842679234e-04	9.513352555e-10
5.889719223e-04	9.990953317e-10
5.935279909e-04	1.049671235e-09
5.978934559e-04	1.103148077e-09
6.020624157e-04	1.158124236e-09
6.058765030e-04	1.215916792e-09
6.098557895e-04	1.278088344e-09
6.135383104e-04	1.341745453e-09
6.170977124e-04	1.409665243e-09
6.204297419e-04	1.480755824e-09
6.236898941e-04	1.555963429e-09
6.267309330e-04	1.633989718e-09
6.296061967e-04	1.715059786e-09
6.325633026e-04	1.801781734e-09
6.352681484e-04	1.892875922e-09
6.377451693e-04	1.986810011e-09
6.403364370e-04	2.086631682e-09
6.427182530e-04	2.192145170e-09
6.450482034e-04	2.301945066e-09
6.472389324e-04	2.417660690e-09
6.494362514e-04	2.538971888e-09
6.515021248e-04	2.666299609e-09
6.534863190e-04	2.799303465e-09
6.553376850e-04	2.939562713e-09
6.572776603e-04	3.087047750e-09
6.590337905e-04	3.241777820e-09
6.607793965e-04	3.405168128e-09
6.623663033e-04	3.575821821e-09
6.638843456e-04	3.755010731e-09
6.654206796e-04	3.942992512e-09
6.668978443e-04	4.141002562e-09
6.684466529e-04	4.347780343e-09
6.698538542e-04	4.566339689e-09
6.712077595e-04	4.794793191e-09
6.724562083e-04	5.034824751e-09
6.738469697e-04	5.286306990e-09
6.751922280e-04	5.552337194e-09
6.764560290e-04	5.829967807e-09
6.776551555e-04	6.121970658e-09
6.789490176e-04	6.428505756e-09
6.802573101e-04	6.749393547e-09
6.815393186e-04	7.087749794e-09
6.827724404e-04	7.442202865e-09
6.840402376e-04	7.815245956e-09
6.852348424e-04	8.206988856e-09
6.865498346e-04	8.617680399e-09
6.878469059e-04	9.048555865e-09
6.891857540e-04	9.501151134e-09
6.903983949e-04	9.976769304e-09
6.917017976e-04	1.047570487e-08
6.930840413e-04	1.100075025e-08
6.945722670e-04	1.155150533e-08
6.960711772e-04	1.212869314e-08
6.975851109e-04	1.273592661e-08
6.991095633e-04	1.337380991e-08
7.007210484e-04	1.404321408e-08
7.024831588e-04	1.474576019e-08
7.042839773e-04	1.548320559e-08
7.062777010e-04	1.625668145e-08
7.083354107e-04	1.707089873e-08
7.104587420e-04	1.792397714e-08
7.127296299e-04	1.882188103e-08
7.152954988e-04	1.976338900e-08
7.179561595e-04	2.075078992e-08
7.208033434e-04	2.178889895e-08
7.237820655e-04	2.287929632e-08
7.271185632e-04	2.402310843e-08
7.306515857e-04	2.522482505e-08
7.342966940e-04	2.648689848e-08
7.382617326e-04	2.781131373e-08
7.426139221e-04	2.920232869e-08
7.471582720e-04	3.066234286e-08
7.521674559e-04	3.219652970e-08
7.574583735e-04	3.380711335e-08
7.630970847e-04	3.549721347e-08
7.692623199e-04	3.727279510e-08
7.757827144e-04	3.913579449e-08
7.829626831e-04	4.109306745e-08