-6.75729936E-4	-4.185802061E-9
-6.749503174E-4	-4.10063272E-9
-6.739910465E-4	-4.015236688E-9
-6.731621927E-4	-3.929973159E-9
-6.721335992E-4	-3.844644406E-9
-6.710080304E-4	-3.759328757E-9
-6.69993769E-4	-3.674808701E-9
-6.689580993E-4	-3.592349033E-9
-6.678016742E-4	-3.51160969E-9
-6.667238175E-4	-3.432641681E-9
-6.655529253E-4	-3.355544473E-9
-6.644569594E-4	-3.280202653E-9
-6.632197066E-4	-3.206562429E-9
-6.620253828E-4	-3.134488709E-9
-6.606735627E-4	-3.06382814E-9
-6.595071388E-4	-2.994960558E-9
-6.581988996E-4	-2.927900119E-9
-6.570728137E-4	-2.86211559E-9
-6.556714943E-4	-2.797863303E-9
-6.542988447E-4	-2.735075464E-9
-6.530804597E-4	-2.673541217E-9
-6.515384828E-4	-2.613495034E-9
-6.50108943E-4	-2.554753651E-9
-6.487774183E-4	-2.497464967E-9
-6.471557771E-4	-2.441357786E-9
-6.456541606E-4	-2.386520547E-9
-6.441478904E-4	-2.33293242E-9
-6.425359388E-4	-2.280553816E-9
-6.40894418E-4	-2.229344565E-9
-6.392791223E-4	-2.179305694E-9
-6.377315642E-4	-2.130275202E-9
-6.3614219E-4	-2.082550322E-9
-6.342513066E-4	-2.03580594E-9
-6.323899024E-4	-1.990077702E-9
-6.306126871E-4	-1.94537596E-9
-6.28783134E-4	-1.901641093E-9
-6.268250918E-4	-1.858946904E-9
-6.248641325E-4	-1.817279189E-9
-6.229814156E-4	-1.776478517E-9
-6.209876948E-4	-1.736542638E-9
-6.189431875E-4	-1.697629428E-9
-6.167966409E-4	-1.659485424E-9
-6.145675017E-4	-1.622192544E-9
-6.124551612E-4	-1.585911749E-9
-6.101929401E-4	-1.5503468E-9
-6.079176738E-4	-1.515490452E-9
-6.055211014E-4	-1.481647959E-9
-6.032023497E-4	-1.448378759E-9
-6.00686011E-4	-1.415824892E-9
-5.981893327E-4	-1.384167473E-9
-5.956544465E-4	-1.35306561E-9
-5.932070932E-4	-1.322792671E-9
-5.906084486E-4	-1.293127201E-9
-5.879141664E-4	-1.264030165E-9
-5.852113523E-4	-1.23566903E-9
-5.823650143E-4	-1.20802928E-9
-5.796681523E-4	-1.180949491E-9
-5.768267996E-4	-1.154472003E-9
-5.738414173E-4	-1.12856097E-9
-5.709139312E-4	-1.103260208E-9
-5.678759357E-4	-1.07851312E-9
-5.64908713E-4	-1.054347842E-9
-5.617485514E-4	-1.030748276E-9
-5.585374798E-4	-1.00761025E-9
-5.551801752E-4	-9.85059506E-10
-5.519232237E-4	-9.63092423E-10
-5.487395742E-4	-9.415365335E-10
-5.4541271E-4	-9.20424089E-10
-5.418381018E-4	-8.998881489E-10
-5.382106332E-4	-8.797755875E-10
-5.34680258E-4	-8.59965124E-10
-5.312247247E-4	-8.407238625E-10
-5.274978922E-4	-8.21915046E-10
-5.237788271E-4	-8.035478384E-10
-5.201179843E-4	-7.855711513E-10
-5.162623029E-4	-7.680611155E-10
-5.123486745E-4	-7.508345926E-10
-5.085080334E-4	-7.340286654E-10
-5.047397107E-4	-7.175427625E-10
-5.006084247E-4	-7.014780721E-10
-4.965111537E-4	-6.858496471E-10
-4.925816308E-4	-6.705205767E-10
-4.884987594E-4	-6.556110104E-10
-4.84260134E-4	-6.40853204E-10
-4.802586917E-4	-6.265259622E-10
-4.761526247E-4	-6.126453256E-10
-4.719635155E-4	-5.989115012E-10
-4.67797068E-4	-5.856209991E-10
-4.637920174E-4	-5.724563961E-10
-4.595180955E-4	-5.597451088E-10
-4.552574829E-4	-5.473096787E-10
-4.50837671E-4	-5.350108635E-10
-4.466049246E-4	-5.231682589E-10
-4.424985091E-4	-5.114486455E-10
-4.382288757E-4	-5.000234687E-10
-4.338254361E-4	-4.888820361E-10
-4.295300217E-4	-4.780341873E-10
-4.252516091E-4	-4.673173127E-10
-4.207418137E-4	-4.568628491E-10
-4.164851129E-4	-4.467153892E-10
-4.120719725E-4	-4.36723384E-10
-4.07789204E-4	-4.270240639E-10
-4.034606233E-4	-4.174659162E-10
-3.991297662E-4	-4.082063112E-10
-3.948939117E-4	-3.991005235E-10
-3.905509314E-4	-3.902820871E-10
-3.862993284E-4	-3.816140785E-10
-3.818655721E-4	-3.730859859E-10
-3.776809424E-4	-3.648573365E-10
-3.73594502E-4	-3.567672605E-10
-3.693369694E-4	-3.48809848E-10
-3.652861121E-4	-3.411468597E-10
-3.609300305E-4	-3.33485862E-10
-3.566784893E-4	-3.261233527E-10
-3.524254081E-4	-3.188867468E-10
-3.48484144E-4	-3.11794047E-10
-3.44338509E-4	-3.049816632E-10
-3.402984317E-4	-2.981735317E-10
-3.363100851E-4	-2.915032929E-10
-3.322005278E-4	-2.851334551E-10
-3.282881866E-4	-2.787539262E-10
-3.241416804E-4	-2.725360055E-10
-3.203113585E-4	-2.665788628E-10
-3.164673507E-4	-2.60647335E-10
-3.123671234E-4	-2.548741144E-10
-3.085182146E-4	-2.492394155E-10
-3.046119097E-4	-2.437535677E-10
-3.009700359E-4	-2.384021491E-10
-2.971771855E-4	-2.332099565E-10
-2.931140419E-4	-2.28001363E-10
-2.892356314E-4	-2.229537131E-10
-2.858103305E-4	-2.180385214E-10
-2.820998535E-4	-2.132574574E-10
-2.784268312E-4	-2.086472258E-10
-2.747413146E-4	-2.040186027E-10
-2.710526786E-4	-1.995390684E-10
-2.674990066E-4	-1.951932024E-10
-2.639797037E-4	-1.908483663E-10
-2.603212552E-4	-1.866429462E-10
-2.568308413E-4	-1.825910502E-10
-2.532452395E-4	-1.785207805E-10
-2.498359232E-4	-1.746107911E-10
-2.465201763E-4	-1.708438853E-10
-2.430357707E-4	-1.670796657E-10
-2.398042799E-4	-1.63457578E-10
-2.365907016E-4	-1.598373191E-10
-2.329873279E-4	-1.563639494E-10
-2.297292411E-4	-1.52898958E-10
-2.265636052E-4	-1.495662036E-10
-2.23159263E-4	-1.462313671E-10
-2.198449661E-4	-1.430565937E-10
-2.169201104E-4	-1.400341367E-10
-2.139677819E-4	-1.369983389E-10
-2.106472069E-4	-1.339649329E-10
-2.075457397E-4	-1.31075076E-10
-2.044107072E-4	-1.281826755E-10
-2.015100306E-4	-1.254409002E-10
-1.98559186E-4	-1.22703011E-10
-1.956147767E-4	-1.200841426E-10
-1.92538135E-4	-1.174738169E-10
-1.896779314E-4	-1.149999444E-10
-1.866011492E-4	-1.123857546E-10
-1.840638912E-4	-1.100597578E-10
-1.812148216E-4	-1.076022145E-10
-1.785048302E-4	-1.052846223E-10
-1.757349866E-4	-1.031083746E-10
-1.730228594E-4	-1.007934812E-10
-1.702805167E-4	-9.8612795E-11
-1.676079912E-4	-9.65860095E-11
-1.649184695E-4	-9.44229513E-11
-1.621239296E-4	-9.22915899E-11
-1.591747261E-4	-9.01290009E-11
-1.565469676E-4	-8.81071337E-11
-1.536314868E-4	-8.59446727E-11
-1.509164201E-4	-8.37741675E-11
-1.480013102E-4	-8.16096993E-11
-1.450841321E-4	-7.95888492E-11
-1.422236137E-4	-7.74186447E-11
-1.39040841E-4	-7.52496407E-11
-1.359527055E-4	-7.30667359E-11
-1.331829293E-4	-7.10288983E-11
-1.29845212E-4	-6.88479109E-11
-1.267350724E-4	-6.66731228E-11
-1.236371405E-4	-6.44978525E-11
-1.205631011E-4	-6.24695792E-11
-1.172057627E-4	-6.029037119E-11
-1.13768125E-4	-5.811184562E-11
-1.104735952E-4	-5.594159886E-11
-1.071332643E-4	-5.392653518E-11
-1.037385444E-4	-5.176784256E-11
-1.004645349E-4	-4.959894854E-11
-9.68896625E-5	-4.744272478E-11
-9.35144455E-5	-4.542635551E-11
-8.985943672E-5	-4.326513204E-11
-8.62738293E-5	-4.110918447E-11
-8.254112337E-5	-3.894998603E-11
-7.899279642E-5	-3.692340431E-11
-7.556754052E-5	-3.475529114E-11
-7.148613044E-5	-3.257086539E-11
-6.754573191E-5	-3.039139803E-11
-6.391478991E-5	-2.83537645E-11
-6.012461485E-5	-2.617230267E-11
-5.597099319E-5	-2.399598752E-11
-5.21374451E-5	-2.182380886E-11
-4.84232136E-5	-1.979016166E-11
-4.430563591E-5	-1.761563231E-11
-4.07442414E-5	-1.54384292E-11
-3.642512549E-5	-1.32731062E-11
-3.238489648E-5	-1.125634811E-11
-2.822454713E-5	-9.09918983E-12
-2.421268454E-5	-6.92649459E-12
-2.007350183E-5	-4.78001006E-12
-1.597193118E-5	-2.73027146E-12
-1.180326357E-5	-5.6802675E-13
-7.50529181E-6	1.60254975E-12
-3.225299884E-6	3.76560966E-12
3.86583159E-7	5.78130169E-12
4.54492038E-6	7.94809792E-12
8.980306597E-6	1.015198496E-11
1.316875258E-5	1.233952275E-11
1.71392655E-5	1.436952997E-11
2.128465882E-5	1.653984949E-11
2.563777846E-5	1.871870887E-11
2.958894016E-5	2.075773705E-11
3.377408694E-5	2.292718753E-11
3.769025008E-5	2.509367293E-11
4.181725327E-5	2.725407481E-11
4.570249267E-5	2.928029332E-11
4.962815999E-5	3.143508664E-11
5.396648661E-5	3.359139131E-11
5.773629876E-5	3.574903708E-11
6.127251927E-5	3.777317351E-11
6.549972952E-5	3.993462748E-11
6.923128325E-5	4.209691033E-11
7.322417119E-5	4.425492047E-11
7.662578184E-5	4.627651092E-11
8.040293993E-5	4.845193579E-11
8.421007189E-5	5.063201259E-11
8.794850506E-5	5.281446685E-11
9.148378695E-5	5.48583498E-11
9.485073064E-5	5.703918794E-11
9.857649531E-5	5.921248563E-11
1.018862396E-4	6.138871871E-11
1.052890812E-4	6.342105305E-11
1.087141909E-4	6.559471308E-11
1.121042909E-4	6.776556926E-11
1.155726388E-4	6.991417428E-11
1.187118249E-4	7.192835379E-11
1.220268581E-4	7.408511742E-11
1.252882384E-4	7.624882169E-11
1.287056369E-4	7.841124074E-11
1.314356596E-4	8.04305355E-11
1.347653229E-4	8.259479622E-11
1.378780141E-4	8.475873623E-11
1.410794411E-4	8.692297541E-11
1.439746545E-4	8.895334002E-11
1.469271573E-4	9.113388917E-11
1.496366484E-4	9.331194064E-11
1.526824451E-4	9.54990835E-11
1.557215084E-4	9.783341991E-11
1.586732299E-4	1.001103631E-10
1.616532335E-4	1.024236265E-10
1.649568459E-4	1.048774003E-10
1.680353367E-4	1.07331022E-10
1.711918057E-4	1.097828101E-10
1.744487852E-4	1.123822158E-10
1.776450301E-4	1.14991671E-10
1.808015215E-4	1.177522298E-10
1.839968897E-4	1.2050691E-10
1.872360524E-4	1.232719112E-10
1.906880167E-4	1.261768754E-10
1.940271784E-4	1.290712506E-10
1.973381031E-4	1.321093985E-10
2.00695863E-4	1.351509504E-10
2.04337304E-4	1.383416466E-10
2.078506661E-4	1.415305341E-10
2.112766639E-4	1.448886957E-10
2.147075571E-4	1.482116888E-10
2.182666416E-4	1.51689018E-10
2.219323854E-4	1.552996785E-10
2.253207543E-4	1.587586577E-10
2.290952258E-4	1.625199308E-10
2.330288292E-4	1.662716126E-10
2.364781912E-4	1.700178033E-10
2.400983588E-4	1.74054481E-10
2.438105557E-4	1.779539468E-10
2.478574113E-4	1.821445669E-10
2.515437822E-4	1.863391541E-10
2.552732057E-4	1.905268333E-10
2.590066086E-4	1.950039954E-10
2.628892851E-4	1.9950191E-10
2.669952397E-4	2.041420724E-10
2.706709261E-4	2.087814146E-10
2.745178621E-4	2.135698851E-10
2.785344571E-4	2.184851692E-10
2.826429353E-4	2.235536773E-10
2.865424057E-4	2.286174867E-10
2.904539994E-4	2.33976567E-10
2.945400745E-4	2.39338102E-10
2.986670552E-4	2.448424734E-10
3.027148212E-4	2.503217037E-10
3.066052258E-4	2.560998542E-10
3.106407786E-4	2.620318878E-10
3.150436168E-4	2.679597118E-10
3.19128624E-4	2.740252419E-10
3.23515871E-4	2.803738381E-10
3.274052527E-4	2.867384043E-10
3.314239104E-4	2.932460424E-10
3.360048439E-4	3.000464454E-10
3.400483552E-4	3.068255495E-10
3.443436685E-4	3.139100945E-10
3.485488691E-4	3.210134009E-10
3.52933452E-4	3.283904862E-10
3.572417935E-4	3.359321489E-10
3.615836554E-4	3.436131104E-10
3.660426925E-4	3.514349827E-10
3.703791924E-4	3.593871259E-10
3.748447886E-4	3.676313126E-10
3.792241614E-4	3.760192489E-10
3.833202914E-4	3.845593701E-10
3.87760129E-4	3.932523056E-10
3.92231385E-4	4.022191791E-10
3.965191444E-4	4.113207011E-10
4.009099323E-4	4.207142642E-10
4.053182785E-4	4.302501279E-10
4.09722578E-4	4.400953604E-10
4.142002525E-4	4.50069898E-10
4.186634038E-4	4.603484047E-10
4.229519725E-4	4.707470252E-10
4.274193616E-4	4.814486603E-10
4.318332496E-4	4.924330082E-10
4.36261672E-4	5.035772318E-10
4.406499195E-4	5.150015352E-10
4.449299789E-4	5.267575019E-10
4.492094369E-4	5.386309407E-10
4.536334642E-4	5.509224188E-10
4.577769634E-4	5.633698274E-10
4.62007293E-4	5.762566665E-10
4.664859005E-4	5.892672605E-10
4.708038586E-4	6.025841058E-10
4.750810178E-4	6.163228483E-10
4.79123214E-4	6.302024221E-10
4.830246796E-4	6.445134551E-10
4.873878711E-4	6.591077671E-10
4.91412717E-4	6.739803517E-10
4.954718363E-4	6.893151908E-10
4.993548781E-4	7.048961597E-10
5.033102552E-4	7.208492331E-10
5.074630731E-4	7.372168316E-10
5.113813832E-4	7.538486993E-10
5.150727507E-4	7.709137118E-10
5.186592125E-4	7.884093613E-10
5.225910454E-4	8.062094926E-10
5.262629549E-4	8.244304821E-10
5.299980214E-4	8.431084104E-10
5.334778519E-4	8.622129536E-10
5.370328391E-4	8.817576951E-10
5.40615434E-4	9.017344491E-10
5.440826016E-4	9.221345673E-10
5.474801149E-4	9.429669876E-10
5.509395544E-4	9.642295709E-10
5.541856078E-4	9.860651182E-10
5.574654794E-4	1.008345957E-9
5.607401465E-4	1.031192084E-9
5.637816997E-4	1.054499898E-9
5.669868418E-4	1.078207227E-9
5.699764451E-4	1.102645434E-9
5.728573433E-4	1.127516191E-9
5.757140735E-4	1.152964748E-9
5.787311721E-4	1.17900713E-9
5.816160776E-4	1.205651659E-9
5.844218865E-4	1.232986353E-9
5.870774551E-4	1.260745044E-9
5.897324953E-4	1.289171814E-9
5.924760127E-4	1.318235377E-9
5.950449757E-4	1.348068159E-9
5.974630014E-4	1.378531798E-9
5.998690331E-4	1.409635771E-9
6.023608947E-4	1.44146359E-9
6.048147003E-4	1.474028289E-9
6.07213594E-4	1.507311402E-9
6.093803967E-4	1.541308701E-9
6.117073655E-4	1.576181125E-9
6.138568178E-4	1.611769624E-9
6.158866389E-4	1.648103106E-9
6.181100789E-4	1.685273155E-9
6.200756469E-4	1.723302044E-9
6.2201712E-4	1.762097728E-9
6.238343418E-4	1.801962656E-9
6.258155459E-4	1.842453669E-9
6.277836993E-4	1.884106762E-9
6.297781228E-4	1.926657524E-9
6.315439904E-4	1.97005858E-9
6.331984832E-4	2.014459338E-9
6.350812957E-4	2.059877906E-9
6.367025547E-4	2.106302704E-9
6.384796184E-4	2.153780463E-9
6.400245798E-4	2.202406136E-9
6.417564494E-4	2.252079103E-9
6.433600939E-4	2.302828487E-9
6.449232712E-4	2.354721855E-9
6.464576099E-4	2.407806793E-9
6.479313714E-4	2.462205594E-9
6.493276887E-4	2.517668227E-9
6.507636527E-4	2.574386916E-9
6.521782926E-4	2.632550336E-9
6.534641511E-4	2.691807544E-9
6.549731922E-4	2.752371618E-9
6.562458146E-4	2.814463959E-9
6.574102769E-4	2.877863597E-9
6.586664875E-4	2.942821685E-9
6.598821522E-4	3.009071216E-9
6.610891782E-4	3.076876667E-9
6.62288656E-4	3.1461644E-9
6.635024603E-4	3.21702218E-9
6.645095612E-4	3.289515114E-9
6.656476243E-4	3.363735138E-9
6.66704247E-4	3.439428223E-9
6.678847445E-4	3.516940031E-9
6.689414683E-4	3.596197052E-9
6.701088308E-4	3.677163633E-9
6.710341991E-4	3.759895044E-9
6.721487575E-4	3.844518098E-9
6.731810324E-4	3.929996508E-9
6.740425748E-4	4.01538338E-9
6.750185664E-4	4.100523292E-9
6.75729936E-4	4.185802061E-9