-6.927041232E-4	-2.31327090928E-8
-6.912456831E-4	-2.26614702128E-8
-6.899187615E-4	-2.21912831828E-8
-6.886398162E-4	-2.17189482328E-8
-6.872875689E-4	-2.12493432228E-8
-6.86059927E-4	-2.07783621828E-8
-6.848390184E-4	-2.03068908928E-8
-6.834708203E-4	-1.98383227328E-8
-6.821353107E-4	-1.93660704828E-8
-6.805584813E-4	-1.88942830028E-8
-6.791255356E-4	-1.84254418328E-8
-6.776369361E-4	-1.79525830228E-8
-6.760908281E-4	-1.74818925328E-8
-6.744038603E-4	-1.70093877028E-8
-6.728858097E-4	-1.65402046628E-8
-6.712661187E-4	-1.60675303628E-8
-6.696625585E-4	-1.55962188428E-8
-6.680037941E-4	-1.51258278428E-8
-6.661969983E-4	-1.46540656228E-8
-6.645483395E-4	-1.41823905728E-8
-6.627225578E-4	-1.37117338328E-8
-6.608080741E-4	-1.32401965128E-8
-6.590323144E-4	-1.27669414328E-8
-6.571431565E-4	-1.22969011128E-8
-6.552538299E-4	-1.18254894728E-8
-6.534073649E-4	-1.13529397128E-8
-6.513203895E-4	-1.08828103228E-8
-6.493274555E-4	-1.04105227228E-8
-6.472484724E-4	-9.9376650428E-9
-6.449807769E-4	-9.4683074428E-9
-6.427396324E-4	-8.9939746048E-9
-6.404045927E-4	-8.5475095808E-9
-6.380381234E-4	-8.1210003538E-9
-6.357793644E-4	-7.7156311168E-9
-6.334568133E-4	-7.3320624508E-9
-6.311548893E-4	-6.9660311418E-9
-6.286006407E-4	-6.6195483358E-9
-6.264368112E-4	-6.2909740848E-9
-6.239735689E-4	-5.9761648938E-9
-6.215229052E-4	-5.6791028208E-9
-6.191447341E-4	-5.3978910118E-9
-6.161204807E-4	-5.1277327738E-9
-6.1349302E-4	-4.8724072248E-9
-6.109966845E-4	-4.6313904128E-9
-6.081236325E-4	-4.3997293068E-9
-6.052508053E-4	-4.1817649718E-9
-6.022627813E-4	-3.9733234028E-9
-5.991710038E-4	-3.7764951938E-9
-5.958383786E-4	-3.5902296138E-9
-5.926261435E-4	-3.4101988208E-9
-5.890896644E-4	-3.2414728498E-9
-5.85552792E-4	-3.0813301878E-9
-5.817425968E-4	-2.9270604738E-9
-5.778726226E-4	-2.7829101308E-9
-5.738289426E-4	-2.6455403308E-9
-5.698025287E-4	-2.5136255578E-9
-5.653166539E-4	-2.3894337178E-9
-5.608611296E-4	-2.2724018198E-9
-5.561587438E-4	-2.1588583778E-9
-5.512782121E-4	-2.0519383298E-9
-5.461972774E-4	-1.9513334008E-9
-5.412551231E-4	-1.8548099528E-9
-5.356015879E-4	-1.7624410808E-9
-5.301787275E-4	-1.6767383808E-9
-5.242812984E-4	-1.5923615918E-9
-5.183401197E-4	-1.5150790288E-9
-5.120252708E-4	-1.4392696338E-9
-5.056222932E-4	-1.3695761628E-9
-4.992475865E-4	-1.3035367738E-9
-4.91812986E-4	-1.2373799938E-9
-4.849649584E-4	-1.1773445898E-9
-4.778121787E-4	-1.1204297018E-9
-4.702938784E-4	-1.0643335318E-9
-4.634317547E-4	-1.0133298118E-9
-4.557133663E-4	-9.637904248E-10
-4.474713314E-4	-9.156440618E-10
-4.394610167E-4	-8.722491998E-10
-4.314574801E-4	-8.296236496E-10
-4.219671539E-4	-7.884781191E-10
-4.143888609E-4	-7.509145475E-10
-4.058862619E-4	-7.147165954E-10
-3.969908943E-4	-6.794079719E-10
-3.88213309E-4	-6.477056319E-10
-3.792163799E-4	-6.162849502E-10
-3.703470575E-4	-5.862840031E-10
-3.617149745E-4	-5.59736645E-10
-3.522258848E-4	-5.313415847E-10
-3.434561456E-4	-5.064330585E-10
-3.336446554E-4	-4.823002174E-10
-3.240910879E-4	-4.595969363E-10
-3.165413018E-4	-4.385344196E-10
-3.073028056E-4	-4.155119774E-10
-2.99007028E-4	-3.978320196E-10
-2.895380258E-4	-3.792679835E-10
-2.805896798E-4	-3.604633544E-10
-2.722686889E-4	-3.447619774E-10
-2.648829638E-4	-3.288993551E-10
-2.557837087E-4	-3.114652058E-10
-2.479620051E-4	-2.984552136E-10
-2.409975892E-4	-2.860864421E-10
-2.322972402E-4	-2.709119847E-10
-2.244719732E-4	-2.595078327E-10
-2.17554533E-4	-2.474728265E-10
-2.090978643E-4	-2.346597138E-10
-2.021434191E-4	-2.254001899E-10
-1.926851745E-4	-2.107147826E-10
-1.841971212E-4	-1.999123171E-10
-1.774605247E-4	-1.895300136E-10
-1.678550354E-4	-1.762528741E-10
-1.5859082E-4	-1.652647921E-10
-1.486694163E-4	-1.517616869E-10
-1.395368319E-4	-1.409768174E-10
-1.308146867E-4	-1.302593342E-10
-1.197188556E-4	-1.17320861E-10
-1.100258895E-4	-1.064968647E-10
-9.85061076E-5	-9.40951597E-11
-8.655260654E-5	-8.0936041E-11
-7.575824526E-5	-7.04254083E-11
-6.470968213E-5	-5.83447852E-11
-5.20666976E-5	-4.6389284E-11
-3.913864369E-5	-3.42659252999999E-11
-2.653564308E-5	-2.19230269E-11
-1.368647785E-5	-1.06740083E-11
-1.768183312E-6	0
1.187525311E-5	1.31827799E-11
2.340691668E-5	2.32259283E-11
3.748567968E-5	3.722431745E-11
4.956865349E-5	4.819643912E-11
6.086191991E-5	5.99109106E-11
7.32105051E-5	7.162372899E-11
8.339532824E-5	8.27639236E-11
9.623943506E-5	9.55802784E-11
1.066776507E-4	1.074996679E-10
1.17532814E-4	1.199365183E-10
1.262609843E-4	1.294891905E-10
1.37383996E-4	1.431141638E-10
1.469022896E-4	1.542381128E-10
1.567392741E-4	1.671577211E-10
1.651340167E-4	1.779576895E-10
1.738624905E-4	1.900885977E-10
1.823078171E-4	2.010418021E-10
1.914219439E-4	2.134882567E-10
1.99843215E-4	2.27095081E-10
2.070210395E-4	2.367556284E-10
2.155334181E-4	2.507890234E-10
2.238188091E-4	2.643694392E-10
2.326575449E-4	2.795392342E-10
2.415114897E-4	2.93024202E-10
2.511852338E-4	3.113831512E-10
2.600343113E-4	3.267656465E-10
2.682966697E-4	3.431966202E-10
2.784252883E-4	3.635786845E-10
2.869341935E-4	3.808261229E-10
2.967148498E-4	4.024041914E-10
3.060504562E-4	4.228593288E-10
3.158483449E-4	4.470386018E-10
3.252662909E-4	4.686483523E-10
3.348230959E-4	4.94395008E-10
3.441486754E-4	5.197783584E-10
3.540496544E-4	5.476179311E-10
3.636829537E-4	5.764876294E-10
3.728344228E-4	6.059126698E-10
3.820834292E-4	6.377489734E-10
3.911903731E-4	6.694658651E-10
4.00284952E-4	7.05189284E-10
4.094867916E-4	7.418019091E-10
4.182543163E-4	7.803064214E-10
4.271347559E-4	8.197278291E-10
4.349956004E-4	8.61748247E-10
4.429391554E-4	9.060774602E-10
4.516886047E-4	9.527459402E-10
4.595133322E-4	1.0022319742E-9
4.676655072E-4	1.0531517022E-9
4.74930134E-4	1.1064429132E-9
4.8219412E-4	1.1636176722E-9
4.890543215E-4	1.2221881032E-9
4.957948747E-4	1.2849585002E-9
5.025813808E-4	1.3515615662E-9
5.083356344E-4	1.4194266082E-9
5.147248981E-4	1.4928968582E-9
5.207108943E-4	1.5668933282E-9
5.272733017E-4	1.6473338412E-9
5.328191039E-4	1.7298610542E-9
5.384657372E-4	1.8187951842E-9
5.434281139E-4	1.9102925732E-9
5.479083232E-4	2.0074035352E-9
5.532842417E-4	2.1085013842E-9
5.579212167E-4	2.2148051652E-9
5.622969081E-4	2.3279463032E-9
5.669182021E-4	2.4434716972E-9
5.709816323E-4	2.5693173692E-9
5.749512122E-4	2.6972353822E-9
5.787621717E-4	2.8342509922E-9
5.82392872E-4	2.9762343732E-9
5.86257327E-4	3.1275341282E-9
5.895572187E-4	3.2830663362E-9
5.927006145E-4	3.4509134152E-9
5.961365211E-4	3.6219530772E-9
5.99316877E-4	3.8073088862E-9
6.022082067E-4	3.9972548012E-9
6.052870123E-4	4.1993295462E-9
6.076464898E-4	4.4092981782E-9
6.106902012E-4	4.6320768252E-9
6.131591988E-4	4.8650532602E-9
6.158949993E-4	5.1090345532E-9
6.184048577E-4	5.3671849502E-9
6.208519243E-4	5.6345470822E-9
6.233042179E-4	5.9197987132E-9
6.255977562E-4	6.2148530502E-9
6.278313355E-4	6.5287941522E-9
6.300469182E-4	6.8573326872E-9
6.320992266E-4	7.1987272982E-9
6.344452825E-4	7.5612691802E-9
6.366408113E-4	7.9403616112E-9
6.386265286E-4	8.3395516082E-9
6.411020685E-4	8.7575580612E-9
6.432027128E-4	9.1976496192E-9
6.450645217E-4	9.6590807242E-9
6.474004157E-4	1.01320164922E-8
6.494429783E-4	1.06053569972E-8
6.515305945E-4	1.10802360472E-8
6.535414689E-4	1.15516615272E-8
6.554393723E-4	1.20270422572E-8
6.572288684E-4	1.24994859372E-8
6.590313702E-4	1.29740102172E-8
6.60842505E-4	1.34450316072E-8
6.627023467E-4	1.39222436872E-8
6.644669217E-4	1.43943647472E-8
6.661757193E-4	1.48681297672E-8
6.679856738E-4	1.53426420872E-8
6.696338042E-4	1.58159700872E-8
6.711749999E-4	1.62899712972E-8
6.728444431E-4	1.67629379772E-8
6.742742077E-4	1.72383329572E-8
6.760599943E-4	1.77102236772E-8
6.775799447E-4	1.81844313272E-8
6.789660496E-4	1.86592948872E-8
6.806071545E-4	1.91297391272E-8
6.818315365E-4	1.96051798572E-8
6.833132453E-4	2.00772080072E-8
6.846221252E-4	2.05513975072E-8
6.859130084E-4	2.10283228572E-8
6.872474501E-4	2.15033325472E-8
6.884310388E-4	2.19782824972E-8
6.897733154E-4	2.24504591872E-8
6.912036196E-4	2.29270835772E-8
6.927041232E-4	2.33983404472E-8