-7.304767888E-4	-2.356636165755E-8
-7.298764904E-4	-2.346077034755E-8
-7.293869578E-4	-2.335670028755E-8
-7.290363617E-4	-2.324924300755E-8
-7.285437008E-4	-2.314386475755E-8
-7.279485002E-4	-2.303899440755E-8
-7.273580276E-4	-2.293359618755E-8
-7.268476225E-4	-2.282860558755E-8
-7.261971023E-4	-2.272461211755E-8
-7.256904555E-4	-2.261983270755E-8
-7.251117636E-4	-2.251482450755E-8
-7.245741919E-4	-2.240945240755E-8
-7.240784127E-4	-2.230446655755E-8
-7.234874415E-4	-2.220090069755E-8
-7.22941787E-4	-2.209539434755E-8
-7.22337291E-4	-2.198996464755E-8
-7.218241833E-4	-2.188457716755E-8
-7.211961021E-4	-2.177963682755E-8
-7.208067485E-4	-2.167425901755E-8
-7.203012379E-4	-2.157047598755E-8
-7.19707022E-4	-2.146506568755E-8
-7.190596192E-4	-2.135972376755E-8
-7.184542968E-4	-2.125393497755E-8
-7.180281049E-4	-2.114743593755E-8
-7.173537619E-4	-2.104390230755E-8
-7.168984118E-4	-2.093778089755E-8
-7.162618567E-4	-2.083243907755E-8
-7.157243071E-4	-2.072774942755E-8
-7.151539387E-4	-2.062274047755E-8
-7.146575172E-4	-2.051734235755E-8
-7.141176806E-4	-2.041352413755E-8
-7.135699967E-4	-2.030862912755E-8
-7.131790096E-4	-2.020169573755E-8
-7.126391362E-4	-2.009602699755E-8
-7.121209671E-4	-1.999069629755E-8
-7.117021229E-4	-1.988661942755E-8
-7.111027737E-4	-1.978154837755E-8
-7.106500675E-4	-1.967593333755E-8
-7.100492949E-4	-1.957045471755E-8
-7.095400384E-4	-1.946508495755E-8
-7.090788109E-4	-1.935948651755E-8
-7.084532653E-4	-1.925563630755E-8
-7.078741374E-4	-1.915006160755E-8
-7.075257832E-4	-1.904508294755E-8
-7.070282494E-4	-1.893987738755E-8
-7.067101313E-4	-1.883466063755E-8
-7.060711576E-4	-1.873137152755E-8
-7.055320325E-4	-1.862634553755E-8
-7.050789693E-4	-1.852111043755E-8
-7.045570664E-4	-1.841558657755E-8
-7.040639057E-4	-1.830988337755E-8
-7.036256839E-4	-1.820509776755E-8
-7.031171027E-4	-1.810133734755E-8
-7.025632919E-4	-1.799622837755E-8
-7.020658415E-4	-1.789124607755E-8
-7.015293704E-4	-1.778627780755E-8
-7.010512053E-4	-1.768092221755E-8
-7.005542749E-4	-1.757692563755E-8
-7.002120826E-4	-1.746881243755E-8
-6.996212325E-4	-1.736335913755E-8
-6.990814546E-4	-1.725808063755E-8
-6.986634046E-4	-1.715297744755E-8
-6.981971296E-4	-1.704803260755E-8
-6.977839847E-4	-1.694479070755E-8
-6.971339056E-4	-1.683867573755E-8
-6.965566503E-4	-1.673457585755E-8
-6.960269014E-4	-1.662883527755E-8
-6.954056819E-4	-1.652327070755E-8
-6.950035044E-4	-1.641972602755E-8
-6.9444392E-4	-1.631438766755E-8
-6.940811877E-4	-1.620910762755E-8
-6.935627345E-4	-1.610406404755E-8
-6.9314407E-4	-1.599908567755E-8
-6.927439541E-4	-1.589378655755E-8
-6.922548822E-4	-1.579005829755E-8
-6.91753377E-4	-1.568472244755E-8
-6.913309329E-4	-1.557947863755E-8
-6.908484618E-4	-1.547332327755E-8
-6.904720632E-4	-1.536848168755E-8
-6.901749973E-4	-1.526269929755E-8
-6.895756481E-4	-1.515767922755E-8
-6.892083281E-4	-1.505360845755E-8
-6.888230765E-4	-1.494782937755E-8
-6.883927243E-4	-1.484109250755E-8
-6.877667997E-4	-1.473603798755E-8
-6.875367978E-4	-1.463357891755E-8
-6.872015518E-4	-1.452824928755E-8
-6.864818943E-4	-1.442120206755E-8
-6.860259167E-4	-1.431609985755E-8
-6.85514243E-4	-1.421087206755E-8
-6.851356405E-4	-1.410708521755E-8
-6.846774696E-4	-1.400197539755E-8
-6.842858633E-4	-1.389627244755E-8
-6.838572429E-4	-1.379187288755E-8
-6.833863425E-4	-1.368542216755E-8
-6.82981177E-4	-1.357993575755E-8
-6.825351436E-4	-1.347774926755E-8
-6.822180219E-4	-1.337254372755E-8
-6.815202342E-4	-1.326491740755E-8
-6.811707531E-4	-1.315900528755E-8
-6.807363713E-4	-1.305610899755E-8
-6.803550061E-4	-1.295231672755E-8
-6.800591591E-4	-1.284464173755E-8
-6.796964032E-4	-1.273920353755E-8
-6.792487107E-4	-1.263654605755E-8
-6.78808865E-4	-1.253133306755E-8
-6.784539813E-4	-1.242594562755E-8
-6.780264973E-4	-1.232216742755E-8
-6.77603968E-4	-1.221678593755E-8
-6.772681055E-4	-1.211064729755E-8
-6.768693773E-4	-1.200499987755E-8
-6.764264126E-4	-1.190055153755E-8
-6.759435069E-4	-1.179661373755E-8
-6.755133809E-4	-1.169127647755E-8
-6.751103119E-4	-1.158597113755E-8
-6.749447753E-4	-1.148009616755E-8
-6.745140063E-4	-1.137234346755E-8
-6.742294353E-4	-1.126846399755E-8
-6.737724366E-4	-1.116546020755E-8
-6.734654238E-4	-1.105994947755E-8
-6.731453876E-4	-1.095317523755E-8
-6.727279895E-4	-1.084814135755E-8
-6.72464479E-4	-1.074267882755E-8
-6.721073284E-4	-1.063886380755E-8
-6.716476172E-4	-1.053305907755E-8
-6.713349864E-4	-1.042907622755E-8
-6.70847113E-4	-1.032388254755E-8
-6.704800078E-4	-1.021852277755E-8
-6.701502754E-4	-1.011448672755E-8
-6.699507669E-4	-1.000934022155E-8
-6.695687996E-4	-9.90317231955E-9
-6.692474566E-4	-9.79794476955E-9
-6.689253098E-4	-9.69164425255E-9
-6.685141106E-4	-9.58589100555E-9
-6.681643569E-4	-9.48354189255E-9
-6.678653701E-4	-9.37821001755E-9
-6.677649527E-4	-9.27269006355E-9
-6.673496669E-4	-9.17000173055E-9
-6.670786871E-4	-9.06693952855E-9
-6.666593472E-4	-8.96770189955E-9
-6.664122021E-4	-8.86807162455E-9
-6.659608842E-4	-8.76996615455E-9
-6.65728461E-4	-8.67189439655E-9
-6.654590449E-4	-8.57671299855E-9
-6.651027979E-4	-8.48191047255E-9
-6.64751077E-4	-8.38816145355E-9
-6.645942759E-4	-8.29484732055E-9
-6.643780225E-4	-8.20401767555E-9
-6.639240015E-4	-8.11378631655E-9
-6.637297803E-4	-8.02262354455E-9
-6.635839065E-4	-7.93418303555E-9
-6.633107342E-4	-7.84636194955E-9
-6.630441291E-4	-7.75988409355E-9
-6.627515537E-4	-7.67342165055E-9
-6.625435242E-4	-7.58860545855E-9
-6.623579927E-4	-7.50531231355E-9
-6.620798197E-4	-7.42165076855E-9
-6.617599946E-4	-7.33721003455E-9
-6.614396135E-4	-7.25622591155E-9
-6.612868897E-4	-7.17751736655E-9
-6.609355471E-4	-7.09808302655E-9
-6.608249014E-4	-7.02045638355E-9
-6.605624459E-4	-6.94252071455E-9
-6.603109411E-4	-6.86634371355E-9
-6.601371899E-4	-6.78974762755E-9
-6.597322973E-4	-6.56498110055E-9
-6.594440009E-4	-6.49196428755E-9
-6.592041715E-4	-6.42030354455E-9
-6.589588881E-4	-6.35001887355E-9
-6.588352637E-4	-6.27937841355E-9
-6.586675579E-4	-6.21019843055E-9
-6.582883051E-4	-6.14125190155E-9
-6.581840915E-4	-6.07323962555E-9
-6.580713281E-4	-6.00498861355E-9
-6.577637567E-4	-5.93846512755E-9
-6.577155867E-4	-5.87216009255E-9
-6.574488988E-4	-5.80689829155E-9
-6.572684631E-4	-5.74320527255E-9
-6.571166512E-4	-5.67991360755E-9
-6.569839591E-4	-5.61647870955E-9
-6.568494071E-4	-5.55442016155E-9
-6.567261498E-4	-5.49386215455E-9
-6.565127171E-4	-5.43162012455E-9
-6.563529393E-4	-5.37230232255E-9
-6.562731459E-4	-5.31313432155E-9
-6.559900426E-4	-5.25429503455E-9
-6.558725573E-4	-5.19676410755E-9
-6.556785132E-4	-5.13954784755E-9
-6.555376791E-4	-5.08361643655E-9
-6.554870089E-4	-5.02718524755E-9
-6.551924781E-4	-4.97206444455E-9
-6.550101456E-4	-4.91707092855E-9
-6.548954346E-4	-4.86207616955E-9
-6.547765739E-4	-4.80800576255E-9
-6.546103501E-4	-4.75440492455E-9
-6.544823878E-4	-4.70313065555E-9
-6.542334191E-4	-4.65131532555E-9
-6.542173227E-4	-4.59973168255E-9
-6.540778261E-4	-4.54951792155E-9
-6.538206784E-4	-4.49877921255E-9
-6.536967235E-4	-4.44942570955E-9
-6.536550957E-4	-4.39897048355E-9
-6.535292779E-4	-4.35162855955E-9
-6.532715262E-4	-4.30399417255E-9
-6.531260687E-4	-4.25652851655E-9
-6.530850702E-4	-4.20915675255E-9
-6.528304473E-4	-4.16296147655E-9
-6.526342949E-4	-4.11390406355E-9
-6.526018073E-4	-4.06793229955E-9
-6.523345374E-4	-4.02556734855E-9
-6.521043205E-4	-3.89196899455E-9
-6.517894376E-4	-3.76639222755E-9
-6.514491083E-4	-3.72461734355E-9
-6.514054079E-4	-3.68289947755E-9
-6.512712564E-4	-3.64141767455E-9
-6.510860192E-4	-3.60081137155E-9
-6.50832631E-4	-3.56353225755E-9
-6.507560971E-4	-3.52347303755E-9
-6.507251971E-4	-3.48213323655E-9
-6.505947221E-4	-3.44467021355E-9
-6.503868113E-4	-3.40784622155E-9
-6.502181586E-4	-3.37020806455E-9
-6.501645225E-4	-3.33413761455E-9
-6.497841902E-4	-3.22492591955E-9
-6.495405085E-4	-3.11695715855E-9
-6.494466568E-4	-3.08268741855E-9
-6.492144724E-4	-3.04991485955E-9
-6.490360995E-4	-3.01543932855E-9
-6.489804257E-4	-2.98271725655E-9
-6.488511461E-4	-2.95126651155E-9
-6.486231826E-4	-2.91712484455E-9
-6.484848846E-4	-2.88530438955E-9
-6.476785007E-4	-2.72842657855E-9
-6.475686957E-4	-2.70063111755E-9
-6.474236538E-4	-2.67186018555E-9
-6.469023329E-4	-2.52515318955E-9
-6.468140873E-4	-2.49789055455E-9
-6.467479956E-4	-2.47251018255E-9
-6.46550066E-4	-2.44484066655E-9
-6.464722971E-4	-2.41790327555E-9
-6.462343064E-4	-2.39205705555E-9
-6.4614234E-4	-2.36595005055E-9
-6.458507958E-4	-2.33833034655E-9
-6.457931429E-4	-2.31350599355E-9
-6.457601458E-4	-2.28731021855E-9
-6.45606663E-4	-2.26269301055E-9
-6.455476371E-4	-2.23650479555E-9
-6.454077266E-4	-2.21193204355E-9
-6.451264691E-4	-2.18861758755E-9
-6.450521423E-4	-2.16405429855E-9
-6.446915069E-4	-2.13969424055E-9
-6.446752202E-4	-2.11665737955E-9
-6.443873514E-4	-2.09327175755E-9
-6.442510808E-4	-2.06997308555E-9
-6.441124738E-4	-2.04656392355E-9
-6.440990559E-4	-2.02490417555E-9
-6.43802605E-4	-2.00170755155E-9
-6.436576811E-4	-1.97986000955E-9
-6.435325516E-4	-1.95810569655E-9
-6.433976658E-4	-1.93643087655E-9
-6.432752249E-4	-1.91464362455E-9
-6.430391884E-4	-1.89451778855E-9
-6.430171658E-4	-1.87298953955E-9
-6.429479006E-4	-1.85326949655E-9
-6.426630994E-4	-1.83364406255E-9
-6.425279286E-4	-1.81350162155E-9
-6.423313274E-4	-1.79330848355E-9
-6.421886896E-4	-1.77484192055E-9
-6.41994955E-4	-1.75479952255E-9
-6.419167391E-4	-1.73587449655E-9
-6.41657043E-4	-1.71748887255E-9
-6.415399966E-4	-1.69885365855E-9
-6.414630713E-4	-1.68010429655E-9
-6.408658561E-4	-1.65985484155E-9
-6.407743388E-4	-1.64068751655E-9
-6.405469441E-4	-1.62534945555E-9
-6.402072191E-4	-1.56993698555E-9
-6.400811049E-4	-1.55416198055E-9
-6.398847973E-4	-1.53740877555E-9
-6.396818789E-4	-1.52063311555E-9
-6.394726157E-4	-1.50467192055E-9
-6.392881257E-4	-1.48730213855E-9
-6.391804086E-4	-1.47112552155E-9
-6.390427383E-4	-1.45510980055E-9
-6.387595857E-4	-1.43901608355E-9
-6.385915356E-4	-1.42319877555E-9
-6.384734117E-4	-1.40735271355E-9
-6.382949072E-4	-1.39122621755E-9
-6.381454668E-4	-1.37670802555E-9
-6.378664869E-4	-1.36220478755E-9
-6.376348603E-4	-1.34773948055E-9
-6.375035779E-4	-1.33180955455E-9
-6.374708518E-4	-1.31714310055E-9
-6.370825304E-4	-1.30465531255E-9
-6.368604817E-4	-1.29024384955E-9
-6.366137866E-4	-1.27581743855E-9
-6.364684245E-4	-1.26284587555E-9
-6.362619242E-4	-1.24839183055E-9
-6.361463956E-4	-1.23501833955E-9
-6.359544384E-4	-1.22038852455E-9
-6.356858786E-4	-1.20655775355E-9
-6.355077892E-4	-1.19360507055E-9
-6.353675689E-4	-1.18078578755E-9
-6.351057768E-4	-1.16819428055E-9
-6.349649052E-4	-1.15525394955E-9
-6.347672836E-4	-1.14390815555E-9
-6.346049006E-4	-1.13109650955E-9
-6.343502061E-4	-1.11713992755E-9
-6.342520662E-4	-1.10553301855E-9
-6.34122443E-4	-1.09388402255E-9
-6.338936948E-4	-1.08087482555E-9
-6.335720697E-4	-1.06921156655E-9
-6.334540132E-4	-1.05761888255E-9
-6.331849913E-4	-1.04621696855E-9
-6.329560665E-4	-1.03499326555E-9
-6.327317398E-4	-1.02491767855E-9
-6.32536381E-4	-1.01350400545E-9
-6.323737839E-4	-1.00180747475E-9
-6.321053064E-4	-9.9218926025E-10
-6.318208977E-4	-9.8066311145E-10
-6.316554912E-4	-9.7072574755E-10
-6.315537925E-4	-9.6056560855E-10
-6.312557203E-4	-9.4905914665E-10
-6.310246609E-4	-9.3890258315E-10
-6.305855479E-4	-9.2874459625E-10
-6.304224766E-4	-9.1877194175E-10
-6.30219606E-4	-9.0893172725E-10
-6.301055351E-4	-9.0018825825E-10
-6.29851372E-4	-8.8966033745E-10
-6.296709499E-4	-8.7955576905E-10
-6.293926815E-4	-8.7084993335E-10
-6.291764154E-4	-8.6073961255E-10
-6.288564235E-4	-8.5162505315E-10
-6.286413556E-4	-8.4129925045E-10
-6.282335248E-4	-8.3363896265E-10
-6.279261917E-4	-8.2486200245E-10
-6.278128772E-4	-8.1635425735E-10
-6.275892882E-4	-8.0617680775E-10
-6.273249211E-4	-7.9761221925E-10
-6.270805989E-4	-7.8910988035E-10
-6.268042383E-4	-7.8179566545E-10
-6.265581737E-4	-7.7220615485E-10
-6.262785788E-4	-7.6337853585E-10
-6.259899274E-4	-7.5596577355E-10
-6.256508776E-4	-7.4872520115E-10
-6.25443998E-4	-7.3889010115E-10
-6.252529528E-4	-7.3160238795E-10
-6.249951185E-4	-7.2439904625E-10
-6.246944253E-4	-7.1700119025E-10
-6.244942438E-4	-7.0823822525E-10
-6.242038966E-4	-7.0055998945E-10
-6.239325028E-4	-6.9303302015E-10
-6.236678399E-4	-6.8571985685E-10
-6.233792003E-4	-6.7840066435E-10
-6.232543674E-4	-6.7200989165E-10
-6.229818355E-4	-6.6505409445E-10
-6.227864413E-4	-6.5699982125E-10
-6.224991169E-4	-6.4950094875E-10
-6.220414577E-4	-6.4361270385E-10
-6.218052877E-4	-6.3629719075E-10
-6.216123243E-4	-6.3040203835E-10
-6.212654873E-4	-6.2323367265E-10
-6.209572669E-4	-6.1604452535E-10
-6.206167713E-4	-6.1032127745E-10
-6.203024696E-4	-6.0315815595E-10
-6.202450666E-4	-5.9625537465E-10
-6.199512475E-4	-5.8932458895E-10
-6.196195582E-4	-5.8406174475E-10
-6.192573364E-4	-5.7755735305E-10
-6.188344133E-4	-5.7014995325E-10
-6.184488914E-4	-5.6439489115E-10
-6.181056443E-4	-5.5855202445E-10
-6.177691076E-4	-5.5272046975E-10
-6.176445209E-4	-5.4707337545E-10
-6.172221711E-4	-5.4128563285E-10
-6.167841735E-4	-5.3549974685E-10
-6.165824016E-4	-5.2965557475E-10
-6.161900145E-4	-5.2366272235E-10
-6.157705072E-4	-5.1789652145E-10
-6.154507782E-4	-5.1213634505E-10
-6.151493018E-4	-5.0786469185E-10
-6.147985771E-4	-5.0258055415E-10
-6.144248931E-4	-4.9698767465E-10
-6.140612957E-4	-4.9131144965E-10
-6.137267377E-4	-4.8691002205E-10
-6.134149027E-4	-4.8103234185E-10
-6.131302211E-4	-4.7713401625E-10
-6.127094718E-4	-4.7136275705E-10
-6.122646228E-4	-4.6631320635E-10
-6.118981914E-4	-4.6047768755E-10
-6.117079663E-4	-4.5635294045E-10
-6.113525119E-4	-4.5202286545E-10
-6.10736059E-4	-4.4610608515E-10
-6.105587995E-4	-4.4168896595E-10
-6.100375837E-4	-4.3719046335E-10
-6.098030047E-4	-4.3285294905E-10
-6.094375474E-4	-4.2852488395E-10
-6.089250308E-4	-4.2292478215E-10
-6.085816653E-4	-4.1894044515E-10
-6.081618522E-4	-4.1466158075E-10
-6.0779816E-4	-4.1045881945E-10
-6.07263834E-4	-4.0590629745E-10
-6.068183933E-4	-4.0206177525E-10
-6.063403684E-4	-3.9781792795E-10
-6.062596276E-4	-3.9395893885E-10
-6.059928086E-4	-3.9074485595E-10
-6.054227959E-4	-3.8582675585E-10
-6.050472387E-4	-3.8135802565E-10
-6.045219928E-4	-3.7688080975E-10
-6.043399916E-4	-3.7393234965E-10
-6.037716141E-4	-3.6962515865E-10
-6.032708686E-4	-3.6623962335E-10
-6.029726041E-4	-3.6331219075E-10
-6.024794919E-4	-3.5784885065E-10
-6.018191476E-4	-3.5350030795E-10
-6.015536204E-4	-3.5204879455E-10
-6.010230875E-4	-3.4766204355E-10
-6.006506481E-4	-3.4452743395E-10
-5.999154767E-4	-3.3974792075E-10
-5.99707744E-4	-3.3637425465E-10
-5.99189326E-4	-3.3341716615E-10
-5.986473334E-4	-3.2903170125E-10
-5.982318077E-4	-3.2617540075E-10
-5.978459049E-4	-3.2325785035E-10
-5.971485427E-4	-3.1905097545E-10
-5.967220322E-4	-3.1607038575E-10
-5.964569201E-4	-3.1310393315E-10
-5.955616882E-4	-3.1028961965E-10
-5.95106801E-4	-3.0727230485E-10
-5.946975465E-4	-3.0283454185E-10
-5.942312918E-4	-3.0007217985E-10
-5.939246365E-4	-2.9872200305E-10
-5.934132098E-4	-2.9552315945E-10
-5.929325068E-4	-2.9243823385E-10
-5.923690216E-4	-2.8918702285E-10
-5.917043533E-4	-2.8468962065E-10
-5.910933864E-4	-2.8160964145E-10
-5.906433714E-4	-2.7891447735E-10
-5.902342003E-4	-2.7667732215E-10
-5.899943471E-4	-2.7512296925E-10
-5.892035972E-4	-2.7155051305E-10
-5.887070712E-4	-2.6877271325E-10
-5.88061376E-4	-2.6656407085E-10
-5.876796803E-4	-2.6374973275E-10
-5.868483718E-4	-2.6003886705E-10
-5.861984224E-4	-2.5695063795E-10
-5.856541883E-4	-2.5484296055E-10
-5.852251155E-4	-2.5332927205E-10
-5.844861165E-4	-2.5002932085E-10
-5.839703995E-4	-2.4710094905E-10
-5.835286455E-4	-2.4501269875E-10
-5.829869486E-4	-2.4364054575E-10
-5.821792717E-4	-2.3977915725E-10
-5.814545808E-4	-2.3668416775E-10
-5.810965661E-4	-2.3508856155E-10
-5.804556356E-4	-2.3217964125E-10
-5.799874614E-4	-2.3075124565E-10
-5.793620596E-4	-2.2789842605E-10
-5.786041763E-4	-2.2507441475E-10
-5.785025865E-4	-2.2525275145E-10
-5.775348277E-4	-2.2202252725E-10
-5.768635679E-4	-2.1950652105E-10
-5.762631991E-4	-2.1665130205E-10
-5.758842748E-4	-2.1565756335E-10
-5.74764079E-4	-2.1313008495E-10
-5.745938476E-4	-2.1174074685E-10
-5.738836743E-4	-2.0893751715E-10
-5.733211861E-4	-2.0743229485E-10
-5.72649854E-4	-2.0602895365E-10
-5.718968217E-4	-2.0329690875E-10
-5.713432245E-4	-2.0175124455E-10
-5.704938256E-4	-1.9885456905E-10
-5.697759836E-4	-1.9760814735E-10
-5.693153851E-4	-1.9614136335E-10
-5.683414848E-4	-1.9333649275E-10
-5.678306995E-4	-1.9182138185E-10
-5.671529086E-4	-1.8998890145E-10
-5.666102862E-4	-1.8806532505E-10
-5.658446407E-4	-1.8559232875E-10
-5.651278423E-4	-1.8412370145E-10
-5.641937338E-4	-1.8208509625E-10
-5.635969438E-4	-1.8054600005E-10
-5.629072389E-4	-1.7845077345E-10
-5.621681702E-4	-1.7709502995E-10
-5.614476826E-4	-1.7494651495E-10
-5.606903698E-4	-1.7335527655E-10
-5.60545625E-4	-1.7298349935E-10
-5.595236733E-4	-1.7140850145E-10
-5.580580374E-4	-1.6729808375E-10
-5.578265401E-4	-1.6599546705E-10
-5.569733867E-4	-1.6458641235E-10
-5.562737499E-4	-1.6328847175E-10
-5.557102909E-4	-1.6234259075E-10
-5.548380415E-4	-1.6126122645E-10
-5.541683441E-4	-1.5980454885E-10
-5.536340098E-4	-1.5835912675E-10
-5.5252065E-4	-1.5676021265E-10
-5.518373108E-4	-1.5542499685E-10
-5.511795024E-4	-1.5395183045E-10
-5.503828381E-4	-1.5259562955E-10
-5.492233242E-4	-1.5017194915E-10
-5.483656546E-4	-1.4860665495E-10
-5.477245949E-4	-1.4855905745E-10
-5.468081949E-4	-1.4698119025E-10
-5.458177494E-4	-1.4513209615E-10
-5.446371975E-4	-1.4321191615E-10
-5.439010531E-4	-1.4171718305E-10
-5.429838468E-4	-1.4023714555E-10
-5.421834359E-4	-1.3875280985E-10
-5.410823224E-4	-1.3737044775E-10
-5.403010446E-4	-1.3585921915E-10
-5.402944406E-4	-1.3584208775E-10
-5.392620966E-4	-1.3437104885E-10
-5.382455268E-4	-1.3274249845E-10
-5.371220455E-4	-1.3120779865E-10
-5.362386193E-4	-1.2977963925E-10
-5.352643657E-4	-1.2825544815E-10
-5.344835014E-4	-1.2701496985E-10
-5.332707801E-4	-1.2557443345E-10
-5.319420315E-4	-1.2514246155E-10
-5.309783376E-4	-1.233669602E-10
-5.286820195E-4	-1.2042303318E-10
-5.276064949E-4	-1.1919191272E-10
-5.264048102E-4	-1.1787916556E-10
-5.252786487E-4	-1.1649695812E-10
-5.237296764E-4	-1.1500748245E-10
-5.221379356E-4	-1.1273832213E-10
-5.20793044E-4	-1.112067099E-10
-5.195311341E-4	-1.1087475029E-10
-5.182483866E-4	-1.0951711397E-10
-5.152644498E-4	-1.0550085309E-10
-5.142824094E-4	-1.0452967125E-10
-5.127795198E-4	-1.0327526509E-10
-5.110721074E-4	-1.0204794782E-10
-5.092361891E-4	-1.0072593023E-10
-5.072981367E-4	-9.857419906E-11
-5.054753129E-4	-9.706176006E-11
-5.04432668E-4	-9.650324113E-11
-5.023897638E-4	-9.513400327E-11
-4.98808315E-4	-9.248793225E-11
-4.966619836E-4	-9.101088856E-11
-4.948023592E-4	-8.951295722E-11
-4.929021385E-4	-8.673455986E-11
-4.909645237E-4	-8.539132752E-11
-4.884157646E-4	-8.459491321E-11
-4.864290998E-4	-8.31475193E-11
-4.842263838E-4	-8.153883775E-11
-4.817474254E-4	-7.981314893E-11
-4.795912091E-4	-7.837971453E-11
-4.77057099E-4	-7.701269518E-11
-4.770537451E-4	-7.681688016E-11
-4.745718949E-4	-7.531341541E-11
-4.718004441E-4	-7.378023764E-11
-4.695836244E-4	-7.244286856E-11
-4.667577322E-4	-7.087984515E-11
-4.641115786E-4	-6.953279206E-11
-4.612974332E-4	-6.818403182E-11
-4.584165478E-4	-6.689532364E-11
-4.551119943E-4	-6.54722355E-11
-4.52098034E-4	-6.420545301E-11
-4.486910604E-4	-6.276646484E-11
-4.48062908E-4	-6.288206869E-11
-4.447243371E-4	-6.108302254E-11
-4.414738662E-4	-5.952773507E-11
-4.377135008E-4	-5.814147601E-11
-4.343546706E-4	-5.668604839E-11
-4.301100684E-4	-5.510269429E-11
-4.263630037E-4	-5.365303599E-11
-4.2205493E-4	-5.328357124E-11
-4.180052133E-4	-5.188251393E-11
-4.133817357E-4	-5.051674513E-11
-4.04729923E-4	-4.755007606E-11
-3.990311221E-4	-4.555627307E-11
-3.93694652E-4	-4.397517741E-11
-3.890864533E-4	-4.280342907E-11
-3.834643639E-4	-4.14250507E-11
-3.778181182E-4	-3.995282993E-11
-3.719782012E-4	-3.863527709E-11
-3.658732166E-4	-3.725151734E-11
-3.596346137E-4	-3.591788462E-11
-3.52029193E-4	-3.3261133324E-11
-3.517809359E-4	-3.3108179172E-11
-3.447233043E-4	-3.2918548331E-11
-3.38501309E-4	-3.1458103483E-11
-3.308863462E-4	-3.011944326E-11
-3.232307752E-4	-2.8695605435E-11
-3.154073327E-4	-2.6893257935E-11
-3.071914443E-4	-2.5357130333E-11
-2.976827319E-4	-2.32565661865E-11
-2.857362031E-4	-2.26315428485E-11
-2.771708598E-4	-2.1006707749E-11
-2.632441151E-4	-1.8581085671E-11
-2.631262628E-4	-1.8486162567E-11
-2.545598033E-4	-1.7106621056E-11
-2.44092671E-4	-1.5704182928E-11
-2.322142158E-4	-1.4254505843E-11
-2.191255385E-4	-1.287687512E-11
-2.050671222E-4	-1.135012399E-11
-1.78659669E-4	-1.112997773E-11
-1.673254436E-4	-9.59704246E-12
-1.514806052E-4	-7.91217904E-12
-1.329543753E-4	-6.33798487000001E-12
-1.123055774E-4	-4.63134436E-12
-1.010785148E-4	-4.31027093E-12
-8.279083532E-5	-2.80484379E-12
-5.9778384E-5	-1.40903004E-12
-3.423825938E-5	0
-4.341002815E-6	1.72376539E-12
2.801892678E-5	3.08381985999999E-12
6.164100298E-5	4.54365862E-12
1.370928906E-4	4.8576277E-12
1.478071748E-4	6.21664115999999E-12
1.638004808E-4	7.72339687999999E-12
1.816172719E-4	9.01965539E-12
1.888947007E-4	9.10653268E-12
2.028330146E-4	1.063144632E-11
2.179589776E-4	1.230415156E-11
2.323359395E-4	1.381886755E-11
2.462784947E-4	1.536953442E-11
2.589776429E-4	1.723303155E-11
2.700374722E-4	1.880319983E-11
2.807830018E-4	2.031822996E-11
2.910043293E-4	2.175970012E-11
3.001624091E-4	2.314715265E-11
3.098392417E-4	2.463016507E-11
3.189484309E-4	2.617326215E-11
3.202790864E-4	2.622047027E-11
3.273663257E-4	2.78122669E-11
3.34700093E-4	2.910948441E-11
3.421459029E-4	3.058054705E-11
3.490553981E-4	3.18182862E-11
3.55855432E-4	3.309135118E-11
3.626398444E-4	3.430559364E-11
3.692572608E-4	3.550651513E-11
3.75135798E-4	3.695808299E-11
3.813307104E-4	3.839748152E-11
3.917706269E-4	4.092576315E-11
3.970040725E-4	4.226592744E-11
4.018512955E-4	4.378282656E-11
4.071586331E-4	4.522481567E-11
4.121240751E-4	4.667632869E-11
4.164394614E-4	4.816472862E-11
4.20449732E-4	4.961187084E-11
4.246503958E-4	5.133434262E-11
4.289083453E-4	5.314993997E-11
4.364012098E-4	5.638571845E-11
4.40166259E-4	5.79701914E-11
4.436950073E-4	5.948496819E-11
4.472065012E-4	6.095603251E-11
4.506832189E-4	6.237359816E-11
4.533927369E-4	6.379597544E-11
4.565740704E-4	6.523681492E-11
4.595429899E-4	6.654135502E-11
4.627793885E-4	6.733297511E-11
4.657028759E-4	6.907085481E-11
4.660114385E-4	6.953249579E-11
4.691501971E-4	7.107598882E-11
4.717777296E-4	7.246876671E-11
4.736303014E-4	7.360307756E-11
4.761271463E-4	7.526164358E-11
4.788220747E-4	7.677569715E-11
4.811038358E-4	7.832422535E-11
4.835096407E-4	7.984974545E-11
4.858174779E-4	8.135311735E-11
4.878378505E-4	8.264425565E-11
4.923006377E-4	8.443686895E-11
4.941381571E-4	8.600186665E-11
4.962228071E-4	8.791912865E-11
4.982405244E-4	8.935502535E-11
5.003118753E-4	9.098200665E-11
5.018140566E-4	9.245922375E-11
5.037774988E-4	9.399561625E-11
5.054080082E-4	9.546888235E-11
5.071645716E-4	9.694676215E-11
5.08540402E-4	9.831802895E-11
5.099137151E-4	9.858403985E-11
5.103837276E-4	9.854993775E-11
5.11858929E-4	1.0000952855E-10
5.132896604E-4	1.0149254735E-10
5.149553133E-4	1.0284396085E-10
5.163213628E-4	1.0442483435E-10
5.179970883E-4	1.0608799665E-10
5.189066515E-4	1.0803737455E-10
5.202861918E-4	1.0942736925E-10
5.218922576E-4	1.1044407795E-10
5.230409724E-4	1.1169176135E-10
5.2433855E-4	1.1322159865E-10
5.25764041E-4	1.1461332405E-10
5.282236082E-4	1.1755752925E-10
5.295159583E-4	1.1900828915E-10
5.304413079E-4	1.2037902385E-10
5.318766239E-4	1.2174583735E-10
5.32967545E-4	1.2308678685E-10
5.336809659E-4	1.2453537565E-10
5.348963313E-4	1.2727690075E-10
5.360900518E-4	1.2872840235E-10
5.382507507E-4	1.3037941095E-10
5.393647264E-4	1.3197640135E-10
5.401086194E-4	1.3451900165E-10
5.40874728E-4	1.3575833555E-10
5.417550004E-4	1.3690475055E-10
5.437807067E-4	1.3977318715E-10
5.444605848E-4	1.4104130395E-10
5.452189281E-4	1.4201278415E-10
5.462246866E-4	1.4341391605E-10
5.483168531E-4	1.4757319975E-10
5.489917161E-4	1.4896251995E-10
5.496719627E-4	1.4896663235E-10
5.512554401E-4	1.5183627555E-10
5.521138309E-4	1.5336793625E-10
5.529054469E-4	1.5483598885E-10
5.54142645E-4	1.5769154825E-10
5.550760902E-4	1.5933295775E-10
5.567224811E-4	1.6211107205E-10
5.571772365E-4	1.6461700335E-10
5.577446791E-4	1.6596229925E-10
5.591856751E-4	1.6839059985E-10
5.59958397E-4	1.7012758265E-10
5.613333591E-4	1.7343063265E-10
5.61766046E-4	1.7495813805E-10
5.629025772E-4	1.7793664915E-10
5.637299731E-4	1.7939119445E-10
5.64862844E-4	1.8224375405E-10
5.656813279E-4	1.8368414845E-10
5.661941654E-4	1.8514855625E-10
5.676460163E-4	1.8935574045E-10
5.684302576E-4	1.9086794465E-10
5.691696492E-4	1.9230421345E-10
5.703405646E-4	1.9519216805E-10
5.706191295E-4	1.9675873715E-10
5.717600234E-4	1.9958908165E-10
5.726999517E-4	2.0248195985E-10
5.737426198E-4	2.0533331385E-10
5.740151531E-4	2.0672074145E-10
5.746986097E-4	2.1064980385E-10
5.756680751E-4	2.1306118835E-10
5.762318792E-4	2.1555171905E-10
5.770260298E-4	2.1843481305E-10
5.779847802E-4	2.2132413525E-10
5.78642801E-4	2.2280194555E-10
5.791806584E-4	2.2563797475E-10
5.797499857E-4	2.2844852775E-10
5.806700856E-4	2.3129996915E-10
5.814163147E-4	2.3420078845E-10
5.821052603E-4	2.3709875625E-10
5.827213572E-4	2.3981122595E-10
5.835921597E-4	2.4440380565E-10
5.843782036E-4	2.4707792325E-10
5.850309135E-4	2.4982000535E-10
5.855657128E-4	2.5265949755E-10
5.865301064E-4	2.5627215475E-10
5.870381545E-4	2.5877145505E-10
5.876913985E-4	2.6159875655E-10
5.882919097E-4	2.6454761965E-10
5.889442895E-4	2.6746678945E-10
5.897163922E-4	2.7186547125E-10
5.903411094E-4	2.7467368655E-10
5.907967418E-4	2.7763053405E-10
5.913147582E-4	2.8058467765E-10
5.922045264E-4	2.8492443805E-10
5.92852353E-4	2.8829907615E-10
5.935199155E-4	2.9264875655E-10
5.937712902E-4	2.9550056145E-10
5.942956713E-4	2.9901627285E-10
5.949903306E-4	3.0344258215E-10
5.95565748E-4	3.0634820715E-10
5.963271483E-4	3.1067588885E-10
5.969087436E-4	3.1501699685E-10
5.972031089E-4	3.1646180635E-10
5.979078778E-4	3.2077544765E-10
5.981757398E-4	3.2370433325E-10
5.988691883E-4	3.2802252725E-10
5.994918879E-4	3.3231477575E-10
6.000809984E-4	3.3681036575E-10
6.003836472E-4	3.4005129665E-10
6.011409007E-4	3.4487766585E-10
6.016688594E-4	3.4894665625E-10
6.021565331E-4	3.5334091665E-10
6.027368595E-4	3.5797074005E-10
6.030349198E-4	3.6117865065E-10
6.033632213E-4	3.6562392785E-10
6.040653934E-4	3.7000915145E-10
6.044200439E-4	3.7433219375E-10
6.048880039E-4	3.7862815965E-10
6.053163651E-4	3.8280163735E-10
6.058034776E-4	3.8716961695E-10
6.062191583E-4	3.9277087015E-10
6.066899513E-4	3.9703929615E-10
6.071041125E-4	4.0198547585E-10
6.074685641E-4	4.0642756175E-10
6.078761109E-4	4.1082519145E-10
6.08412142E-4	4.1568814915E-10
6.088225236E-4	4.2181224175E-10
6.092317766E-4	4.2618271475E-10
6.097790932E-4	4.3186223605E-10
6.101602093E-4	4.3613401925E-10
6.106950071E-4	4.4185588145E-10
6.109198909E-4	4.4639238365E-10
6.114031781E-4	4.5219214925E-10
6.119036387E-4	4.5794256005E-10
6.122567709E-4	4.6222285935E-10
6.126543381E-4	4.6789675325E-10
6.129903415E-4	4.7372235215E-10
6.135012212E-4	4.7945586045E-10
6.137789798E-4	4.8515520995E-10
6.141510522E-4	4.8962159535E-10
6.145006159E-4	4.9506815755E-10
6.149069198E-4	5.0032148195E-10
6.1525857E-4	5.0595342525E-10
6.156765101E-4	5.1165282985E-10
6.159924243E-4	5.1850982555E-10
6.163632991E-4	5.2425728725E-10
6.168287339E-4	5.2998235845E-10
6.170885967E-4	5.3590002405E-10
6.175918904E-4	5.4314126445E-10
6.178823913E-4	5.5030588895E-10
6.180954333E-4	5.5611613705E-10
6.18384478E-4	5.6185781495E-10
6.187643372E-4	5.6777243055E-10
6.190766237E-4	5.7540833215E-10
6.194072813E-4	5.8315964665E-10
6.197287648E-4	5.8900042865E-10
6.200619715E-4	5.9643563645E-10
6.204454585E-4	6.0370804295E-10
6.206843749E-4	6.0957108375E-10
6.210990552E-4	6.1673536125E-10
6.212989436E-4	6.2386669265E-10
6.216802489E-4	6.3098822315E-10
6.219222244E-4	6.3804553615E-10
6.223754518E-4	6.4443343175E-10
6.227191598E-4	6.5334706295E-10
6.229520914E-4	6.6088534325E-10
6.232070937E-4	6.6765317405E-10
6.234486176E-4	6.7539811885E-10
6.239221966E-4	6.8451750225E-10
6.241437866E-4	6.9166287415E-10
6.244209655E-4	7.0025846035E-10
6.247331314E-4	7.0757237825E-10
6.249522079E-4	7.1613505565E-10
6.252299531E-4	7.2475995805E-10
6.255166974E-4	7.3217802055E-10
6.258226427E-4	7.4070423915E-10
6.261144234E-4	7.4929305945E-10
6.264306103E-4	7.5789201635E-10
6.266582663E-4	7.6638281435E-10
6.26940863E-4	7.7459690285E-10
6.272021574E-4	7.8278621295E-10
6.273765242E-4	7.9122381085E-10
6.277592403E-4	8.0141278265E-10
6.279299092E-4	8.0996004205E-10
6.281127264E-4	8.1869473575E-10
6.283541577E-4	8.2883568935E-10
6.286309089E-4	8.3734530155E-10
6.289132671E-4	8.4741093155E-10
6.290021387E-4	8.5751864145E-10
6.294417356E-4	8.6767360955E-10
6.295770832E-4	8.7622846375E-10
6.299238497E-4	8.8644715855E-10
6.301330867E-4	8.9660260325E-10
6.303177292E-4	9.0694161725E-10
6.306563418E-4	9.1961186145E-10
6.309685329E-4	9.2906720015E-10
6.311064297E-4	9.3902873315E-10
6.313317496E-4	9.5126475345E-10
6.316007868E-4	9.6030742135E-10
6.319265136E-4	9.7182534415E-10
6.320909107E-4	9.8178786845E-10
6.323417408E-4	9.9332593645E-10
6.32578477E-4	1.00488281545E-9
6.327787783E-4	1.01627910245E-9
6.330262416E-4	1.02789291345E-9
6.331328695E-4	1.03939254845E-9
6.332900147E-4	1.05095819245E-9
6.336418431E-4	1.06262741845E-9
6.337926469E-4	1.07584762145E-9
6.340158568E-4	1.08741758245E-9
6.341563371E-4	1.10085961245E-9
6.345131435E-4	1.11404557045E-9
6.346113916E-4	1.12554629945E-9
6.349176793E-4	1.13902226545E-9
6.351776593E-4	1.15203566845E-9
6.354296624E-4	1.16495778545E-9
6.355809511E-4	1.17798444945E-9
6.357304621E-4	1.19248863445E-9
6.360736275E-4	1.20549264345E-9
6.362641727E-4	1.21840407345E-9
6.363938891E-4	1.23287722945E-9
6.369090372E-4	1.27417268445E-9
6.370656235E-4	1.28806528545E-9
6.373418187E-4	1.30220975345E-9
6.375452486E-4	1.31804091445E-9
6.376795174E-4	1.33255578645E-9
6.377706066E-4	1.34695650745E-9
6.381804656E-4	1.36274714745E-9
6.38269811E-4	1.37844889945E-9
6.384554733E-4	1.39303560745E-9
6.386373781E-4	1.40888577345E-9
6.387426683E-4	1.42491882545E-9
6.389546787E-4	1.44075924645E-9
6.391605016E-4	1.45847508945E-9
6.392551012E-4	1.47497367045E-9
6.394986166E-4	1.49278089245E-9
6.396456859E-4	1.50860843045E-9
6.398306504E-4	1.52603416545E-9
6.401333583E-4	1.54340527645E-9
6.403550785E-4	1.56078153345E-9
6.405253321E-4	1.57811565445E-9
6.407117648E-4	1.59691683645E-9
6.408967035E-4	1.61412765345E-9
6.410391154E-4	1.63295917145E-9
6.41186234E-4	1.65011967445E-9
6.412623872E-4	1.66815428445E-9
6.414956748E-4	1.68659858345E-9
6.415828518E-4	1.70496456545E-9
6.417524663E-4	1.72517412945E-9
6.419027119E-4	1.74409046645E-9
6.421411545E-4	1.76418003445E-9
6.42247486E-4	1.78444001545E-9
6.424091856E-4	1.80442825445E-9
6.425216668E-4	1.82476576045E-9
6.426970075E-4	1.84547484145E-9
6.428956112E-4	1.86570213145E-9
6.429684E-4	1.88756161445E-9
6.430778487E-4	1.90853320745E-9
6.433050072E-4	1.93022878945E-9
6.435060437E-4	1.95189997945E-9
6.436556137E-4	1.97506228345E-9
6.436813574E-4	1.99664841545E-9
6.439147511E-4	2.01971555045E-9
6.439988703E-4	2.04134985345E-9
6.441644069E-4	2.06440004145E-9
6.443404822E-4	2.08749443145E-9
6.446429874E-4	2.11061504445E-9
6.447369703E-4	2.13495539245E-9
6.44762014E-4	2.15781807745E-9
6.448297651E-4	2.18221778745E-9
6.45084236E-4	2.20600155845E-9
6.451461892E-4	2.23028452545E-9
6.453551547E-4	2.25622769545E-9
6.454898371E-4	2.28069327245E-9
6.457552684E-4	2.30683744745E-9
6.45824644E-4	2.33279757145E-9
6.458984511E-4	2.35872204045E-9
6.460530117E-4	2.38625839945E-9
6.460851572E-4	2.41221090245E-9
6.462948811E-4	2.43951872945E-9
6.46823672E-4	2.52257479445E-9
6.468483135E-4	2.55213159345E-9
6.469749608E-4	2.58104340045E-9
6.470099016E-4	2.60981302045E-9
6.471668344E-4	2.63877159445E-9
6.473070408E-4	2.66893811745E-9
6.47436413E-4	2.69782024345E-9
6.476970467E-4	2.72795582945E-9
6.478409049E-4	2.75811174345E-9
6.481351978E-4	2.78973084345E-9
6.482769106E-4	2.82150534645E-9
6.483257903E-4	2.85126423445E-9
6.484704421E-4	2.88432192645E-9
6.486235099E-4	2.91597963745E-9
6.487384818E-4	2.94884220745E-9
6.488607554E-4	2.98081591545E-9
6.490733361E-4	3.01544368945E-9
6.492319496E-4	3.04862562145E-9
6.493228507E-4	3.08337010845E-9
6.495805303E-4	3.11803864045E-9
6.496553693E-4	3.15273288945E-9
6.497449643E-4	3.18765570645E-9
6.49863386E-4	3.22423968145E-9
6.499968366E-4	3.26067967545E-9
6.500952036E-4	3.29659684245E-9
6.503581811E-4	3.33414997245E-9
6.503899705E-4	3.37159469545E-9
6.505392819E-4	3.40916295245E-9
6.506491674E-4	3.44670297045E-9
6.508088624E-4	3.48576921245E-9
6.510248072E-4	3.52491705045E-9
6.511452204E-4	3.56362861645E-9
6.513231442E-4	3.60403941345E-9
6.516313187E-4	3.64437525345E-9
6.516343385E-4	3.68440053145E-9
6.518846472E-4	3.72483168345E-9
6.519549102E-4	3.76668826745E-9
6.521146395E-4	3.80962597445E-9
6.521232202E-4	3.85191983145E-9
6.524426788E-4	3.98354383945E-9
6.525906957E-4	4.02690336945E-9
6.526393876E-4	4.07288898045E-9
6.527451382E-4	4.11763288345E-9
6.528532478E-4	4.16366660645E-9
6.529587486E-4	4.21015960745E-9
6.532402185E-4	4.25774135045E-9
6.534141708E-4	4.30511980745E-9
6.535331964E-4	4.35242277945E-9
6.536427629E-4	4.40144872545E-9
6.538130899E-4	4.45048991145E-9
6.539920783E-4	4.49949758245E-9
6.540781298E-4	4.55006609345E-9
6.543123081E-4	4.60056474345E-9
6.544954331E-4	4.65266026545E-9
6.547530642E-4	4.70467382745E-9
6.548686307E-4	4.75645456545E-9
6.549422832E-4	4.80983324745E-9
6.551869605E-4	4.86319511945E-9
6.552950226E-4	4.91825805845E-9
6.553144259E-4	4.97332607045E-9
6.554784341E-4	5.02868974145E-9
6.555696065E-4	5.08503340945E-9
6.557958422E-4	5.14279354845E-9
6.560882854E-4	5.31566339745E-9
6.563964357E-4	5.37482828745E-9
6.565390243E-4	5.43540160845E-9
6.568885645E-4	5.61870134245E-9
6.571115142E-4	5.68207305245E-9
6.572502881E-4	5.74507317545E-9
6.573774113E-4	5.80858126345E-9
6.575268253E-4	5.87345235045E-9
6.578490927E-4	5.93819527645E-9
6.583473617E-4	6.14056848345E-9
6.584342671E-4	6.20835847945E-9
6.586071863E-4	6.27753592845E-9
6.588394434E-4	6.34825323245E-9
6.591407662E-4	6.41903621345E-9
6.593359352E-4	6.48985644445E-9
6.5951304E-4	6.56204123745E-9
6.596162412E-4	6.63554029345E-9
6.597667971E-4	6.70973282545E-9
6.60023267E-4	6.78492678245E-9
6.602152845E-4	6.86142177845E-9
6.605882672E-4	6.93782679945E-9
6.607924792E-4	7.01430974245E-9
6.609995493E-4	7.09220638045E-9
6.610858726E-4	7.17155192045E-9
6.613559628E-4	7.25248706645E-9
6.615595832E-4	7.33315641945E-9
6.617666625E-4	7.41434560945E-9
6.620975589E-4	7.49659663945E-9
6.623448421E-4	7.58031256045E-9
6.625424426E-4	7.66540490545E-9
6.627035225E-4	7.75029679845E-9
6.631282085E-4	7.83651253845E-9
6.633878337E-4	7.92236908845E-9
6.636994325E-4	8.01225826445E-9
6.640366911E-4	8.10185899145E-9
6.644071749E-4	8.19131375145E-9
6.644968888E-4	8.28230671045E-9
6.64778938E-4	8.37465825845E-9
6.651090768E-4	8.46843090845E-9
6.653659034E-4	8.56198789145E-9
6.65752364E-4	8.65732595945E-9
6.659936272E-4	8.75401964845E-9
6.663242396E-4	8.85241242445E-9
6.665445356E-4	8.95058953945E-9
6.669337334E-4	9.05052627945E-9
6.673416617E-4	9.15153084445E-9
6.677145265E-4	9.25360774945E-9
6.680224631E-4	9.35681591045E-9
6.68395934E-4	9.46081082645E-9
6.686519898E-4	9.56608862045E-9
6.690157064E-4	9.67146916445E-9
6.693599474E-4	9.77679197745E-9
6.696717357E-4	9.88209785245E-9
6.698719776E-4	9.98606533245E-9
6.703155104E-4	1.009133909245E-8
6.706853054E-4	1.019673446245E-8
6.710286111E-4	1.030180569245E-8
6.713005028E-4	1.040736291245E-8
6.717788122E-4	1.051253810245E-8
6.72141424E-4	1.061623847245E-8
6.725584779E-4	1.072138544245E-8
6.728958924E-4	1.082670787245E-8
6.733946357E-4	1.093214995245E-8
6.736640968E-4	1.103749058245E-8
6.740654686E-4	1.114129499245E-8
6.744156952E-4	1.124660531245E-8
6.748508136E-4	1.135207940245E-8
6.751969174E-4	1.145758391245E-8
6.754399574E-4	1.156306011245E-8
6.758754304E-4	1.166887163245E-8
6.761629576E-4	1.177307910245E-8
6.766692019E-4	1.187878395245E-8
6.770330363E-4	1.198398627245E-8
6.775028592E-4	1.208928140245E-8
6.778533816E-4	1.219444969245E-8
6.782381476E-4	1.229842505245E-8
6.785736888E-4	1.240381378245E-8
6.790361627E-4	1.250936281245E-8
6.794034924E-4	1.261450238245E-8
6.798996759E-4	1.271979958245E-8
6.802472594E-4	1.282505602245E-8
6.80714653E-4	1.292892395245E-8
6.811100032E-4	1.303400982245E-8
6.814057911E-4	1.313897817245E-8
6.818898707E-4	1.324422762245E-8
6.824239937E-4	1.334991461245E-8
6.827291708E-4	1.345386645245E-8
6.831859418E-4	1.355878194245E-8
6.836404148E-4	1.366464395245E-8
6.840501416E-4	1.376986894245E-8
6.844609738E-4	1.387526643245E-8
6.849376226E-4	1.398051926245E-8
6.853818186E-4	1.408451766245E-8
6.858627587E-4	1.418978221245E-8
6.862858922E-4	1.429534318245E-8
6.867678878E-4	1.440111770245E-8
6.871606561E-4	1.450663647245E-8
6.875939695E-4	1.461068631245E-8
6.880715189E-4	1.471592360245E-8
6.884245562E-4	1.482132218245E-8
6.88883568E-4	1.492662724245E-8
6.89393488E-4	1.503207310245E-8
6.899086483E-4	1.513745582245E-8
6.901851967E-4	1.524138300245E-8
6.90627036E-4	1.534676954245E-8
6.912039704E-4	1.545206818245E-8
6.915741216E-4	1.555725746245E-8
6.920027214E-4	1.566245595245E-8
6.925041546E-4	1.576646767245E-8
6.928326799E-4	1.587177610245E-8
6.933685217E-4	1.597726593245E-8
6.938829698E-4	1.608261772245E-8
6.943219628E-4	1.618760862245E-8
6.948249483E-4	1.629330954245E-8
6.952928974E-4	1.639644069245E-8
6.957790896E-4	1.650211612245E-8
6.962136947E-4	1.660733891245E-8
6.965801253E-4	1.671250399245E-8
6.970834553E-4	1.681817404245E-8
6.974486285E-4	1.692210053245E-8
6.979562991E-4	1.702745392245E-8
6.984525021E-4	1.713280477245E-8
6.989317364E-4	1.723819249245E-8
6.993793953E-4	1.734339894245E-8
6.999662507E-4	1.744868416245E-8
7.003254266E-4	1.755258800245E-8
7.008432184E-4	1.765795381245E-8
7.011950216E-4	1.776350183245E-8
7.017874961E-4	1.786915563245E-8
7.023804929E-4	1.797487213245E-8
7.02791466E-4	1.807885968245E-8
7.03247834E-4	1.818417406245E-8
7.038080467E-4	1.828950286245E-8
7.042777374E-4	1.839482983245E-8
7.048078894E-4	1.849991177245E-8
7.052445589E-4	1.860537192245E-8
7.058290943E-4	1.870957142245E-8
7.062319855E-4	1.881488639245E-8
7.066716286E-4	1.892003325245E-8
7.073128917E-4	1.902514085245E-8
7.078656108E-4	1.912985389245E-8
7.083970432E-4	1.923407683245E-8
7.089387781E-4	1.933946967245E-8
7.094246706E-4	1.944483770245E-8
7.099712515E-4	1.955030225245E-8
7.105051513E-4	1.965561990245E-8
7.109870748E-4	1.976027744245E-8
7.115611767E-4	1.986490531245E-8
7.121261671E-4	1.997015737245E-8
7.126788524E-4	2.007541131245E-8
7.132044637E-4	2.018091293245E-8
7.136338455E-4	2.028638314245E-8
7.141939147E-4	2.039030791245E-8
7.146824508E-4	2.049630358245E-8
7.152390485E-4	2.060158461245E-8
7.157300165E-4	2.070720395245E-8
7.162685372E-4	2.081267958245E-8
7.167312709E-4	2.091774886245E-8
7.173577285E-4	2.102159686245E-8
7.180836534E-4	2.112699283245E-8
7.185580402E-4	2.123182926245E-8
7.190962752E-4	2.133763070245E-8
7.195437425E-4	2.144305332245E-8
7.201549931E-4	2.154691419245E-8
7.206839863E-4	2.165222618245E-8
7.212530753E-4	2.175764252245E-8
7.217577205E-4	2.186275976245E-8
7.22423364E-4	2.196783560245E-8
7.229234921E-4	2.207143459245E-8
7.234666119E-4	2.217687769245E-8
7.241013879E-4	2.228240712245E-8
7.246407888E-4	2.238780298245E-8
7.251815373E-4	2.249308677245E-8
7.257180327E-4	2.259846940245E-8
7.263199068E-4	2.270236781245E-8
7.268036437E-4	2.280767654245E-8
7.27307008E-4	2.291289444245E-8
7.279329926E-4	2.301820600245E-8
7.283405994E-4	2.312388427245E-8
7.289439186E-4	2.322804611245E-8
7.294695668E-4	2.333337541245E-8
7.300996878E-4	2.343902536245E-8
7.306678402E-4	2.354458797245E-8