-6.979156518E-4	-4.19519950751E-9
-6.975908683E-4	-4.10999915251E-9
-6.971556429E-4	-4.02469584151E-9
-6.969118557E-4	-3.93942111351E-9
-6.964664685E-4	-3.85411144951E-9
-6.960630268E-4	-3.76878070051E-9
-6.956623335E-4	-3.68425615051E-9
-6.953515787E-4	-3.60181295851E-9
-6.949192422E-4	-3.52112081751E-9
-6.946164965E-4	-3.44219885451E-9
-6.942052142E-4	-3.36510548851E-9
-6.938326567E-4	-3.28976133851E-9
-6.934707109E-4	-3.21608262151E-9
-6.930897116E-4	-3.14405241551E-9
-6.928160799E-4	-3.07361291351E-9
-6.924922968E-4	-3.00481444251E-9
-6.921503147E-4	-2.93757230951E-9
-6.918177637E-4	-2.87176946951E-9
-6.915257755E-4	-2.80748544651E-9
-6.910969742E-4	-2.74470784051E-9
-6.908237416E-4	-2.68321814351E-9
-6.903423611E-4	-2.62321055251E-9
-6.901259173E-4	-2.56453354351E-9
-6.896974085E-4	-2.50721139351E-9
-6.893323319E-4	-2.45106286151E-9
-6.890084196E-4	-2.39622893151E-9
-6.88541596E-4	-2.34269963751E-9
-6.880893237E-4	-2.29037041251E-9
-6.876259118E-4	-2.23913826751E-9
-6.872989419E-4	-2.18911009551E-9
-6.869594272E-4	-2.14003033151E-9
-6.865252865E-4	-2.09228788351E-9
-6.862861418E-4	-2.04554812251E-9
-6.857735171E-4	-1.99985068251E-9
-6.854145782E-4	-1.95516654851E-9
-6.849799036E-4	-1.91145874951E-9
-6.84581627E-4	-1.86879743851E-9
-6.842752111E-4	-1.82716944551E-9
-6.838650866E-4	-1.78638344651E-9
-6.834328514E-4	-1.74646834951E-9
-6.830113062E-4	-1.70757132151E-9
-6.825429426E-4	-1.66952710251E-9
-6.822513309E-4	-1.63218534551E-9
-6.817931067E-4	-1.59587212451E-9
-6.813322745E-4	-1.56030401951E-9
-6.808899336E-4	-1.52543319651E-9
-6.805175784E-4	-1.49153982751E-9
-6.80008489E-4	-1.45826999651E-9
-6.796321773E-4	-1.42572199551E-9
-6.792053488E-4	-1.39403795851E-9
-6.787009412E-4	-1.36296431851E-9
-6.782470279E-4	-1.33271784251E-9
-6.777442334E-4	-1.30307480051E-9
-6.773458444E-4	-1.27400353751E-9
-6.769364449E-4	-1.24566331151E-9
-6.763172058E-4	-1.21804324551E-9
-6.758717007E-4	-1.19096787251E-9
-6.752903267E-4	-1.16443647751E-9
-6.747622851E-4	-1.13857197151E-9
-6.741829176E-4	-1.11329628751E-9
-6.737025149E-4	-1.08854904651E-9
-6.729628633E-4	-1.06437472951E-9
-6.725602084E-4	-1.04076108051E-9
-6.718588265E-4	-1.01760777851E-9
-6.713671042E-4	-9.9504561001E-10
-6.708364267E-4	-9.7299822201E-10
-6.702706437E-4	-9.5147649571E-10
-6.696454414E-4	-9.3038855851E-10
-6.691955466E-4	-9.0985626041E-10
-6.685003078E-4	-8.8975309921E-10
-6.680185226E-4	-8.6994812551E-10
-6.672119312E-4	-8.5072218061E-10
-6.666078675E-4	-8.3192063541E-10
-6.659771066E-4	-8.1356663911E-10
-6.654033594E-4	-7.9564479661E-10
-6.647704458E-4	-7.7814870871E-10
-6.640695248E-4	-7.6093098821E-10
-6.634046533E-4	-7.4411842281E-10
-6.626752758E-4	-7.2761845171E-10
-6.620510795E-4	-7.1154292901E-10
-6.612169761E-4	-6.9590715421E-10
-6.605367046E-4	-6.8057979241E-10
-6.599171733E-4	-6.6568106541E-10
-6.59085644E-4	-6.5091984051E-10
-6.582887932E-4	-6.3659831411E-10
-6.576032328E-4	-6.2270007451E-10
-6.568838934E-4	-6.0896537241E-10
-6.560943378E-4	-5.9568110631E-10
-6.553115717E-4	-5.8251886941E-10
-6.544879785E-4	-5.6980923081E-10
-6.535633352E-4	-5.5737811331E-10
-6.528582439E-4	-5.4508026151E-10
-6.519648054E-4	-5.3323876531E-10
-6.511658636E-4	-5.2152678351E-10
-6.502151976E-4	-5.1009712941E-10
-6.492263126E-4	-4.9896228331E-10
-6.483468129E-4	-4.8810759251E-10
-6.475056896E-4	-4.7739603951E-10
-6.465022476E-4	-4.6696649231E-10
-6.454884584E-4	-4.5680745391E-10
-6.446695134E-4	-4.4682273681E-10
-6.435866544E-4	-4.3710948401E-10
-6.427385786E-4	-4.2755478001E-10
-6.416371384E-4	-4.1830278921E-10
-6.406072353E-4	-4.0917645231E-10
-6.394256419E-4	-4.0038241811E-10
-6.384315073E-4	-3.9172258121E-10
-6.372291969E-4	-3.8320370681E-10
-6.361584949E-4	-3.7496849201E-10
-6.350386197E-4	-3.6687092821E-10
-6.336975683E-4	-3.5891777271E-10
-6.325019237E-4	-3.5125729981E-10
-6.31483981E-4	-3.4359623781E-10
-6.302765109E-4	-3.3620844771E-10
-6.290568501E-4	-3.2897394421E-10
-6.27728782E-4	-3.2188351041E-10
-6.264414172E-4	-3.1506585101E-10
-6.252399947E-4	-3.0825909671E-10
-6.239501569E-4	-3.0159816961E-10
-6.226963574E-4	-2.9522720641E-10
-6.213027718E-4	-2.8885673821E-10
-6.19897192E-4	-2.8263337841E-10
-6.186133231E-4	-2.7669276451E-10
-6.172154152E-4	-2.7077268321E-10
-6.155259969E-4	-2.6499317001E-10
-6.140697488E-4	-2.5936221331E-10
-6.125291319E-4	-2.5386424791E-10
-6.111542624E-4	-2.4852951421E-10
-6.097263749E-4	-2.4333512771E-10
-6.081939978E-4	-2.3813309911E-10
-6.064586492E-4	-2.3308205461E-10
-6.048194496E-4	-2.2817032701E-10
-6.03361549E-4	-2.2339434831E-10
-6.017074722E-4	-2.1875660191E-10
-5.999511255E-4	-2.1410833741E-10
-5.984110876E-4	-2.0961546401E-10
-5.967359566E-4	-2.0525397951E-10
-5.94868769E-4	-2.0090180061E-10
-5.932076216E-4	-1.9671543201E-10
-5.913390569E-4	-1.9266982071E-10
-5.894070149E-4	-1.8863488391E-10
-5.879214224E-4	-1.8474615181E-10
-5.859980246E-4	-1.8099546511E-10
-5.842543128E-4	-1.7724155841E-10
-5.822079395E-4	-1.7362875361E-10
-5.803063378E-4	-1.7001547841E-10
-5.784182984E-4	-1.6655510231E-10
-5.761844941E-4	-1.6308340081E-10
-5.741232548E-4	-1.5974055091E-10
-5.721476093E-4	-1.5639731181E-10
-5.70025922E-4	-1.5321052981E-10
-5.679768172E-4	-1.5015838531E-10
-5.659403472E-4	-1.4710306461E-10
-5.638410686E-4	-1.4405821241E-10
-5.616097992E-4	-1.4116057121E-10
-5.59361753E-4	-1.3825958681E-10
-5.572946234E-4	-1.3550464041E-10
-5.549874723E-4	-1.3276026431E-10
-5.528438315E-4	-1.3015374361E-10
-5.504095289E-4	-1.2755328151E-10
-5.484267959E-4	-1.2512947441E-10
-5.460447749E-4	-1.2254337691E-10
-5.436060266E-4	-1.2023096051E-10
-5.412756686E-4	-1.1778284001E-10
-5.391965619E-4	-1.1547636191E-10
-5.368680755E-4	-1.1330564651E-10
-5.34405075E-4	-1.1098307731E-10
-5.319498137E-4	-1.0880222611E-10
-5.295508189E-4	-1.0674237371E-10
-5.270651173E-4	-1.0456718111E-10
-5.244365887E-4	-1.0239419861E-10
-5.219769267E-4	-1.0021868351E-10
-5.192433687E-4	-9.818630231E-11
-5.164306242E-4	-9.601668591E-11
-5.133443772E-4	-9.385684161E-11
-5.105151928E-4	-9.169654081E-11
-5.073607135E-4	-8.968740581E-11
-5.04011536E-4	-8.753858071E-11
-5.009107152E-4	-8.537581511E-11
-4.973091344E-4	-8.320747521E-11
-4.940896602E-4	-8.118829331E-11
-4.906421191E-4	-7.902962341E-11
-4.866602642E-4	-7.686388891E-11
-4.826451923E-4	-7.469251701E-11
-4.787340595E-4	-7.267253131E-11
-4.744723116E-4	-7.0498348E-11
-4.700314398E-4	-6.831627412E-11
-4.653148453E-4	-6.613752474E-11
-4.607058209E-4	-6.409823755E-11
-4.55893055E-4	-6.191744976E-11
-4.50851042E-4	-5.974085114E-11
-4.452057634E-4	-5.756789134E-11
-4.397363767E-4	-5.55378166E-11
-4.337467666E-4	-5.3363844E-11
-4.277785367E-4	-5.119201081E-11
-4.210755393E-4	-4.901959205E-11
-4.146444539E-4	-4.700129671E-11
-4.074201988E-4	-4.484169169E-11
-4.000189894E-4	-4.268267951E-11
-3.921223989E-4	-4.052796011E-11
-3.838424822E-4	-3.851840924E-11
-3.751525815E-4	-3.635641656E-11
-3.653655797E-4	-3.419530572E-11
-3.548800848E-4	-3.201651211E-11
-3.444265759E-4	-2.999471094E-11
-3.325460002E-4	-2.780871419E-11
-3.198869243E-4	-2.562861236E-11
-3.059841265E-4	-2.344746339E-11
-2.912576681E-4	-2.142111916E-11
-2.747673485E-4	-1.924389918E-11
-2.563134224E-4	-1.706941493E-11
-2.361328875E-4	-1.489160473E-11
-2.145344978E-4	-1.283742143E-11
-1.908518923E-4	-1.066698754E-11
-1.655821158E-4	-8.48900737E-12
-1.383939943E-4	-6.32747686E-12
-1.103574823E-4	-4.31473682E-12
-8.060196583E-5	-2.15592109E-12
-4.943826178E-5	0
-1.745401653E-5	2.16130525E-12
1.7906182E-5	4.1733308E-12
5.415270912E-5	6.33763518E-12
9.04390403E-5	8.50534061E-12
1.267965713E-4	1.054036442E-11
1.644663658E-4	1.275218423E-11
1.990787237E-4	1.492740945E-11
2.330024524E-4	1.709733578E-11
2.648283414E-4	1.913161977E-11
2.938685203E-4	2.130718492E-11
3.196295974E-4	2.348067644E-11
3.413041555E-4	2.564074362E-11
3.585686364E-4	2.765601539E-11
3.729303273E-4	2.981389602E-11
3.848113864E-4	3.196687386E-11
3.95017275E-4	3.412425915E-11
4.042715703E-4	3.614573289E-11
4.126333601E-4	3.831694822E-11
4.20265587E-4	4.047964928E-11
4.306692649E-4	4.265660209E-11
4.347664404E-4	4.467459301E-11
4.401997774E-4	4.683781706E-11
4.463895094E-4	4.901251143E-11
4.521312857E-4	5.119152391E-11
4.571179596E-4	5.322809166E-11
4.619311077E-4	5.539797695E-11
4.672852976E-4	5.758468558E-11
4.721466354E-4	5.975231126E-11
4.76394439E-4	6.178137232E-11
4.808506265E-4	6.395354952E-11
4.848490675E-4	6.613448458E-11
4.888502063E-4	6.830943681E-11
4.925620997E-4	7.03363346E-11
4.964071192E-4	7.24938136E-11
4.997333258E-4	7.465664766E-11
5.033483E-4	7.681350239E-11
5.063144492E-4	7.882663679E-11
5.095121723E-4	8.098611783E-11
5.129150644E-4	8.315315475E-11
5.157507066E-4	8.531835232E-11
5.188598795E-4	8.762401323E-11
5.217271987E-4	8.993199487E-11
5.248236468E-4	9.224329839E-11
5.278334275E-4	9.471309849E-11
5.306493982E-4	9.721030129E-11
5.336044471E-4	9.968157839E-11
5.362685869E-4	1.0229403909E-10
5.391435722E-4	1.0490481589E-10
5.419302547E-4	1.0765496399E-10
5.4455907E-4	1.1039045729E-10
5.471333611E-4	1.1309752809E-10
5.495618297E-4	1.1598785849E-10
5.523188755E-4	1.1888498599E-10
5.548960274E-4	1.2191799069E-10
5.572131604E-4	1.2495084349E-10
5.596507509E-4	1.2812185979E-10
5.621937868E-4	1.3129068499E-10
5.645167763E-4	1.3465014839E-10
5.668807951E-4	1.3798383249E-10
5.693365341E-4	1.4146764509E-10
5.718068413E-4	1.4509273019E-10
5.738363812E-4	1.4858015029E-10
5.762823294E-4	1.5235227879E-10
5.783746161E-4	1.5610858799E-10
5.805334659E-4	1.5988536489E-10
5.827355145E-4	1.6392764099E-10
5.847795047E-4	1.6784856489E-10
5.869545189E-4	1.7204687389E-10
5.888694241E-4	1.7624391769E-10
5.908643421E-4	1.8038810739E-10
5.926104877E-4	1.8486559769E-10
5.946838503E-4	1.8934572689E-10
5.963680697E-4	1.9397476409E-10
5.98414842E-4	1.9859293109E-10
6.000631636E-4	2.0336420489E-10
6.019588188E-4	2.0826668629E-10
6.036396096E-4	2.1336386089E-10
6.052720534E-4	2.1843870689E-10
6.072385038E-4	2.2379638419E-10
6.089630106E-4	2.2915489819E-10
6.105833029E-4	2.3465805479E-10
6.121149045E-4	2.4015824229E-10
6.136396886E-4	2.4595023189E-10
6.153609861E-4	2.5188575559E-10
6.16921904E-4	2.5780364389E-10
6.182394E-4	2.6387174359E-10
6.198251659E-4	2.7022239299E-10
6.211596693E-4	2.7657444729E-10
6.225986402E-4	2.8307477629E-10
6.239522702E-4	2.8985241299E-10
6.254462821E-4	2.9664997459E-10
6.268337978E-4	3.0373358339E-10
6.281413907E-4	3.1087238019E-10
6.294413115E-4	3.1825714439E-10
6.307299971E-4	3.2578030589E-10
6.319381528E-4	3.3344418889E-10
6.332406591E-4	3.4126358769E-10
6.342743785E-4	3.4922260139E-10
6.354795274E-4	3.5746742769E-10
6.364869542E-4	3.6586053229E-10
6.378252009E-4	3.7438411419E-10
6.389324639E-4	3.8305886749E-10
6.40018965E-4	3.9200987409E-10
6.41146501E-4	4.0110967489E-10
6.422308774E-4	4.1050011509E-10
6.433619599E-4	4.2004908879E-10
6.442583099E-4	4.2988609839E-10
6.452483076E-4	4.3986209289E-10
6.464315424E-4	4.5014873929E-10
6.474253227E-4	4.6056752679E-10
6.483885617E-4	4.7127427979E-10
6.493224954E-4	4.8228462829E-10
6.502058901E-4	4.9343714639E-10
6.510826978E-4	5.0485712799E-10
6.520997468E-4	5.1657743629E-10
6.529249249E-4	5.2844068589E-10
6.537678299E-4	5.4074046909E-10
6.545471281E-4	5.5318451789E-10
6.553617903E-4	5.6607025429E-10
6.562999732E-4	5.7903403429E-10
6.570136471E-4	5.9232019529E-10
6.578519491E-4	6.0605461159E-10
6.586470576E-4	6.1993681459E-10
6.594539074E-4	6.3429023179E-10
6.601985726E-4	6.4891695729E-10
6.608901636E-4	6.6380769329E-10
6.617323154E-4	6.7915271399E-10
6.624886767E-4	6.9477791249E-10
6.63188721E-4	7.1069328709E-10
6.638224328E-4	7.2706465539E-10
6.644605116E-4	7.4370093609E-10
6.650662391E-4	7.6076900329E-10
6.658303508E-4	7.7826060079E-10
6.665009609E-4	7.9603910539E-10
6.67218243E-4	8.1425300359E-10
6.677114267E-4	8.3290206979E-10
6.683400742E-4	8.5198351489E-10
6.689348755E-4	8.7150299529E-10
6.695989489E-4	8.9146129939E-10
6.700229728E-4	9.1185196089E-10
6.707979715E-4	9.3269179219E-10
6.712663464E-4	9.5396267499E-10
6.71805376E-4	9.7581810939E-10
6.723998793E-4	9.9810018849E-10
6.728923715E-4	1.02096126249E-9
6.734235774E-4	1.04428321949E-9
6.73923039E-4	1.06800929649E-9
6.744841794E-4	1.09246090649E-9
6.749728441E-4	1.11734007849E-9
6.754355872E-4	1.14278568749E-9
6.759743076E-4	1.16881858249E-9
6.765649893E-4	1.19545208649E-9
6.770337069E-4	1.22275436349E-9
6.775772666E-4	1.25051957949E-9
6.780772733E-4	1.27900520949E-9
6.786332879E-4	1.30807502049E-9
6.791943608E-4	1.33789938449E-9
6.795604434E-4	1.36827542249E-9
6.800549308E-4	1.39937101149E-9
6.805337204E-4	1.43120655649E-9
6.811502504E-4	1.46376389949E-9
6.813451509E-4	1.49704499849E-9
6.817679832E-4	1.53103798349E-9
6.823010719E-4	1.56590647449E-9
6.825966796E-4	1.60148982049E-9
6.830068659E-4	1.63783639549E-9
6.834103189E-4	1.67498987049E-9
6.837552124E-4	1.71303026749E-9
6.842623683E-4	1.75192385449E-9
6.846975376E-4	1.79168932849E-9
6.851220224E-4	1.83217673849E-9
6.854602724E-4	1.87382167249E-9
6.859579635E-4	1.91637514749E-9
6.86239464E-4	1.95975466149E-9
6.865694463E-4	2.00415208349E-9
6.869558244E-4	2.04958187549E-9
6.873881104E-4	2.09600557349E-9
6.877061213E-4	2.14347394049E-9
6.881114008E-4	2.19210687349E-9
6.884130618E-4	2.24176604949E-9
6.887726864E-4	2.29251428349E-9
6.892275778E-4	2.34439657549E-9
6.894255414E-4	2.39747323049E-9
6.898269767E-4	2.45185633449E-9
6.901893218E-4	2.50732214049E-9
6.905266895E-4	2.56403424349E-9
6.908723191E-4	2.62219033349E-9
6.912298474E-4	2.68147301049E-9
6.916892126E-4	2.74204709849E-9
6.920280136E-4	2.80410361349E-9
6.924241488E-4	2.86747526149E-9
6.927162325E-4	2.93245234149E-9
6.930863955E-4	2.99870883949E-9
6.934554177E-4	3.06648807249E-9
6.937563817E-4	3.13577665549E-9
6.94081508E-4	3.20664741249E-9
6.944246647E-4	3.27915313649E-9
6.948138417E-4	3.35333504849E-9
6.950640756E-4	3.42896695949E-9
6.95463583E-4	3.50644595949E-9
6.958341058E-4	3.58578779849E-9
6.960445917E-4	3.66679797449E-9
6.96388052E-4	3.74955670449E-9
6.967184785E-4	3.83424604149E-9
6.970753941E-4	3.91953821349E-9
6.973305626E-4	4.00485914149E-9
6.977118317E-4	4.09003059149E-9
6.979156518E-4	4.17536814849E-9