-8.499830822e-04	-4.225354782e-08
-8.486412372e-04	-4.206772907e-08
-8.474027471e-04	-4.187955879e-08
-8.461461250e-04	-4.169058900e-08
-8.448139842e-04	-4.149927154e-08
-8.434827003e-04	-4.131048839e-08
-8.422503860e-04	-4.112405556e-08
-8.410022470e-04	-4.093596158e-08
-8.395715182e-04	-4.074758708e-08
-8.383491722e-04	-4.055745203e-08
-8.369880892e-04	-4.036933498e-08
-8.358565718e-04	-4.018023296e-08
-8.346072115e-04	-3.999225437e-08
-8.331966576e-04	-3.980332713e-08
-8.319758277e-04	-3.961437195e-08
-8.307721261e-04	-3.942583576e-08
-8.295541194e-04	-3.923711531e-08
-8.282921483e-04	-3.904935861e-08
-8.271841353e-04	-3.886054867e-08
-8.258711978e-04	-3.867152341e-08
-8.247153954e-04	-3.848224959e-08
-8.235259295e-04	-3.829615144e-08
-8.223049938e-04	-3.810767813e-08
-8.210512975e-04	-3.791620166e-08
-8.198999380e-04	-3.772909629e-08
-8.186424020e-04	-3.754050407e-08
-8.173819848e-04	-3.735191681e-08
-8.162216878e-04	-3.716370208e-08
-8.149559969e-04	-3.697517782e-08
-8.136435454e-04	-3.678603796e-08
-8.123771073e-04	-3.659704521e-08
-8.111587785e-04	-3.640783191e-08
-8.099661026e-04	-3.621984553e-08
-8.086435517e-04	-3.603134436e-08
-8.074548456e-04	-3.584281239e-08
-8.061741485e-04	-3.565422015e-08
-8.050185930e-04	-3.546574205e-08
-8.037562084e-04	-3.527545339e-08
-8.024635045e-04	-3.508665119e-08
-8.013007183e-04	-3.489818925e-08
-8.001631796e-04	-3.471011611e-08
-7.989551531e-04	-3.452115463e-08
-7.977815692e-04	-3.433268517e-08
-7.965002084e-04	-3.414407708e-08
-7.953361534e-04	-3.395560589e-08
-7.942326800e-04	-3.376727215e-08
-7.931308534e-04	-3.357824975e-08
-7.918555032e-04	-3.339019950e-08
-7.906301933e-04	-3.320221684e-08
-7.895719263e-04	-3.301401831e-08
-7.883770437e-04	-3.282564667e-08
-7.872901044e-04	-3.263548620e-08
-7.862231139e-04	-3.244697678e-08
-7.850312530e-04	-3.225764550e-08
-7.838858549e-04	-3.206691681e-08
-7.826791088e-04	-3.188004213e-08
-7.815386307e-04	-3.169171601e-08
-7.803137948e-04	-3.150336361e-08
-7.791661701e-04	-3.131481007e-08
-7.781315011e-04	-3.112615981e-08
-7.769930260e-04	-3.093778923e-08
-7.758885215e-04	-3.074867579e-08
-7.747386671e-04	-3.056058722e-08
-7.736347084e-04	-3.037201118e-08
-7.724703224e-04	-3.018350795e-08
-7.714577237e-04	-2.999373145e-08
-7.703368263e-04	-2.980497383e-08
-7.692226633e-04	-2.961629064e-08
-7.681796836e-04	-2.942818934e-08
-7.670229803e-04	-2.923950920e-08
-7.658599209e-04	-2.905211072e-08
-7.646557581e-04	-2.886366525e-08
-7.637540069e-04	-2.867511468e-08
-7.625733249e-04	-2.848542975e-08
-7.614891103e-04	-2.829740328e-08
-7.603894318e-04	-2.810948342e-08
-7.592766874e-04	-2.792066158e-08
-7.581463663e-04	-2.773235403e-08
-7.570773138e-04	-2.754405989e-08
-7.559784743e-04	-2.735352591e-08
-7.549665036e-04	-2.716521860e-08
-7.539415550e-04	-2.697659474e-08
-7.528887776e-04	-2.678804838e-08
-7.518204458e-04	-2.659898630e-08
-7.506827184e-04	-2.641091871e-08
-7.496772420e-04	-2.622268714e-08
-7.487080507e-04	-2.603427948e-08
-7.476298096e-04	-2.584422825e-08
-7.465781337e-04	-2.565617239e-08
-7.456347208e-04	-2.546708743e-08
-7.445883074e-04	-2.527882166e-08
-7.436252514e-04	-2.509037153e-08
-7.426369167e-04	-2.490156583e-08
-7.416331001e-04	-2.471057207e-08
-7.407198892e-04	-2.452294009e-08
-7.397002503e-04	-2.433492727e-08
-7.385716130e-04	-2.414683268e-08
-7.375548064e-04	-2.395846633e-08
-7.365732872e-04	-2.377032707e-08
-7.355998516e-04	-2.358101280e-08
-7.344872376e-04	-2.339268688e-08
-7.335912603e-04	-2.320413246e-08
-7.325536631e-04	-2.301548257e-08
-7.315460663e-04	-2.282742905e-08
-7.306579344e-04	-2.263801682e-08
-7.295673217e-04	-2.244956239e-08
-7.285015987e-04	-2.225957840e-08
-7.276035480e-04	-2.207046930e-08
-7.265769134e-04	-2.188222244e-08
-7.255914726e-04	-2.169319929e-08
-7.246882970e-04	-2.150498082e-08
-7.237313016e-04	-2.131642847e-08
-7.227192242e-04	-2.112747033e-08
-7.217774695e-04	-2.093948483e-08
-7.208892219e-04	-2.075056946e-08
-7.198137316e-04	-2.056144495e-08
-7.188758767e-04	-2.037313587e-08
-7.178796116e-04	-2.018377101e-08
-7.169476485e-04	-1.999671453e-08
-7.160363558e-04	-1.980799295e-08
-7.151994147e-04	-1.961800330e-08
-7.143964002e-04	-1.943105198e-08
-7.133958557e-04	-1.924211347e-08
-7.123122240e-04	-1.905325360e-08
-7.113850258e-04	-1.886463306e-08
-7.104015251e-04	-1.867610151e-08
-7.095849959e-04	-1.848769997e-08
-7.087404944e-04	-1.829918148e-08
-7.078290612e-04	-1.811124231e-08
-7.069485734e-04	-1.792267932e-08
-7.060939382e-04	-1.773405661e-08
-7.052715894e-04	-1.754530556e-08
-7.041988966e-04	-1.735624038e-08
-7.034427920e-04	-1.716777002e-08
-7.026007697e-04	-1.697750844e-08
-7.015951303e-04	-1.678839790e-08
-7.008469669e-04	-1.660043755e-08
-6.999675241e-04	-1.641111625e-08
-6.990511237e-04	-1.622405247e-08
-6.983721804e-04	-1.603519317e-08
-6.974821887e-04	-1.584668615e-08
-6.965629673e-04	-1.565845752e-08
-6.957777537e-04	-1.546965390e-08
-6.947334605e-04	-1.528162307e-08
-6.939895901e-04	-1.509308928e-08
-6.932212550e-04	-1.490444648e-08
-6.924064314e-04	-1.471473685e-08
-6.914561791e-04	-1.452625360e-08
-6.908667385e-04	-1.433681834e-08
-6.899704631e-04	-1.414903839e-08
-6.892383746e-04	-1.396063891e-08
-6.884512053e-04	-1.377193050e-08
-6.876676512e-04	-1.358304597e-08
-6.868482882e-04	-1.339448407e-08
-6.859145011e-04	-1.320574814e-08
-6.851985198e-04	-1.301641159e-08
-6.845991348e-04	-1.282809560e-08
-6.836902246e-04	-1.263949862e-08
-6.829177995e-04	-1.245145800e-08
-6.822533428e-04	-1.226304931e-08
-6.814747895e-04	-1.207465212e-08
-6.807562245e-04	-1.188640504e-08
-6.800415954e-04	-1.169575948e-08
-6.793147193e-04	-1.150746505e-08
-6.785386091e-04	-1.131919885e-08
-6.777528493e-04	-1.113076858e-08
-6.769042936e-04	-1.094241852e-08
-6.761409252e-04	-1.075328044e-08
-6.754148805e-04	-1.056512846e-08
-6.746749233e-04	-1.037649557e-08
-6.740057833e-04	-1.018736635e-08
-6.732664269e-04	-9.999511295e-09
-6.724258483e-04	-9.809857135e-09
-6.716577992e-04	-9.621443621e-09
-6.708359124e-04	-9.432854275e-09
-6.702195530e-04	-9.243896188e-09
-6.694456106e-04	-9.054462848e-09
-6.686966202e-04	-8.865737649e-09
-6.680070214e-04	-8.677275906e-09
-6.672958181e-04	-8.488795541e-09
-6.663979909e-04	-8.299636401e-09
-6.657241213e-04	-8.111731427e-09
-6.650152288e-04	-7.923144233e-09
-6.641749227e-04	-7.734699022e-09
-6.633368685e-04	-7.546081300e-09
-6.626066657e-04	-7.356934734e-09
-6.618878495e-04	-7.168645576e-09
-6.610918383e-04	-6.979797436e-09
-6.602503126e-04	-6.791647342e-09
-6.594404206e-04	-6.603960770e-09
-6.586491145e-04	-6.414204035e-09
-6.578758377e-04	-6.225724598e-09
-6.569703059e-04	-6.037041677e-09
-6.559843398e-04	-5.848686244e-09
-6.550656752e-04	-5.659885534e-09
-6.543480229e-04	-5.471223920e-09
-6.533193149e-04	-5.282685770e-09
-6.522247082e-04	-5.093885835e-09
-6.512614530e-04	-4.905183252e-09
-6.501908722e-04	-4.716668239e-09
-6.490574442e-04	-4.527794210e-09
-6.479238290e-04	-4.346658816e-09
-6.466407379e-04	-4.172352934e-09
-6.457719383e-04	-4.005689483e-09
-6.444102394e-04	-3.845666996e-09
-6.432500738e-04	-3.691287486e-09
-6.419496077e-04	-3.543237387e-09
-6.406635521e-04	-3.402134533e-09
-6.393796422e-04	-3.265463338e-09
-6.380581476e-04	-3.135905297e-09
-6.366092364e-04	-3.009387294e-09
-6.351626928e-04	-2.890161557e-09
-6.336141941e-04	-2.773911734e-09
-6.321045363e-04	-2.663204713e-09
-6.305353046e-04	-2.556433916e-09
-6.287378003e-04	-2.454541199e-09
-6.272150327e-04	-2.355816760e-09
-6.253627571e-04	-2.262256481e-09
-6.235334044e-04	-2.171870937e-09
-6.216569732e-04	-2.083894531e-09
-6.196774925e-04	-2.000408318e-09
-6.176835055e-04	-1.921434573e-09
-6.155959885e-04	-1.844032003e-09
-6.133048370e-04	-1.771235317e-09
-6.110658501e-04	-1.700729425e-09
-6.086796409e-04	-1.632892833e-09
-6.062028626e-04	-1.567128239e-09
-6.036207614e-04	-1.504841215e-09
-6.009136373e-04	-1.443437804e-09
-5.981600966e-04	-1.386330241e-09
-5.952626394e-04	-1.329956329e-09
-5.923917926e-04	-1.276921587e-09
-5.891730639e-04	-1.226273793e-09
-5.858310684e-04	-1.176919289e-09
-5.824258585e-04	-1.129957126e-09
-5.789994082e-04	-1.085179932e-09
-5.753425662e-04	-1.041993469e-09
-5.715940643e-04	-1.000330238e-09
-5.675983021e-04	-9.599498698e-10
-5.634703209e-04	-9.207787825e-10
-5.594271926e-04	-8.856887613e-10
-5.547471884e-04	-8.496789396e-10
-5.501232485e-04	-8.151699362e-10
-5.456601168e-04	-7.835506334e-10
-5.405307620e-04	-7.518975355e-10
-5.352955264e-04	-7.217252379e-10
-5.301450366e-04	-6.929851381e-10
-5.248800967e-04	-6.659368412e-10
-5.189223015e-04	-6.383560763e-10
-5.132151909e-04	-6.140908605e-10
-5.072587469e-04	-5.897001689e-10
-5.009108165e-04	-5.651446786e-10
-4.948286470e-04	-5.435180311e-10
-4.876781484e-04	-5.205892742e-10
-4.810555519e-04	-5.002000126e-10
-4.739521936e-04	-4.798515151e-10
-4.669237081e-04	-4.615109222e-10
-4.590579162e-04	-4.415353806e-10
-4.518291997e-04	-4.242548941e-10
-4.438893405e-04	-4.069543576e-10
-4.362428732e-04	-3.911626594e-10
-4.282258622e-04	-3.755169337e-10
-4.195657066e-04	-3.600191659e-10
-4.114528767e-04	-3.459944044e-10
-4.033955674e-04	-3.334725014e-10
-3.940501881e-04	-3.190573657e-10
-3.863765776e-04	-3.072162832e-10
-3.769994201e-04	-2.943181129e-10
-3.684020377e-04	-2.827271114e-10
-3.595803147e-04	-2.713354259e-10
-3.513896730e-04	-2.614236289e-10
-3.415795470e-04	-2.499830773e-10
-3.326989852e-04	-2.396764167e-10
-3.247097805e-04	-2.312385518e-10
-3.147480075e-04	-2.200307391e-10
-3.063194680e-04	-2.113825207e-10
-2.974990493e-04	-2.030851311e-10
-2.900577066e-04	-1.958828288e-10
-2.805880496e-04	-1.873049130e-10
-2.725678163e-04	-1.799884773e-10
-2.642526955e-04	-1.726300290e-10
-2.562352131e-04	-1.652444616e-10
-2.491426504e-04	-1.595341709e-10
-2.405726810e-04	-1.525498501e-10
-2.330642997e-04	-1.471434708e-10
-2.260136730e-04	-1.417628139e-10
-2.183583639e-04	-1.358996068e-10
-2.105972427e-04	-1.301539074e-10
-2.045923091e-04	-1.258495488e-10
-1.966693732e-04	-1.201599707e-10
-1.905232004e-04	-1.158831913e-10
-1.840519172e-04	-1.110192068e-10
-1.780471366e-04	-1.065807754e-10
-1.715212220e-04	-1.022414314e-10
-1.653147057e-04	-9.788249784e-11
-1.589900293e-04	-9.359008966e-11
-1.521995140e-04	-8.910689919e-11
-1.478407216e-04	-8.651712160e-11
-1.434164077e-04	-8.323527398e-11
-1.369024665e-04	-7.895572311e-11
-1.322031428e-04	-7.599221373e-11
-1.277844004e-04	-7.309905871e-11
-1.232182562e-04	-7.073018799e-11
-1.183886689e-04	-6.772683701e-11
-1.139923878e-04	-6.470796942e-11
-1.092277928e-04	-6.212972056e-11
-1.068975509e-04	-6.101552157e-11
-1.022972339e-04	-5.843507203e-11
-9.733578411e-05	-5.574804628e-11
-9.488555890e-05	-5.395714556e-11
-9.006064199e-05	-5.065586415e-11
-8.747670444e-05	-4.862332584e-11
-8.537305349e-05	-4.768949258e-11
-8.058294958e-05	-4.477177071e-11
-7.812184299e-05	-4.332257024e-11
-7.548057304e-05	-4.172884437e-11
-7.312814423e-05	-4.028827733e-11
-7.065306089e-05	-3.861853547e-11
-6.619111417e-05	-3.574924581e-11
-6.345600469e-05	-3.469334466e-11
-6.115456779e-05	-3.321140853e-11
-6.091881455e-05	-3.306679049e-11
-5.868797028e-05	-3.157261473e-11
-5.622864125e-05	-2.996511525e-11
-5.389511728e-05	-2.876939574e-11
-5.114587956e-05	-2.814322295e-11
-4.853598341e-05	-2.647038220e-11
-4.864293168e-05	-2.689977013e-11
-4.596849710e-05	-2.539562341e-11
-4.355084241e-05	-2.381727903e-11
-4.348623188e-05	-2.355540511e-11
-4.113229723e-05	-2.162886094e-11
-3.912344496e-05	-2.041280643e-11
-3.853064014e-05	-2.018453982e-11
-3.644929633e-05	-1.874398556e-11
-3.619923569e-05	-1.892159345e-11
-3.380627042e-05	-1.701201897e-11
-3.423399147e-05	-1.745494382e-11
-3.143625118e-05	-1.657820920e-11
-3.141372018e-05	-1.624613841e-11
-2.905165415e-05	-1.451926189e-11
-2.866326090e-05	-1.507390900e-11
-2.941169467e-05	-1.427022145e-11
-2.689294778e-05	-1.261764231e-11
-2.686147860e-05	-1.259605758e-11
-2.473436041e-05	-1.184470532e-11
-2.431638075e-05	-1.153777485e-11
-2.424928316e-05	-1.155026768e-11
-2.172952837e-05	-9.858588480e-12
-2.177785110e-05	-9.823286569e-12
-2.177395182e-05	-9.811362031e-12
-1.917889674e-05	-8.417285439e-12
-1.902957474e-05	-8.444034366e-12
-1.914326632e-05	-8.412004329e-12
-1.698318251e-05	-7.359530123e-12
-1.676829326e-05	-7.708812386e-12
-1.688365535e-05	-7.542381886e-12
-1.730654026e-05	-7.881626475e-12
-1.450322992e-05	-5.584553957e-12
-1.389258446e-05	-6.201987546e-12
-1.446212614e-05	-6.347787002e-12
-1.191689832e-05	-4.865993571e-12
-1.205321705e-05	-4.878276038e-12
-1.192983054e-05	-5.209671993e-12
-9.351806668e-06	-3.257449542e-12
-9.251198273e-06	-3.469548634e-12
-9.340379672e-06	-3.498313526e-12
-6.959977782e-06	-2.053645570e-12
-6.913347868e-06	-2.018987166e-12
-6.556695954e-06	-2.115171590e-12
-4.154117074e-06	-4.564081298e-13
-3.890796034e-06	-4.473164569e-13
-3.944217124e-06	-4.900834715e-13
-1.437654766e-06	9.299185526e-13
-1.315628845e-06	8.618677472e-13
-1.331453758e-06	9.772940671e-13
9.195181418e-07	2.052540429e-12
1.439748865e-06	3.244605124e-12
1.552481192e-06	2.332442901e-12
3.838511546e-06	4.718222507e-12
4.282742063e-06	3.492155419e-12
4.231252565e-06	4.546646319e-12
6.473772357e-06	5.185665595e-12
6.537255814e-06	5.916422637e-12
6.580399115e-06	5.032060979e-12
8.579282011e-06	7.098473577e-12
9.138710916e-06	7.155131529e-12
8.971718032e-06	6.806503595e-12
1.139688797e-05	8.701716578e-12
1.157089940e-05	8.198292285e-12
1.174299047e-05	8.707215510e-12
1.394446023e-05	1.034312064e-11
1.397276448e-05	9.612678690e-12
1.404758185e-05	1.015484557e-11
1.612003524e-05	1.104365334e-11
1.641613099e-05	1.169397143e-11
1.635146127e-05	1.110997162e-11
1.879007191e-05	1.303599707e-11
1.887348154e-05	1.257611908e-11
1.884171482e-05	1.304441413e-11
2.105313085e-05	1.360905667e-11
2.162819533e-05	1.406000983e-11
2.136507312e-05	1.447084935e-11
2.365624812e-05	1.520631362e-11
2.441406892e-05	1.585167224e-11
2.594984114e-05	1.680776925e-11
2.642978314e-05	1.736286215e-11
2.863535697e-05	1.842071720e-11
2.867517068e-05	1.857465523e-11
3.137581018e-05	2.019611977e-11
3.117372047e-05	2.049169373e-11
3.353350987e-05	2.090668956e-11
3.404623966e-05	2.203374508e-11
3.573402213e-05	2.217682991e-11
3.809451163e-05	2.445611534e-11
3.837863599e-05	2.372507754e-11
4.074334593e-05	2.612108254e-11
4.282578951e-05	2.689116833e-11
4.572616314e-05	2.875305071e-11
4.587853029e-05	2.841684303e-11
4.791862674e-05	2.946897746e-11
5.043801567e-05	3.150978453e-11
5.306196839e-05	3.264251871e-11
5.534034132e-05	3.507467139e-11
5.786085355e-05	3.514051433e-11
6.045043404e-05	3.778779069e-11
6.318282893e-05	3.896008817e-11
6.473627326e-05	4.021250342e-11
6.772863474e-05	4.106606999e-11
7.055488189e-05	4.349425877e-11
7.215989537e-05	4.422704470e-11
7.710425121e-05	4.739704223e-11
7.973259140e-05	4.847386641e-11
8.236632353e-05	5.072333454e-11
8.632171471e-05	5.285166324e-11
8.941834789e-05	5.477580141e-11
9.358773027e-05	5.712413763e-11
9.648454809e-05	5.909442292e-11
1.007696631e-04	6.177431762e-11
1.055015810e-04	6.431895094e-11
1.077703654e-04	6.604257441e-11
1.124811864e-04	6.917362717e-11
1.167282053e-04	7.131781312e-11
1.218604867e-04	7.504734902e-11
1.258371814e-04	7.728466356e-11
1.329391646e-04	8.212502245e-11
1.375072060e-04	8.464076200e-11
1.420454386e-04	8.762354137e-11
1.483118689e-04	9.202128945e-11
1.532656478e-04	9.419989906e-11
1.594968056e-04	9.952299435e-11
1.635128143e-04	1.016472714e-10
1.703147438e-04	1.065827197e-10
1.768139075e-04	1.104885464e-10
1.825938387e-04	1.155434651e-10
1.907727943e-04	1.201470846e-10
1.972227559e-04	1.252098705e-10
2.029147171e-04	1.290391606e-10
2.103388255e-04	1.352122547e-10
2.183512140e-04	1.405679130e-10
2.258605547e-04	1.471991167e-10
2.327285169e-04	1.521721565e-10
2.403924812e-04	1.583356078e-10
2.474915961e-04	1.638339418e-10
2.558406645e-04	1.714454694e-10
2.640006070e-04	1.776732615e-10
2.727844818e-04	1.857925726e-10
2.803601176e-04	1.925907831e-10
2.880274349e-04	1.994385885e-10
2.971046793e-04	2.090846897e-10
3.060614890e-04	2.166491081e-10
3.142479583e-04	2.262734814e-10
3.225098118e-04	2.342971656e-10
3.302686915e-04	2.434746912e-10
3.390664353e-04	2.529951306e-10
3.475903315e-04	2.627159123e-10
3.570303440e-04	2.753173943e-10
3.647734124e-04	2.844632729e-10
3.735043056e-04	2.965086111e-10
3.814932471e-04	3.075549300e-10
3.906461162e-04	3.209717818e-10
3.987116158e-04	3.335682730e-10
4.067437609e-04	3.469208725e-10
4.150085198e-04	3.608091006e-10
4.230656883e-04	3.757543978e-10
4.307402929e-04	3.895428047e-10
4.386533189e-04	4.060925957e-10
4.458643236e-04	4.209408066e-10
4.534736333e-04	4.392219579e-10
4.606981873e-04	4.556518641e-10
4.680945630e-04	4.752530303e-10
4.745972798e-04	4.931987901e-10
4.815946623e-04	5.138186866e-10
4.878643414e-04	5.333595959e-10
4.945260178e-04	5.555604765e-10
5.006809020e-04	5.781254645e-10
5.068636542e-04	6.017389086e-10
5.122256450e-04	6.242715097e-10
5.182162957e-04	6.504923740e-10
5.234909906e-04	6.760436011e-10
5.288353810e-04	7.035639842e-10
5.337331658e-04	7.304675520e-10
5.385626222e-04	7.599333068e-10
5.434997708e-04	7.912752065e-10
5.481914744e-04	8.231114759e-10
5.525910977e-04	8.544064837e-10
5.565793831e-04	8.891967060e-10
5.608129732e-04	9.255976753e-10
5.646833924e-04	9.621383579e-10
5.685698258e-04	1.000263005e-09
5.723154473e-04	1.040151173e-09
5.758601268e-04	1.082220983e-09
5.792349108e-04	1.125149543e-09
5.825812341e-04	1.170134748e-09
5.856614399e-04	1.217081963e-09
5.886325494e-04	1.266225741e-09
5.917376669e-04	1.316401923e-09
5.945070207e-04	1.370168660e-09
5.972393544e-04	1.424198415e-09
5.996724201e-04	1.481147637e-09
6.021878842e-04	1.539311985e-09
6.047987054e-04	1.601898653e-09
6.071449594e-04	1.666743923e-09
6.092197810e-04	1.732604277e-09
6.115291618e-04	1.802069618e-09
6.135880564e-04	1.873954953e-09
6.156374095e-04	1.948805504e-09
6.176954258e-04	2.027297712e-09
6.194677538e-04	2.108509508e-09
6.213662083e-04	2.193103333e-09
6.231016044e-04	2.279741028e-09
6.249788642e-04	2.371707792e-09
6.265486641e-04	2.466811966e-09
6.283158486e-04	2.564399905e-09
6.296682065e-04	2.668408593e-09
6.311245987e-04	2.774378838e-09
6.325709987e-04	2.885832578e-09
6.340082011e-04	3.000709279e-09
6.353863642e-04	3.120320178e-09
6.367173176e-04	3.245410768e-09
6.379729107e-04	3.374185121e-09
6.391642605e-04	3.510515527e-09
6.404520227e-04	3.651200410e-09
6.417473578e-04	3.796161376e-09
6.428401051e-04	3.949281768e-09
6.440063629e-04	4.106685830e-09
6.451174353e-04	4.271688791e-09
6.462320969e-04	4.441203638e-09
6.473031542e-04	4.619529617e-09
6.483668617e-04	4.804791069e-09
6.493369075e-04	4.992372756e-09
6.504147791e-04	5.181378340e-09
6.513449408e-04	5.369650503e-09
6.523269361e-04	5.559434103e-09
6.531387364e-04	5.748299918e-09
6.542540980e-04	5.936961225e-09
6.550047470e-04	6.125270526e-09
6.558258407e-04	6.313661657e-09
6.566700818e-04	6.502571856e-09
6.574826871e-04	6.690433438e-09
6.585479958e-04	6.879512788e-09
6.591376024e-04	7.068061562e-09
6.599213933e-04	7.256067960e-09
6.608289053e-04	7.445487241e-09
6.616190016e-04	7.632997155e-09
6.623672349e-04	7.822860550e-09
6.632211233e-04	8.010089137e-09
6.639509135e-04	8.200800749e-09
6.646719793e-04	8.389024479e-09
6.654137172e-04	8.577299536e-09
6.661624119e-04	8.766506904e-09
6.668313032e-04	8.954432536e-09
6.676430911e-04	9.143540539e-09
6.682381386e-04	9.331490539e-09
6.689222245e-04	9.520684164e-09
6.696831627e-04	9.708557164e-09
6.705489407e-04	9.897587475e-09
6.711076696e-04	1.008546046e-08
6.720282902e-04	1.027484176e-08
6.727514541e-04	1.046254768e-08
6.735001859e-04	1.065350934e-08
6.742732500e-04	1.084143651e-08
6.750179609e-04	1.103050854e-08
6.758639339e-04	1.121834518e-08
6.765336309e-04	1.140773589e-08
6.772692409e-04	1.159541196e-08
6.780631530e-04	1.178465152e-08
6.787508420e-04	1.197188138e-08
6.796338880e-04	1.216183344e-08
6.803889838e-04	1.234984910e-08
6.812053118e-04	1.253891147e-08
6.820958040e-04	1.272653524e-08
6.827764386e-04	1.291592198e-08
6.836903500e-04	1.310400305e-08
6.844104698e-04	1.329478565e-08
6.851150952e-04	1.348222086e-08
6.860550704e-04	1.367215896e-08
6.867803085e-04	1.385962763e-08
6.876334288e-04	1.404896726e-08
6.884357928e-04	1.423665171e-08
6.894244362e-04	1.442607443e-08
6.901312564e-04	1.461407491e-08
6.908904170e-04	1.480292483e-08
6.917279379e-04	1.499027966e-08
6.925155701e-04	1.518036820e-08
6.932810133e-04	1.536809630e-08
6.941212358e-04	1.555593662e-08
6.949738919e-04	1.574568009e-08
6.958532168e-04	1.593471471e-08
6.966360008e-04	1.612421731e-08
6.975192606e-04	1.631193046e-08
6.984355553e-04	1.650135081e-08
6.993355622e-04	1.668796966e-08
7.000892139e-04	1.687884115e-08
7.008987262e-04	1.706626114e-08
7.018657137e-04	1.725515497e-08
7.026084476e-04	1.744393178e-08
7.035121184e-04	1.763144757e-08
7.043752178e-04	1.782137838e-08
7.052849102e-04	1.800860034e-08
7.061419517e-04	1.819731413e-08
7.070715441e-04	1.838602298e-08
7.079710538e-04	1.857639446e-08
7.087456945e-04	1.876313297e-08
7.096809286e-04	1.895354888e-08
7.106480124e-04	1.914153548e-08
7.115968312e-04	1.933093763e-08
7.125088595e-04	1.951880362e-08
7.134748046e-04	1.970764058e-08
7.143886693e-04	1.989618483e-08
7.154487257e-04	2.008393530e-08
7.163474063e-04	2.027372728e-08
7.172520366e-04	2.046108220e-08
7.182311154e-04	2.065071337e-08
7.192966614e-04	2.083850282e-08
7.201313348e-04	2.102734797e-08
7.210847655e-04	2.121648853e-08
7.221628502e-04	2.140607478e-08
7.230941873e-04	2.159357083e-08
7.239472930e-04	2.178306190e-08
7.248301018e-04	2.197073180e-08
7.257809959e-04	2.216046155e-08
7.267539687e-04	2.234822811e-08
7.277375752e-04	2.253751097e-08
7.287088311e-04	2.272520311e-08
7.296639551e-04	2.291440520e-08
7.307660879e-04	2.310203845e-08
7.317721092e-04	2.329154758e-08
7.327628510e-04	2.347943776e-08
7.336455306e-04	2.366854589e-08
7.345759053e-04	2.385837865e-08
7.355349885e-04	2.404667046e-08
7.366334236e-04	2.423518902e-08
7.375886801e-04	2.442411364e-08
7.386375464e-04	2.461195479e-08
7.396247322e-04	2.480150461e-08
7.406619957e-04	2.498888017e-08
7.415280833e-04	2.517856149e-08
7.425938979e-04	2.536643486e-08
7.436331663e-04	2.555594208e-08
7.447208031e-04	2.574303954e-08
7.457327267e-04	2.593230647e-08
7.467667562e-04	2.612020865e-08
7.477671106e-04	2.630945274e-08
7.487819016e-04	2.649856463e-08
7.498633164e-04	2.668863864e-08
7.510425308e-04	2.687581048e-08
7.519674537e-04	2.706548443e-08
7.532368075e-04	2.725332568e-08
7.543487686e-04	2.744241539e-08
7.554348895e-04	2.763028407e-08
7.565041812e-04	2.781884083e-08
7.574837442e-04	2.800704818e-08
7.586699505e-04	2.819400484e-08
7.598126563e-04	2.838238276e-08
7.609973102e-04	2.857397615e-08
7.620841199e-04	2.876124813e-08
7.631712595e-04	2.895098369e-08
7.642552732e-04	2.913985093e-08
7.654396058e-04	2.932931958e-08
7.665152257e-04	2.951653312e-08
7.675208773e-04	2.970647225e-08
7.687668340e-04	2.989239636e-08
7.697615098e-04	3.008335778e-08
7.708252545e-04	3.027129686e-08
7.719263579e-04	3.046005811e-08
7.730593449e-04	3.064795741e-08
7.741758682e-04	3.083716089e-08
7.752223909e-04	3.102598337e-08
7.764823199e-04	3.121366771e-08
7.775971140e-04	3.140265161e-08
7.786186382e-04	3.159159045e-08
7.799283267e-04	3.178030383e-08
7.810140567e-04	3.196952748e-08
7.821339687e-04	3.215868945e-08
7.833257943e-04	3.234686615e-08
7.844183773e-04	3.253480700e-08
7.855450454e-04	3.272422341e-08
7.867361839e-04	3.291220510e-08
7.878727864e-04	3.310126539e-08
7.889506582e-04	3.328888611e-08
7.901271917e-04	3.347833526e-08
7.914299345e-04	3.366590639e-08
7.925828476e-04	3.385544594e-08
7.938206503e-04	3.404326257e-08
7.949890054e-04	3.423398562e-08
7.963237522e-04	3.442027180e-08
7.973681159e-04	3.461105161e-08
7.986856281e-04	3.479855114e-08
7.998577891e-04	3.498794137e-08
8.011432379e-04	3.517597401e-08
8.022464408e-04	3.536475430e-08
8.034706228e-04	3.555383956e-08
8.046580277e-04	3.574172542e-08
8.058771492e-04	3.593065407e-08
8.071486712e-04	3.611923128e-08
8.082329544e-04	3.630726728e-08
8.094804510e-04	3.649703369e-08
8.106234677e-04	3.668426493e-08
8.119106145e-04	3.687523104e-08
8.131089331e-04	3.706313320e-08
8.142922840e-04	3.725236868e-08
8.154239190e-04	3.744020711e-08
8.166365928e-04	3.762979287e-08
8.178714553e-04	3.781738297e-08
8.190475747e-04	3.800643990e-08
8.203797607e-04	3.819457841e-08
8.215309896e-04	3.838357436e-08
8.228041249e-04	3.857142574e-08
8.239443914e-04	3.876061833e-08
8.251600039e-04	3.894868696e-08
8.264549349e-04	3.913759951e-08
8.276331283e-04	3.932531200e-08
8.289822873e-04	3.951583357e-08
8.302171990e-04	3.970376253e-08
8.314956562e-04	3.989343134e-08
8.328448982e-04	4.008121478e-08
8.340782418e-04	4.027034151e-08
8.353898051e-04	4.045821489e-08
8.366278075e-04	4.064737073e-08
8.379145636e-04	4.083497802e-08
8.392167237e-04	4.102444008e-08
8.405837817e-04	4.121216041e-08
8.418309105e-04	4.140157797e-08
8.430823561e-04	4.158935479e-08
8.442621605e-04	4.177878705e-08
8.453827992e-04	4.196643010e-08
8.467241697e-04	4.215726622e-08
8.479319494e-04	4.234494496e-08