-6.973632568E-4	-4.19728325487E-9
-6.969918011E-4	-4.11216273087E-9
-6.966751222E-4	-4.02685528287E-9
-6.963502038E-4	-3.94156401587E-9
-6.959919168E-4	-3.85624949187E-9
-6.956241144E-4	-3.77095954387E-9
-6.953338798E-4	-3.68645619987E-9
-6.950196853E-4	-3.60401170587E-9
-6.946917656E-4	-3.52330072087E-9
-6.943832027E-4	-3.44435734287E-9
-6.939839087E-4	-3.36726874687E-9
-6.937870973E-4	-3.29193865487E-9
-6.93404457E-4	-3.21830456387E-9
-6.929779544E-4	-3.14624712387E-9
-6.925813922E-4	-3.07577324687E-9
-6.92219969E-4	-3.00692006087E-9
-6.919002551E-4	-2.93959316187E-9
-6.916019551E-4	-2.87392361587E-9
-6.911416006E-4	-2.80968702087E-9
-6.907875345E-4	-2.74686948087E-9
-6.905002844E-4	-2.68539188887E-9
-6.901093652E-4	-2.62535414887E-9
-6.898045905E-4	-2.56665937887E-9
-6.894146884E-4	-2.50932140987E-9
-6.891155846E-4	-2.45327550387E-9
-6.888024186E-4	-2.39841809387E-9
-6.882589715E-4	-2.34486061787E-9
-6.878479982E-4	-2.29248081587E-9
-6.87471012E-4	-2.24130577887E-9
-6.871109321E-4	-2.19126617887E-9
-6.86691399E-4	-2.14225611887E-9
-6.862086975E-4	-2.09451379687E-9
-6.860391846E-4	-2.04777372587E-9
-6.856070505E-4	-2.00206013787E-9
-6.850633503E-4	-1.95734022187E-9
-6.847106781E-4	-1.91363659787E-9
-6.842681911E-4	-1.87094584587E-9
-6.839074367E-4	-1.82930551187E-9
-6.834022366E-4	-1.78851510687E-9
-6.829940176E-4	-1.74858162187E-9
-6.826292952E-4	-1.70967378987E-9
-6.821819071E-4	-1.67163157787E-9
-6.817676121E-4	-1.63428042487E-9
-6.813595168E-4	-1.59797482587E-9
-6.807697119E-4	-1.56241785987E-9
-6.804303827E-4	-1.52756388587E-9
-6.799857993E-4	-1.49372610287E-9
-6.795099212E-4	-1.46047080687E-9
-6.79016316E-4	-1.42793109087E-9
-6.784896402E-4	-1.39626213887E-9
-6.7805881E-4	-1.36517201087E-9
-6.775548409E-4	-1.33492246087E-9
-6.770372478E-4	-1.30525431587E-9
-6.765049628E-4	-1.27616367887E-9
-6.760825519E-4	-1.24781306487E-9
-6.754855194E-4	-1.22017765787E-9
-6.750605399E-4	-1.19309737287E-9
-6.744176557E-4	-1.16662120287E-9
-6.739885004E-4	-1.14071828887E-9
-6.734992793E-4	-1.11541325687E-9
-6.728938329E-4	-1.09067521787E-9
-6.724270935E-4	-1.06652610687E-9
-6.718254071E-4	-1.04293334687E-9
-6.713054254E-4	-1.01981453687E-9
-6.707451111E-4	-9.9725922987E-10
-6.700982925E-4	-9.7528762887E-10
-6.694507826E-4	-9.5374186677E-10
-6.688606069E-4	-9.3263158607E-10
-6.683588073E-4	-9.1209475927E-10
-6.676500456E-4	-8.9195029097E-10
-6.671226447E-4	-8.7211744127E-10
-6.665200592E-4	-8.5287063427E-10
-6.659616389E-4	-8.3406283967E-10
-6.652047719E-4	-8.1569915477E-10
-6.645642257E-4	-7.9775603397E-10
-6.638911708E-4	-7.8025567747E-10
-6.631815831E-4	-7.6303949187E-10
-6.626413787E-4	-7.4627116287E-10
-6.618573031E-4	-7.2979300937E-10
-6.611003293E-4	-7.1373860467E-10
-6.603635496E-4	-6.9812203137E-10
-6.596238531E-4	-6.8280757967E-10
-6.589932214E-4	-6.6791271767E-10
-6.582123606E-4	-6.5313632537E-10
-6.575065553E-4	-6.3882024137E-10
-6.566498409E-4	-6.2492949587E-10
-6.558628201E-4	-6.1119112177E-10
-6.550167339E-4	-5.9787253087E-10
-6.54293803E-4	-5.8469092957E-10
-6.535346991E-4	-5.7196321307E-10
-6.526507479E-4	-5.5952283617E-10
-6.519241807E-4	-5.4720859697E-10
-6.508863809E-4	-5.3536573677E-10
-6.499938755E-4	-5.2365149097E-10
-6.490290684E-4	-5.1223066197E-10
-6.481681668E-4	-5.0110054717E-10
-6.473155103E-4	-4.9027277847E-10
-6.463612135E-4	-4.7957688087E-10
-6.453877961E-4	-4.6916461687E-10
-6.443074157E-4	-4.5902861977E-10
-6.43214069E-4	-4.4904930137E-10
-6.424312298E-4	-4.3936117577E-10
-6.415021351E-4	-4.2981781287E-10
-6.404561631E-4	-4.2052964767E-10
-6.391849179E-4	-4.1143003747E-10
-6.381957574E-4	-4.0258772217E-10
-6.370899052E-4	-3.9389940887E-10
-6.361078153E-4	-3.8536044367E-10
-6.348808366E-4	-3.7712334117E-10
-6.337499845E-4	-3.6900469357E-10
-6.324363329E-4	-3.6104461967E-10
-6.312793346E-4	-3.5337111377E-10
-6.302070869E-4	-3.4571148287E-10
-6.289093075E-4	-3.3834535017E-10
-6.275798061E-4	-3.3110956007E-10
-6.263864379E-4	-3.2405595537E-10
-6.25088012E-4	-3.1726733697E-10
-6.237350733E-4	-3.1047407367E-10
-6.225226574E-4	-3.0382589627E-10
-6.21089987E-4	-2.9746345807E-10
-6.197270833E-4	-2.9110444597E-10
-6.181887035E-4	-2.8488775667E-10
-6.16898787E-4	-2.7893624207E-10
-6.152305746E-4	-2.7301199807E-10
-6.137406319E-4	-2.6721931227E-10
-6.122647963E-4	-2.6156550377E-10
-6.108439908E-4	-2.5605367657E-10
-6.092636487E-4	-2.5069863227E-10
-6.078359356E-4	-2.4548835027E-10
-6.062448415E-4	-2.4027231857E-10
-6.045475377E-4	-2.3520887497E-10
-6.029315619E-4	-2.3028232297E-10
-6.012583361E-4	-2.2552836747E-10
-5.995602622E-4	-2.2091200607E-10
-5.97897159E-4	-2.1629256607E-10
-5.962370458E-4	-2.1182344127E-10
-5.945383143E-4	-2.0748934007E-10
-5.927437093E-4	-2.0315457887E-10
-5.9094508E-4	-1.9896989847E-10
-5.891798868E-4	-1.9492872107E-10
-5.871096378E-4	-1.9086882337E-10
-5.852835189E-4	-1.8695504557E-10
-5.835180165E-4	-1.8317871717E-10
-5.814575921E-4	-1.7940460257E-10
-5.795396912E-4	-1.7577810077E-10
-5.774722804E-4	-1.7215974437E-10
-5.756007089E-4	-1.6868254787E-10
-5.734873005E-4	-1.6520278547E-10
-5.715295281E-4	-1.6185070337E-10
-5.693986289E-4	-1.5852380457E-10
-5.672558705E-4	-1.5535802217E-10
-5.653280662E-4	-1.5233573657E-10
-5.630867588E-4	-1.4930770477E-10
-5.609259194E-4	-1.4627932287E-10
-5.587572451E-4	-1.4338089297E-10
-5.565769026E-4	-1.4049114587E-10
-5.542589434E-4	-1.3774633647E-10
-5.521254756E-4	-1.3501406467E-10
-5.497569268E-4	-1.3241131057E-10
-5.475711156E-4	-1.2981199307E-10
-5.452069621E-4	-1.2733520517E-10
-5.427629642E-4	-1.2473319587E-10
-5.405053012E-4	-1.2240484497E-10
-5.38273689E-4	-1.1994144997E-10
-5.359102098E-4	-1.1762830567E-10
-5.33387801E-4	-1.1544536157E-10
-5.308426632E-4	-1.1312391717E-10
-5.285588538E-4	-1.1095038637E-10
-5.262177665E-4	-1.0891963677E-10
-5.236764561E-4	-1.0673769437E-10
-5.210001311E-4	-1.0455859787E-10
-5.182150336E-4	-1.0239848877E-10
-5.15700887E-4	-1.0038472187E-10
-5.127382506E-4	-9.823134037E-11
-5.097291218E-4	-9.607062447E-11
-5.065784082E-4	-9.391578087E-11
-5.035683913E-4	-9.188988447E-11
-5.003595567E-4	-8.973848877E-11
-4.969317096E-4	-8.757087117E-11
-4.933776948E-4	-8.540630107E-11
-4.898594149E-4	-8.338213057E-11
-4.859902217E-4	-8.121457477E-11
-4.822309761E-4	-7.903662457E-11
-4.780589419E-4	-7.685516627E-11
-4.742731227E-4	-7.481815267E-11
-4.698757869E-4	-7.263184243E-11
-4.652904358E-4	-7.045255201E-11
-4.609532108E-4	-6.828057505E-11
-4.559970334E-4	-6.625038331E-11
-4.511528098E-4	-6.407706292E-11
-4.456956589E-4	-6.190432665E-11
-4.403222471E-4	-5.974257494E-11
-4.348122976E-4	-5.774894753E-11
-4.290186503E-4	-5.559834979E-11
-4.228742248E-4	-5.343858586E-11
-4.160161423E-4	-5.126377129E-11
-4.096218539E-4	-4.924890669E-11
-4.026148124E-4	-4.708360056E-11
-3.948619369E-4	-4.49159027E-11
-3.8697009E-4	-4.273511258E-11
-3.788319774E-4	-4.070725961E-11
-3.70021726E-4	-3.85190859E-11
-3.605625596E-4	-3.632811155E-11
-3.503138375E-4	-3.415167882E-11
-3.396706889E-4	-3.211674087E-11
-3.27800202E-4	-2.993967339E-11
-3.152457677E-4	-2.776999532E-11
-3.015463291E-4	-2.560941708E-11
-2.868462587E-4	-2.359705101E-11
-2.705583991E-4	-2.144052021E-11
-2.527204353E-4	-1.928410873E-11
-2.329718323E-4	-1.71189359E-11
-2.12088915E-4	-1.507179014E-11
-1.891841127E-4	-1.291071655E-11
-1.642515859E-4	-1.074208912E-11
-1.375070418E-4	-8.58192357E-12
-1.095210632E-4	-6.561522E-12
-7.984041688E-5	-4.36872867E-12
-4.849660541E-5	-2.18398075E-12
-1.635550455E-5	0
1.771148391E-5	2.02936927E-12
5.282953084E-5	4.20403279E-12
8.888385533E-5	6.3788523E-12
1.244303831E-4	8.41651319E-12
1.589727944E-4	1.058031087E-11
1.94208247E-4	1.275756723E-11
2.282030295E-4	1.492358785E-11
2.607984373E-4	1.69159478E-11
2.895316213E-4	1.907452285E-11
3.144646708E-4	2.12312827E-11
3.354772632E-4	2.34031837E-11
3.524431799E-4	2.542001746E-11
3.662893067E-4	2.758616032E-11
3.781837987E-4	2.974639398E-11
3.885880836E-4	3.192170476E-11
3.977093034E-4	3.394416017E-11
4.061029444E-4	3.613054605E-11
4.139227539E-4	3.830326079E-11
4.208944203E-4	4.04961682E-11
4.276709275E-4	4.253262448E-11
4.340199824E-4	4.470269371E-11
4.40043349E-4	4.687868668E-11
4.459277386E-4	4.90514672E-11
4.510872472E-4	5.108136266E-11
4.562911179E-4	5.325801192E-11
4.61388172E-4	5.541555698E-11
4.663255603E-4	5.756891317E-11
4.706234533E-4	5.95795109E-11
4.750250325E-4	6.173612959E-11
4.792477857E-4	6.390032047E-11
4.835194144E-4	6.607021013E-11
4.871314661E-4	6.809101944E-11
4.908080461E-4	7.024541578E-11
4.946032234E-4	7.240926848E-11
4.982078393E-4	7.45880682E-11
5.01248909E-4	7.66260955E-11
5.045927976E-4	7.882920431E-11
5.079049308E-4	8.101037627E-11
5.105301488E-4	8.318520015E-11
5.140199443E-4	8.550448127E-11
5.171248569E-4	8.781705051E-11
5.198133388E-4	9.012872653E-11
5.229386481E-4	9.257098533E-11
5.262322786E-4	9.501645003E-11
5.28976313E-4	9.746090113E-11
5.320633075E-4	1.0006328853E-10
5.347550607E-4	1.0266023353E-10
5.375796193E-4	1.0540440033E-10
5.404293802E-4	1.0814216173E-10
5.431423336E-4	1.1088250023E-10
5.457109649E-4	1.1377875253E-10
5.484227213E-4	1.1669047383E-10
5.509499411E-4	1.1974377243E-10
5.534841023E-4	1.2279094883E-10
5.559343894E-4	1.2598079293E-10
5.58539104E-4	1.2916733433E-10
5.611667277E-4	1.3252527363E-10
5.634732661E-4	1.3585443143E-10
5.659359295E-4	1.3933494263E-10
5.68411503E-4	1.4294965693E-10
5.70612495E-4	1.4641456363E-10
5.729317693E-4	1.5016934463E-10
5.74975945E-4	1.5390677543E-10
5.772100358E-4	1.5766388213E-10
5.796335809E-4	1.6170578743E-10
5.818391816E-4	1.6561140433E-10
5.838614768E-4	1.6979635003E-10
5.85866062E-4	1.7398366953E-10
5.879733329E-4	1.7816909143E-10
5.900644169E-4	1.8264832653E-10
5.920581433E-4	1.8715338493E-10
5.941400548E-4	1.9178372803E-10
5.959037697E-4	1.9642142853E-10
5.977487904E-4	2.0120958993E-10
5.996221605E-4	2.0612790343E-10
6.016147235E-4	2.1119860013E-10
6.032458014E-4	2.1625858793E-10
6.048667794E-4	2.2161660603E-10
6.066997609E-4	2.2697932223E-10
6.084611549E-4	2.3248726813E-10
6.09878043E-4	2.3796111133E-10
6.115406685E-4	2.4375243563E-10
6.131344941E-4	2.4969000703E-10
6.147577484E-4	2.5562191343E-10
6.162637714E-4	2.6169486053E-10
6.177754203E-4	2.6804960233E-10
6.193309876E-4	2.7440223513E-10
6.20722696E-4	2.8089928713E-10
6.221182209E-4	2.8768721163E-10
6.233448792E-4	2.9448060273E-10
6.246739533E-4	3.0156921263E-10
6.260581921E-4	3.0865124143E-10
6.274739E-4	3.1601779233E-10
6.287134067E-4	3.2353631793E-10
6.298941121E-4	3.3120776933E-10
6.313012319E-4	3.3902966983E-10
6.325459318E-4	3.4699157003E-10
6.339506742E-4	3.5524761083E-10
6.348545892E-4	3.6364374363E-10
6.359438442E-4	3.7218107053E-10
6.371314179E-4	3.8087291383E-10
6.382872078E-4	3.8984199893E-10
6.394987808E-4	3.9896042173E-10
6.40625513E-4	4.0836722693E-10
6.416619077E-4	4.1790681963E-10
6.427317048E-4	4.2775482863E-10
6.437830724E-4	4.3772083413E-10
6.447670901E-4	4.4798221923E-10
6.45754407E-4	4.5838438073E-10
6.467696744E-4	4.6908340123E-10
6.477576039E-4	4.8007053143E-10
6.487373221E-4	4.9120611093E-10
6.496065138E-4	5.0263053743E-10
6.506188249E-4	5.1435732543E-10
6.514591333E-4	5.2623943393E-10
6.523249022E-4	5.3852607123E-10
6.531277333E-4	5.5098264543E-10
6.540881844E-4	5.6387996533E-10
6.54882186E-4	5.7687880153E-10
6.556521036E-4	5.9017694623E-10
6.564297496E-4	6.0390290003E-10
6.573367895E-4	6.1773817553E-10
6.580727093E-4	6.3205199493E-10
6.587711124E-4	6.4669568313E-10
6.596035184E-4	6.6157607803E-10
6.60351758E-4	6.7690186883E-10
6.611014758E-4	6.9252380423E-10
6.618911889E-4	7.0843628573E-10
6.625916828E-4	7.2481306173E-10
6.632596175E-4	7.4146001533E-10
6.638866971E-4	7.5854438113E-10
6.647227E-4	7.7606145583E-10
6.654217608E-4	7.9385634613E-10
6.659498304E-4	8.1207432843E-10
6.665194072E-4	8.3073952123E-10
6.672034613E-4	8.4983679023E-10
6.678214076E-4	8.6937957803E-10
6.68298022E-4	8.8933481513E-10
6.688818636E-4	9.0972177353E-10
6.694375408E-4	9.3054197533E-10
6.700350118E-4	9.5178275303E-10
6.706580673E-4	9.7360553873E-10
6.711844058E-4	9.9587418613E-10
6.718384073E-4	1.01872703513E-9
6.723275104E-4	1.04203205413E-9
6.728123982E-4	1.06574937513E-9
6.734041531E-4	1.09012371413E-9
6.739504219E-4	1.11499281813E-9
6.745245062E-4	1.14050747113E-9
6.750852813E-4	1.16661622113E-9
6.755934996E-4	1.19326023413E-9
6.761512677E-4	1.22059521113E-9
6.766160454E-4	1.24836885013E-9
6.771451325E-4	1.27687198013E-9
6.776812619E-4	1.30594673113E-9
6.781085624E-4	1.33576816413E-9
6.787436006E-4	1.36613177413E-9
6.790121458E-4	1.39720759013E-9
6.795397152E-4	1.42901811713E-9
6.800001315E-4	1.46155123413E-9
6.806053924E-4	1.49482348013E-9
6.809885837E-4	1.52879457713E-9
6.813099612E-4	1.56365868713E-9
6.817305004E-4	1.59924765913E-9
6.82186426E-4	1.63559260513E-9
6.825493554E-4	1.67276712313E-9
6.829413483E-4	1.71080847013E-9
6.834506794E-4	1.74973040013E-9
6.838054875E-4	1.78951306313E-9
6.841939114E-4	1.83001386513E-9
6.845942E-4	1.87167324913E-9
6.849185057E-4	1.91423298213E-9
6.853858128E-4	1.95760281913E-9
6.857570942E-4	2.00199734013E-9
6.861711249E-4	2.04740279713E-9
6.864216003E-4	2.09382070913E-9
6.868890367E-4	2.14124064513E-9
6.872876786E-4	2.18986139613E-9
6.876962461E-4	2.23953600513E-9
6.879789661E-4	2.29030428213E-9
6.883386976E-4	2.34223525613E-9
6.886945959E-4	2.39530872713E-9
6.891058052E-4	2.44967163313E-9
6.89436462E-4	2.50507886813E-9
6.898924999E-4	2.56181999213E-9
6.902203747E-4	2.61996822413E-9
6.905460575E-4	2.67928812413E-9
6.908480781E-4	2.73985885813E-9
6.913247039E-4	2.80191119813E-9
6.916377855E-4	2.86521247913E-9
6.920424638E-4	2.93019433413E-9
6.923013363E-4	2.99647563213E-9
6.925816057E-4	3.06431811413E-9
6.929856096E-4	3.13360512213E-9
6.933625004E-4	3.20444019313E-9
6.936287693E-4	3.27689165613E-9
6.938770865E-4	3.35109425013E-9
6.942984743E-4	3.42678784013E-9
6.946631744E-4	3.50432041113E-9
6.949765652E-4	3.58361746113E-9
6.952315145E-4	3.66456197313E-9
6.955957929E-4	3.74729587813E-9
6.958653163E-4	3.83201093313E-9
6.963167286E-4	3.91734058413E-9
6.966671806E-4	4.00271291613E-9
6.970163175E-4	4.08787676613E-9
6.973632568E-4	4.17313109113E-9