-6.975645056E-4	-4.19743013067E-9
-6.972064659E-4	-4.11225638767E-9
-6.970397296E-4	-4.02690161067E-9
-6.965257166E-4	-3.94155276167E-9
-6.961418453E-4	-3.85621436767E-9
-6.957893923E-4	-3.77095444267E-9
-6.953553641E-4	-3.68650061867E-9
-6.950820976E-4	-3.60401892267E-9
-6.947303247E-4	-3.52330511867E-9
-6.943607574E-4	-3.44436861067E-9
-6.941051167E-4	-3.36728879667E-9
-6.936108035E-4	-3.29175284967E-9
-6.933528865E-4	-3.21829256067E-9
-6.929823413E-4	-3.14625543167E-9
-6.927349177E-4	-3.07578683767E-9
-6.924224037E-4	-3.00693800767E-9
-6.920916512E-4	-2.93973544167E-9
-6.916247658E-4	-2.87397071267E-9
-6.913165514E-4	-2.80969527967E-9
-6.909678529E-4	-2.74689768167E-9
-6.904824649E-4	-2.68539923767E-9
-6.902639754E-4	-2.62538049067E-9
-6.899462175E-4	-2.56669646767E-9
-6.895422418E-4	-2.50940433267E-9
-6.891262439E-4	-2.45328326067E-9
-6.888507293E-4	-2.39843589567E-9
-6.884191909E-4	-2.34487385067E-9
-6.879805202E-4	-2.29249729367E-9
-6.876069793E-4	-2.24135178367E-9
-6.873004116E-4	-2.19129451467E-9
-6.868262534E-4	-2.14225315267E-9
-6.863993968E-4	-2.09447449267E-9
-6.859828706E-4	-2.04776680667E-9
-6.857243467E-4	-2.00206137167E-9
-6.852962761E-4	-1.95735832667E-9
-6.84810624E-4	-1.91364081067E-9
-6.844626392E-4	-1.87094918167E-9
-6.84016645E-4	-1.82931430567E-9
-6.836895347E-4	-1.78852959767E-9
-6.832005721E-4	-1.74862420567E-9
-6.828499008E-4	-1.70973606467E-9
-6.824988585E-4	-1.67170240267E-9
-6.820093508E-4	-1.63435727667E-9
-6.815352937E-4	-1.59805415267E-9
-6.810717636E-4	-1.56248758467E-9
-6.807535617E-4	-1.52763010067E-9
-6.801714064E-4	-1.49378403667E-9
-6.797623498E-4	-1.46050548067E-9
-6.792884332E-4	-1.42794443767E-9
-6.788272638E-4	-1.39627521367E-9
-6.783258238E-4	-1.36516009067E-9
-6.780381522E-4	-1.33489312167E-9
-6.774438511E-4	-1.30523183567E-9
-6.769778649E-4	-1.27615228467E-9
-6.765660712E-4	-1.24780047967E-9
-6.760583644E-4	-1.22017513567E-9
-6.754157443E-4	-1.19308915767E-9
-6.751123354E-4	-1.16664430667E-9
-6.74610901E-4	-1.14076229567E-9
-6.740930662E-4	-1.11547200067E-9
-6.734606472E-4	-1.09073899867E-9
-6.729423683E-4	-1.06658073767E-9
-6.723601287E-4	-1.04298976767E-9
-6.718533493E-4	-1.01984810267E-9
-6.71261791E-4	-9.9729604367E-10
-6.706384097E-4	-9.7531053367E-10
-6.700814284E-4	-9.5375076137E-10
-6.69532979E-4	-9.3262094467E-10
-6.690460679E-4	-9.1206966587E-10
-6.684500413E-4	-8.9194911467E-10
-6.677278074E-4	-8.7212587257E-10
-6.670453889E-4	-8.5287783397E-10
-6.663950575E-4	-8.3406828297E-10
-6.658591079E-4	-8.1569060857E-10
-6.651217607E-4	-7.9776264867E-10
-6.644677086E-4	-7.8027618077E-10
-6.637219138E-4	-7.6306830097E-10
-6.629539294E-4	-7.4627556767E-10
-6.623251019E-4	-7.2980400467E-10
-6.616831169E-4	-7.1375833317E-10
-6.609897047E-4	-6.9814410787E-10
-6.601539152E-4	-6.8283161047E-10
-6.595539656E-4	-6.6793550367E-10
-6.586549067E-4	-6.5317129337E-10
-6.579199481E-4	-6.3884270937E-10
-6.571484622E-4	-6.2493901187E-10
-6.563687087E-4	-6.1118550367E-10
-6.555862966E-4	-5.9787386067E-10
-6.547250465E-4	-5.8468761527E-10
-6.540453482E-4	-5.7197919177E-10
-6.529991514E-4	-5.5955564407E-10
-6.520092323E-4	-5.4726849107E-10
-6.511828514E-4	-5.3542875367E-10
-6.502756147E-4	-5.2371461147E-10
-6.494035003E-4	-5.1227717707E-10
-6.485185993E-4	-5.0113996807E-10
-6.475054227E-4	-4.9030174967E-10
-6.465504346E-4	-4.7960522837E-10
-6.456802873E-4	-4.6917249987E-10
-6.445683762E-4	-4.5901121817E-10
-6.436361116E-4	-4.4901680377E-10
-6.427434825E-4	-4.3932011287E-10
-6.415003113E-4	-4.2977208447E-10
-6.404786759E-4	-4.2050412297E-10
-6.396872206E-4	-4.1138903897E-10
-6.38517683E-4	-4.0255424047E-10
-6.374838849E-4	-3.9390548657E-10
-6.362756505E-4	-3.8539054907E-10
-6.352461746E-4	-3.7716012207E-10
-6.340459605E-4	-3.6906254957E-10
-6.328854831E-4	-3.6110782857E-10
-6.317097124E-4	-3.5343993597E-10
-6.303952964E-4	-3.4579112287E-10
-6.292164681E-4	-3.3841876047E-10
-6.279118767E-4	-3.3115004927E-10
-6.266256697E-4	-3.2407095937E-10
-6.253635688E-4	-3.1725664747E-10
-6.241915863E-4	-3.1045131637E-10
-6.22814047E-4	-3.0379356357E-10
-6.214106816E-4	-2.9742117467E-10
-6.201270488E-4	-2.9104604527E-10
-6.186497127E-4	-2.8482159837E-10
-6.17303395E-4	-2.7891613467E-10
-6.159224216E-4	-2.7300541457E-10
-6.144694501E-4	-2.6722321947E-10
-6.129064246E-4	-2.6158880527E-10
-6.115158233E-4	-2.5609681337E-10
-6.102059261E-4	-2.5074953597E-10
-6.084712969E-4	-2.4555196437E-10
-6.068984412E-4	-2.4034080457E-10
-6.053247256E-4	-2.3526755487E-10
-6.036837556E-4	-2.3034730027E-10
-6.020230072E-4	-2.2556464017E-10
-6.002123895E-4	-2.2092246707E-10
-5.985232578E-4	-2.1628439497E-10
-5.967248421E-4	-2.1178292497E-10
-5.951343382E-4	-2.0744057877E-10
-5.933668406E-4	-2.0310576137E-10
-5.915208758E-4	-1.9892472297E-10
-5.896680203E-4	-1.9488909567E-10
-5.878103875E-4	-1.9086348287E-10
-5.85987017E-4	-1.8696669607E-10
-5.842988296E-4	-1.8320397677E-10
-5.823494934E-4	-1.7944436427E-10
-5.802584263E-4	-1.7583475357E-10
-5.783834375E-4	-1.7219625837E-10
-5.764219275E-4	-1.6871071487E-10
-5.741274224E-4	-1.6522596687E-10
-5.723901629E-4	-1.6187673767E-10
-5.702973815E-4	-1.5853828767E-10
-5.680583335E-4	-1.5535924187E-10
-5.661580246E-4	-1.5232074677E-10
-5.640027944E-4	-1.4927359767E-10
-5.619167632E-4	-1.4622786507E-10
-5.595949933E-4	-1.4334348877E-10
-5.574966927E-4	-1.4045797507E-10
-5.552305372E-4	-1.3774572417E-10
-5.5285453E-4	-1.3500707137E-10
-5.508381924E-4	-1.3240512697E-10
-5.488241986E-4	-1.2981065367E-10
-5.46515856E-4	-1.2735842057E-10
-5.439877312E-4	-1.2475980037E-10
-5.417700803E-4	-1.2243485077E-10
-5.395485681E-4	-1.1996728557E-10
-5.373124933E-4	-1.1763988657E-10
-5.349533081E-4	-1.1545705367E-10
-5.322640617E-4	-1.1313183457E-10
-5.300286108E-4	-1.1095960407E-10
-5.274828884E-4	-1.0892171857E-10
-5.251882035E-4	-1.0674411467E-10
-5.226051556E-4	-1.0457806757E-10
-5.197905507E-4	-1.0241645697E-10
-5.171669007E-4	-1.0040118987E-10
-5.14336463E-4	-9.824441957E-11
-5.113376084E-4	-9.608931277E-11
-5.082776707E-4	-9.393109577E-11
-5.051635968E-4	-9.190959467E-11
-5.019988209E-4	-8.973650417E-11
-4.988605678E-4	-8.755546197E-11
-4.95328956E-4	-8.536731187E-11
-4.915263598E-4	-8.334122317E-11
-4.877592623E-4	-8.117347637E-11
-4.842607045E-4	-7.899474367E-11
-4.802150236E-4	-7.682012897E-11
-4.762967697E-4	-7.479314627E-11
-4.719057288E-4	-7.261773765E-11
-4.674272674E-4	-7.045171092E-11
-4.629010603E-4	-6.829299094E-11
-4.585257905E-4	-6.627694822E-11
-4.531586174E-4	-6.412512376E-11
-4.481054535E-4	-6.195584092E-11
-4.425440994E-4	-5.979633368E-11
-4.372849121E-4	-5.777233956E-11
-4.311234904E-4	-5.560892051E-11
-4.250320039E-4	-5.344916852E-11
-4.183721885E-4	-5.1288044E-11
-4.117542005E-4	-4.926287904E-11
-4.047973047E-4	-4.70665441E-11
-3.970366111E-4	-4.487537388E-11
-3.890697706E-4	-4.269961199E-11
-3.810214896E-4	-4.067290542E-11
-3.721034436E-4	-3.849936559E-11
-3.62773126E-4	-3.632038949E-11
-3.525109261E-4	-3.414684704E-11
-3.418250227E-4	-3.211751387E-11
-3.3011917E-4	-2.995766176E-11
-3.173436271E-4	-2.779844847E-11
-3.037368023E-4	-2.564429427E-11
-2.886242638E-4	-2.363731208E-11
-2.724984081E-4	-2.147153564E-11
-2.542406415E-4	-1.930506537E-11
-2.344532292E-4	-1.713600342E-11
-2.131473896E-4	-1.510173398E-11
-1.899973164E-4	-1.292823402E-11
-1.647982284E-4	-1.074802364E-11
-1.382222417E-4	-8.56327165E-12
-1.1028411E-4	-6.52999406E-12
-8.045577508E-5	-4.34768153E-12
-4.971945028E-5	-2.1718332E-12
-1.70558159E-5	0
1.687927177E-5	2.03434511E-12
5.277611116E-5	4.21072981E-12
8.872576034E-5	6.38986889E-12
1.246552546E-4	8.41092238E-12
1.601337917E-4	1.056819213E-11
1.951178639E-4	1.272675407E-11
2.292974975E-4	1.487753779E-11
2.613570568E-4	1.689662213E-11
2.905731109E-4	1.905813722E-11
3.160720276E-4	2.122326087E-11
3.372464441E-4	2.338409173E-11
3.544330648E-4	2.540827095E-11
3.687395123E-4	2.756758959E-11
3.807979978E-4	2.974377086E-11
3.912611402E-4	3.192058223E-11
4.001962893E-4	3.39579937E-11
4.08206576E-4	3.615001432E-11
4.16421065E-4	3.832296044E-11
4.23880092E-4	4.05183338E-11
4.302426079E-4	4.254614107E-11
4.366629359E-4	4.470853538E-11
4.423817076E-4	4.686404902E-11
4.484390161E-4	4.902243722E-11
4.534661405E-4	5.102949798E-11
4.586417685E-4	5.319490655E-11
4.63959993E-4	5.535570773E-11
4.687985624E-4	5.751027492E-11
4.729254588E-4	5.952681997E-11
4.772118974E-4	6.170095264E-11
4.8169114E-4	6.392276284E-11
4.856606356E-4	6.609192491E-11
4.892947475E-4	6.811758346E-11
4.933851672E-4	7.029387184E-11
4.964893491E-4	7.247498094E-11
5.001727412E-4	7.464806879E-11
5.030784199E-4	7.667497851E-11
5.0664136E-4	7.883260594E-11
5.096369267E-4	8.096110531E-11
5.129889424E-4	8.312379822E-11
5.161249417E-4	8.543109069E-11
5.190610215E-4	8.773795853E-11
5.219751028E-4	9.004848703E-11
5.250033917E-4	9.251351753E-11
5.282371363E-4	9.498164563E-11
5.30746989E-4	9.745276613E-11
5.33601263E-4	1.0007353823E-10
5.364020472E-4	1.0268703763E-10
5.392178999E-4	1.0543697223E-10
5.421543843E-4	1.0818851503E-10
5.448923094E-4	1.1094381743E-10
5.475531724E-4	1.1384490473E-10
5.501917222E-4	1.1673748683E-10
5.5269605E-4	1.1977159753E-10
5.552752816E-4	1.2279983503E-10
5.579518875E-4	1.2596746053E-10
5.602943912E-4	1.2913634453E-10
5.6263445E-4	1.3248154803E-10
5.650838266E-4	1.3578828623E-10
5.674081144E-4	1.3925541703E-10
5.697697333E-4	1.4286695963E-10
5.72157847E-4	1.4635291893E-10
5.743024826E-4	1.5012314143E-10
5.767226835E-4	1.5390036163E-10
5.786465702E-4	1.5767337103E-10
5.809574645E-4	1.6172743823E-10
5.831031062E-4	1.6563762463E-10
5.851209444E-4	1.6984133613E-10
5.871650582E-4	1.7404656413E-10
5.891785575E-4	1.7823147353E-10
5.908899461E-4	1.8270373193E-10
5.928404401E-4	1.8717685003E-10
5.949611607E-4	1.9178599863E-10
5.967755217E-4	1.9640246603E-10
5.986557318E-4	2.0117272643E-10
6.005462893E-4	2.0607591703E-10
6.021466346E-4	2.1114351133E-10
6.041809071E-4	2.1621034023E-10
6.058748386E-4	2.2160317433E-10
6.073660235E-4	2.2694963953E-10
6.092787761E-4	2.3246792383E-10
6.108292231E-4	2.3796720153E-10
6.124050857E-4	2.4375541293E-10
6.141188855E-4	2.4968112023E-10
6.155807879E-4	2.5560307293E-10
6.171698698E-4	2.6166914233E-10
6.185859823E-4	2.6801691573E-10
6.201258966E-4	2.7437155643E-10
6.215501025E-4	2.8087697543E-10
6.229805022E-4	2.8767331703E-10
6.244020835E-4	2.9446003083E-10
6.258735125E-4	3.0154964653E-10
6.272674635E-4	3.0862758653E-10
6.285950651E-4	3.1603927513E-10
6.296883838E-4	3.2356894623E-10
6.310106797E-4	3.3124517473E-10
6.32069011E-4	3.3906146633E-10
6.335008833E-4	3.4701868433E-10
6.346933748E-4	3.5526507093E-10
6.358434151E-4	3.6365382223E-10
6.369479128E-4	3.7219333043E-10
6.381980702E-4	3.8087849903E-10
6.391894451E-4	3.8983508043E-10
6.403048802E-4	3.9893511693E-10
6.41417151E-4	4.0832447693E-10
6.423512703E-4	4.1786363983E-10
6.434533681E-4	4.2770887753E-10
6.444042533E-4	4.3768939233E-10
6.454419013E-4	4.4795749393E-10
6.464294992E-4	4.5836248173E-10
6.473731227E-4	4.6905330403E-10
6.48290257E-4	4.8004596593E-10
6.491783786E-4	4.9119726233E-10
6.502351193E-4	5.0262393823E-10
6.510974879E-4	5.1435288103E-10
6.520283586E-4	5.2623089263E-10
6.529034351E-4	5.3854308843E-10
6.536887866E-4	5.5099069953E-10
6.54431136E-4	5.6385865623E-10
6.553034247E-4	5.7685475083E-10
6.561905627E-4	5.9015342093E-10
6.570971586E-4	6.0388020913E-10
6.578108382E-4	6.1776423283E-10
6.584405537E-4	6.3208207233E-10
6.592059695E-4	6.4668770503E-10
6.599541642E-4	6.6156441913E-10
6.607886385E-4	6.7689585073E-10
6.61472569E-4	6.9252455313E-10
6.621166392E-4	7.0844060173E-10
6.628841402E-4	7.2482091793E-10
6.636332567E-4	7.4147383143E-10
6.643646575E-4	7.5854598353E-10
6.649852061E-4	7.7600321283E-10
6.656285119E-4	7.9383145763E-10
6.66300898E-4	8.1207326763E-10
6.669440464E-4	8.3073928663E-10
6.675219808E-4	8.4983501023E-10
6.680756235E-4	8.6935990833E-10
6.6870494E-4	8.8930974883E-10
6.692622641E-4	9.0969051623E-10
6.698546318E-4	9.3051050493E-10
6.706098858E-4	9.5175963283E-10
6.710890407E-4	9.7359366763E-10
6.716674471E-4	9.9586219833E-10
6.722375803E-4	1.01870410033E-9
6.727679881E-4	1.04202521133E-9
6.732941636E-4	1.06574384733E-9
6.738206765E-4	1.09020164033E-9
6.743599533E-4	1.11506413633E-9
6.749049855E-4	1.14056593533E-9
6.753730456E-4	1.16660857433E-9
6.758211194E-4	1.19325454833E-9
6.763144884E-4	1.22059034133E-9
6.767412325E-4	1.24830407433E-9
6.773086679E-4	1.27678581333E-9
6.776957709E-4	1.30594351133E-9
6.781568111E-4	1.33575285933E-9
6.787970875E-4	1.36611129233E-9
6.791143002E-4	1.39718921433E-9
6.79584839E-4	1.42900528633E-9
6.801082605E-4	1.46154290933E-9
6.80640405E-4	1.49481063633E-9
6.811211449E-4	1.52880024933E-9
6.815799706E-4	1.56363764433E-9
6.819899939E-4	1.59922045933E-9
6.822995235E-4	1.63555835433E-9
6.827917908E-4	1.67278350833E-9
6.831050637E-4	1.71082273533E-9
6.83560562E-4	1.74974704833E-9
6.839900939E-4	1.78952568133E-9
6.843375335E-4	1.83003170233E-9
6.847189318E-4	1.87167601333E-9
6.8511283E-4	1.91421396333E-9
6.855884272E-4	1.95759777633E-9
6.859300608E-4	2.00198907033E-9
6.862933613E-4	2.04739705333E-9
6.867498432E-4	2.09381575033E-9
6.87148412E-4	2.14123532333E-9
6.875180636E-4	2.18985612833E-9
6.878566004E-4	2.23953085033E-9
6.883005206E-4	2.29030413933E-9
6.886567899E-4	2.34223948633E-9
6.89068179E-4	2.39530503833E-9
6.893884043E-4	2.44966885833E-9
6.89782207E-4	2.50506405933E-9
6.900507915E-4	2.56181940333E-9
6.903826737E-4	2.61994631233E-9
6.906825867E-4	2.67929305733E-9
6.910180097E-4	2.73984292233E-9
6.914146563E-4	2.80190564733E-9
6.917693519E-4	2.86524052733E-9
6.920372957E-4	2.93021753833E-9
6.924083356E-4	2.99649910833E-9
6.927736369E-4	3.06432631133E-9
6.930511524E-4	3.13357929533E-9
6.933355979E-4	3.20444028833E-9
6.937820643E-4	3.27687965833E-9
6.940788635E-4	3.35111513433E-9
6.943596108E-4	3.42679983433E-9
6.947947687E-4	3.50431578433E-9
6.951037869E-4	3.58357405533E-9
6.95448034E-4	3.66452471333E-9
6.958315681E-4	3.74727054633E-9
6.961674745E-4	3.83202681133E-9
6.964928931E-4	3.91736965333E-9
6.968287152E-4	4.00271819733E-9
6.972540598E-4	4.08787703633E-9
6.975645056E-4	4.17314207133E-9