-8.50073658E-4	-4.235567080519E-8
-8.487961018E-4	-4.216616740519E-8
-8.476664222E-4	-4.197650508519E-8
-8.462965443E-4	-4.178929019519E-8
-8.45103724E-4	-4.159844822519E-8
-8.4380085E-4	-4.141136253519E-8
-8.425114648E-4	-4.122079024519E-8
-8.413490096E-4	-4.103288515519E-8
-8.400587952E-4	-4.084350910519E-8
-8.388720792E-4	-4.065265906519E-8
-8.375962526E-4	-4.046483268519E-8
-8.36405744E-4	-4.027444578519E-8
-8.350396246E-4	-4.008745073519E-8
-8.338189242E-4	-3.989645558519E-8
-8.32695706E-4	-3.970779616519E-8
-8.313460357E-4	-3.951987564519E-8
-8.300986347E-4	-3.932908328519E-8
-8.28814642E-4	-3.914236911519E-8
-8.2758727E-4	-3.895173813519E-8
-8.262910227E-4	-3.876372662519E-8
-8.250715068E-4	-3.857477278519E-8
-8.238439355E-4	-3.838468464519E-8
-8.226615251E-4	-3.819738701519E-8
-8.214821311E-4	-3.800549996519E-8
-8.200683276E-4	-3.781701013519E-8
-8.189097747E-4	-3.762735555519E-8
-8.176944573E-4	-3.743813805519E-8
-8.162770603E-4	-3.725132336519E-8
-8.151056214E-4	-3.706135723519E-8
-8.139419961E-4	-3.687177388519E-8
-8.126977347E-4	-3.668389968519E-8
-8.116127624E-4	-3.649459953519E-8
-8.103800222E-4	-3.630449452519E-8
-8.091002022E-4	-3.611747661519E-8
-8.08080446E-4	-3.592695996519E-8
-8.068915473E-4	-3.573868925519E-8
-8.055750663E-4	-3.554973921519E-8
-8.044913752E-4	-3.535804175519E-8
-8.032407728E-4	-3.517088473519E-8
-8.020221978E-4	-3.498021878519E-8
-8.008319832E-4	-3.479201321519E-8
-7.999038236E-4	-3.460267629519E-8
-7.986595273E-4	-3.441507720519E-8
-7.974610877E-4	-3.422483839519E-8
-7.962255736E-4	-3.403607427519E-8
-7.951919964E-4	-3.384760412519E-8
-7.941780103E-4	-3.365704344519E-8
-7.92776333E-4	-3.347012804519E-8
-7.91719463E-4	-3.327949984519E-8
-7.905498744E-4	-3.309164516519E-8
-7.894193886E-4	-3.290280958519E-8
-7.882532845E-4	-3.271089992519E-8
-7.870660224E-4	-3.252378992519E-8
-7.858939563E-4	-3.233350983519E-8
-7.847116276E-4	-3.214508888519E-8
-7.835191862E-4	-3.195638463519E-8
-7.824454622E-4	-3.176608435519E-8
-7.813064531E-4	-3.157900743519E-8
-7.801049804E-4	-3.138875462519E-8
-7.789939907E-4	-3.120021039519E-8
-7.778964453E-4	-3.101140974519E-8
-7.767210004E-4	-3.082133352519E-8
-7.756414817E-4	-3.063409952519E-8
-7.745038342E-4	-3.044322885519E-8
-7.732936265E-4	-3.025563553519E-8
-7.721428475E-4	-3.006485596519E-8
-7.711168933E-4	-2.987519479519E-8
-7.698771225E-4	-2.968744317519E-8
-7.685996484E-4	-2.949705373519E-8
-7.677057444E-4	-2.930932315519E-8
-7.664906532E-4	-2.911883875519E-8
-7.654702083E-4	-2.893099411519E-8
-7.644474177E-4	-2.874182491519E-8
-7.633392009E-4	-2.855289333519E-8
-7.622611876E-4	-2.836427828519E-8
-7.611039623E-4	-2.817444303519E-8
-7.600136562E-4	-2.798646590519E-8
-7.590321002E-4	-2.779564874519E-8
-7.578994578E-4	-2.760857568519E-8
-7.56898249E-4	-2.741734852519E-8
-7.557881267E-4	-2.722855435519E-8
-7.548453297E-4	-2.703988953519E-8
-7.537642224E-4	-2.685001168519E-8
-7.527282739E-4	-2.666251545519E-8
-7.51760799E-4	-2.647213775519E-8
-7.503959001E-4	-2.628425632519E-8
-7.493885641E-4	-2.609376540519E-8
-7.482603893E-4	-2.590662376519E-8
-7.47256561E-4	-2.571582112519E-8
-7.461922253E-4	-2.552862313519E-8
-7.451151604E-4	-2.533809090519E-8
-7.440238481E-4	-2.514979044519E-8
-7.429792937E-4	-2.496122895519E-8
-7.418898549E-4	-2.476915925519E-8
-7.409416401E-4	-2.458231227519E-8
-7.399033206E-4	-2.439189551519E-8
-7.389966862E-4	-2.420314766519E-8
-7.378919453E-4	-2.401497399519E-8
-7.370745277E-4	-2.382473753519E-8
-7.358485651E-4	-2.363744704519E-8
-7.348966768E-4	-2.344619060519E-8
-7.339249713E-4	-2.325901086519E-8
-7.328154877E-4	-2.306929095519E-8
-7.318981981E-4	-2.287881899519E-8
-7.308746366E-4	-2.269239870519E-8
-7.300811131E-4	-2.250145428519E-8
-7.288843691E-4	-2.231276606519E-8
-7.278849054E-4	-2.212391583519E-8
-7.270308255E-4	-2.193285924519E-8
-7.259865813E-4	-2.174539611519E-8
-7.250701338E-4	-2.155600735519E-8
-7.241168233E-4	-2.136672594519E-8
-7.230045188E-4	-2.117902518519E-8
-7.219823558E-4	-2.098801073519E-8
-7.210109337E-4	-2.080062621519E-8
-7.201388381E-4	-2.061112187519E-8
-7.191614074E-4	-2.042279022519E-8
-7.183280358E-4	-2.023220389519E-8
-7.173107556E-4	-2.004515607519E-8
-7.163646273E-4	-1.985496001519E-8
-7.154307201E-4	-1.966485731519E-8
-7.145783135E-4	-1.947651509519E-8
-7.135933786E-4	-1.928583751519E-8
-7.128085319E-4	-1.909828405519E-8
-7.119622173E-4	-1.890856607519E-8
-7.110463498E-4	-1.871959305519E-8
-7.10032484E-4	-1.853189740519E-8
-7.091892274E-4	-1.834113398519E-8
-7.081825321E-4	-1.815324490519E-8
-7.072189561E-4	-1.796409967519E-8
-7.063807608E-4	-1.777443604519E-8
-7.053401301E-4	-1.758714527519E-8
-7.045589712E-4	-1.739604785519E-8
-7.036461596E-4	-1.720883192519E-8
-7.028427526E-4	-1.701741015519E-8
-7.018985678E-4	-1.682850297519E-8
-7.009191592E-4	-1.664046847519E-8
-7.003319455E-4	-1.644983945519E-8
-6.993786369E-4	-1.626237259519E-8
-6.986070986E-4	-1.607257794519E-8
-6.97771227E-4	-1.588327341519E-8
-6.969929955E-4	-1.569537252519E-8
-6.961937605E-4	-1.550481435519E-8
-6.953235616E-4	-1.531725543519E-8
-6.943850084E-4	-1.512779783519E-8
-6.937072391E-4	-1.493843628519E-8
-6.927895583E-4	-1.475079367519E-8
-6.915488644E-4	-1.456194861519E-8
-6.909154728E-4	-1.436984790519E-8
-6.900993002E-4	-1.418169125519E-8
-6.893638098E-4	-1.399293023519E-8
-6.88628946E-4	-1.380257209519E-8
-6.877951955E-4	-1.361551883519E-8
-6.870928327E-4	-1.342542765519E-8
-6.862746918E-4	-1.323644780519E-8
-6.854964238E-4	-1.304809826519E-8
-6.847040626E-4	-1.285740162519E-8
-6.838127644E-4	-1.267017069519E-8
-6.830751784E-4	-1.248047329519E-8
-6.823920742E-4	-1.229156805519E-8
-6.815730352E-4	-1.210341232519E-8
-6.809525388E-4	-1.191270130519E-8
-6.801760722E-4	-1.172403374519E-8
-6.793596031E-4	-1.153388021519E-8
-6.787106127E-4	-1.134524313519E-8
-6.779541183E-4	-1.115708660519E-8
-6.773769823E-4	-1.096619671519E-8
-6.764353945E-4	-1.077882995519E-8
-6.756971268E-4	-1.058941202519E-8
-6.749869195E-4	-1.039986765519E-8
-6.742294061E-4	-1.021224012519E-8
-6.73604702E-4	-1.002116589519E-8
-6.729197167E-4	-9.83377639019E-9
-6.723218233E-4	-9.64421940519E-9
-6.716099809E-4	-9.45493657719E-9
-6.709113986E-4	-9.26746921719E-9
-6.703678618E-4	-9.07498450219E-9
-6.696967931E-4	-8.88751439419E-9
-6.691962124E-4	-8.69741967119E-9
-6.684937318E-4	-8.51010963119E-9
-6.678462949E-4	-8.31912246419E-9
-6.673289069E-4	-8.13066210019E-9
-6.666833671E-4	-7.94182401619E-9
-6.662107115E-4	-7.75412008319E-9
-6.655843024E-4	-7.56439637619E-9
-6.649476403E-4	-7.37547707519E-9
-6.643336991E-4	-7.18500246619E-9
-6.636012531E-4	-6.99813804819E-9
-6.629539017E-4	-6.80770018419E-9
-6.622995667E-4	-6.61914578219E-9
-6.615134394E-4	-6.42921914819E-9
-6.6095292E-4	-6.23870064819E-9
-6.601859606E-4	-6.05199309319E-9
-6.59716375E-4	-5.86096978219E-9
-6.589685453E-4	-5.67293944819E-9
-6.58194106E-4	-5.48456535619E-9
-6.576458293E-4	-5.29370223519E-9
-6.569283081E-4	-5.10718846219E-9
-6.561662881E-4	-4.91673641519E-9
-6.551885384E-4	-4.72778357419E-9
-6.545633736E-4	-4.54001982219E-9
-6.538876086E-4	-4.35595188719E-9
-6.531368975E-4	-4.18326214319E-9
-6.523665477E-4	-4.01511539019E-9
-6.51780983E-4	-3.85483407219E-9
-6.509030923E-4	-3.70177069719E-9
-6.50002205E-4	-3.55111113019E-9
-6.492639888E-4	-3.41189499619E-9
-6.48458861E-4	-3.27352607219E-9
-6.47814436E-4	-3.14368122019E-9
-6.471101652E-4	-3.01802284619E-9
-6.463406559E-4	-2.89612131519E-9
-6.455154029E-4	-2.78121319019E-9
-6.447894549E-4	-2.66917673619E-9
-6.439688604E-4	-2.56230548119E-9
-6.42895409E-4	-2.45918064719E-9
-6.420051318E-4	-2.36317971019E-9
-6.412443E-4	-2.26788392819E-9
-6.404617887E-4	-2.17829061719E-9
-6.39578552E-4	-2.08845886019E-9
-6.385642948E-4	-2.00694657919E-9
-6.375238529E-4	-1.92708197119E-9
-6.366039686E-4	-1.84876090119E-9
-6.355697498E-4	-1.77430446719E-9
-6.343254549E-4	-1.70318351519E-9
-6.332792165E-4	-1.63747270319E-9
-6.321925252E-4	-1.56995491619E-9
-6.30960094E-4	-1.50840965219E-9
-6.299375519E-4	-1.44649959319E-9
-6.287701559E-4	-1.39087318219E-9
-6.271626403E-4	-1.33401931719E-9
-6.260705084E-4	-1.28005839819E-9
-6.246666865E-4	-1.22890749419E-9
-6.234181919E-4	-1.18155043119E-9
-6.218214405E-4	-1.13169592119E-9
-6.205256065E-4	-1.08930092019E-9
-6.19126464E-4	-1.04394884619E-9
-6.175033635E-4	-1.00361740019E-9
-6.160080213E-4	-9.6237432229E-10
-6.14108655E-4	-9.2365861189E-10
-6.126129124E-4	-8.8822757729E-10
-6.106286426E-4	-8.5042230189E-10
-6.08971833E-4	-8.1794388959E-10
-6.070725843E-4	-7.8474597669E-10
-6.052259261E-4	-7.5323342769E-10
-6.031690834E-4	-7.2434312429E-10
-6.01012344E-4	-6.9321552039E-10
-5.991350476E-4	-6.6759044799E-10
-5.969052359E-4	-6.3970134929E-10
-5.947794561E-4	-6.1457834229E-10
-5.923347768E-4	-5.9143890249E-10
-5.900666451E-4	-5.6481357329E-10
-5.874506091E-4	-5.4517281309E-10
-5.847256211E-4	-5.2088078689E-10
-5.820372594E-4	-5.0095164419E-10
-5.7935633E-4	-4.8153574919E-10
-5.765694828E-4	-4.6094181629E-10
-5.738293128E-4	-4.4437421919E-10
-5.707116886E-4	-4.2591497749E-10
-5.67609924E-4	-4.0828778579E-10
-5.647274843E-4	-3.9379937369E-10
-5.609895197E-4	-3.7833752069E-10
-5.572352938E-4	-3.6031886709E-10
-5.541045604E-4	-3.4717466889E-10
-5.504075361E-4	-3.3338650329E-10
-5.469567536E-4	-3.2045299989E-10
-5.427753747E-4	-3.0670135619E-10
-5.384068395E-4	-2.9431748939E-10
-5.352066856E-4	-2.8302907599E-10
-5.30503854E-4	-2.7265629399E-10
-5.269895161E-4	-2.6246871429E-10
-5.217754008E-4	-2.4988525429E-10
-5.172746726E-4	-2.3981327349E-10
-5.128788519E-4	-2.3055265509E-10
-5.080416463E-4	-2.2251797389E-10
-5.023280676E-4	-2.1193761979E-10
-4.980365844E-4	-2.0420828519E-10
-4.925451992E-4	-1.9709353499E-10
-4.871619081E-4	-1.8715780349E-10
-4.816602082E-4	-1.8210520979E-10
-4.760249285E-4	-1.7290987129E-10
-4.704309659E-4	-1.6660138659E-10
-4.650455414E-4	-1.6103432159E-10
-4.584283733E-4	-1.5243063349E-10
-4.526909806E-4	-1.4881125899E-10
-4.464161913E-4	-1.4122968539E-10
-4.400842724E-4	-1.3631987839E-10
-4.331212507E-4	-1.3075559629E-10
-4.273590746E-4	-1.2519143299E-10
-4.20423562E-4	-1.2034799399E-10
-4.137205414E-4	-1.1555611259E-10
-4.071393372E-4	-1.1267157129E-10
-4.006100569E-4	-1.0618435989E-10
-3.93503438E-4	-1.0351001269E-10
-3.860558834E-4	-9.868088659E-11
-3.781911375E-4	-9.384334269E-11
-3.70441643E-4	-9.112459579E-11
-3.63799216E-4	-8.630738019E-11
-3.587879505E-4	-8.453177999E-11
-3.491394709E-4	-8.014378587E-11
-3.431507858E-4	-7.599868462E-11
-3.360364748E-4	-7.51982381E-11
-3.2937845E-4	-7.08403687E-11
-3.224863435E-4	-6.834334372E-11
-3.149034529E-4	-6.613962436E-11
-3.072981749E-4	-6.161916534E-11
-3.028183901E-4	-6.223484954E-11
-2.936981897E-4	-5.865156319E-11
-2.852099005E-4	-5.537878133E-11
-2.815270502E-4	-5.340880708E-11
-2.714422327E-4	-5.004744268E-11
-2.671724804E-4	-5.007815606E-11
-2.626239241E-4	-4.821134304E-11
-2.536822293E-4	-4.457622247E-11
-2.483596483E-4	-4.502415186E-11
-2.422785356E-4	-4.151975089E-11
-2.378479622E-4	-4.146875135E-11
-2.320790069E-4	-3.934992996E-11
-2.224959065E-4	-3.644027364E-11
-2.15352273E-4	-3.593209169E-11
-2.095046481E-4	-3.254762613E-11
-2.083125028E-4	-3.481950808E-11
-2.026158599E-4	-3.154206842E-11
-1.974858749E-4	-3.081168231E-11
-1.902088956E-4	-2.999005892E-11
-1.846544269E-4	-2.702491175E-11
-1.775184486E-4	-2.767414832E-11
-1.75415498E-4	-2.579243752E-11
-1.70530808E-4	-2.519791705E-11
-1.636598948E-4	-2.41464687E-11
-1.617995005E-4	-2.268562886E-11
-1.564264751E-4	-2.337107119E-11
-1.494685729E-4	-2.004779005E-11
-1.469224446E-4	-2.102569644E-11
-1.406825512E-4	-1.965069285E-11
-1.388398904E-4	-1.852911652E-11
-1.327654124E-4	-1.900579885E-11
-1.300974033E-4	-1.668740803E-11
-1.246898726E-4	-1.668852834E-11
-1.218249405E-4	-1.658856991E-11
-1.166528678E-4	-1.418956111E-11
-1.13482286E-4	-1.598435838E-11
-1.130556087E-4	-1.462361157E-11
-1.072409822E-4	-1.332279454E-11
-1.049217183E-4	-1.433956634E-11
-9.836902864E-5	-1.099779272E-11
-9.637193428E-5	-1.190961457E-11
-9.459922544E-5	-1.288557789E-11
-8.925655696E-5	-9.53283337E-12
-8.639635121E-5	-1.147038027E-11
-8.505548972E-5	-1.043318815E-11
-7.932881133E-5	-8.91539259E-12
-7.390139212E-5	-8.23583964E-12
-7.469502241E-5	-9.39631639E-12
-6.824605757E-5	-8.34663213E-12
-6.6415509E-5	-6.68083671E-12
-6.486345363E-5	-8.92509753E-12
-6.469023539E-5	-7.21607535E-12
-5.889014141E-5	-6.41361901E-12
-5.590615739E-5	-6.78837651E-12
-5.440054021E-5	-5.20128757E-12
-4.900134411E-5	-5.957458E-12
-4.514578826E-5	-4.3954292E-12
-4.467597879E-5	-4.84673474E-12
-3.753965598E-5	-3.89100743E-12
-3.443878094E-5	-2.25578264E-12
-3.197065633E-5	-2.7784612E-12
-2.631898228E-5	-1.83524496E-12
-2.288776984E-5	-2.68902953E-12
-2.090487555E-5	-3.10272638E-12
-1.465120881E-5	4.84338919999998E-13
-1.180739819E-5	-7.4732023E-13
-9.665437966E-6	-4.73410360000002E-13
-4.205200408E-6	1.62667126E-12
5.036409651E-7	0
9.641590285E-7	2.14748778E-12
7.307180524E-6	1.55183624E-12
1.101530215E-5	3.16898377E-12
1.220662903E-5	2.6368804E-12
1.888753047E-5	3.33516112E-12
2.192494551E-5	5.14405332E-12
2.354874615E-5	2.84396295E-12
2.971569615E-5	6.040388223E-12
3.269032747E-5	5.31874791E-12
3.398316307E-5	4.88117187E-12
3.991580806E-5	7.747968686E-12
4.572243397E-5	7.901727824E-12
4.547050155E-5	6.082964518E-12
5.109557751E-5	8.542638511E-12
5.345955038E-5	8.412727814E-12
5.469169861E-5	7.553266599E-12
6.095822424E-5	1.0883468928E-11
6.425655713E-5	9.214968697E-12
6.568035395E-5	9.897621318E-12
7.106549075E-5	1.1663708763E-11
7.483502056E-5	1.0552337633E-11
7.544360455E-5	1.2125140015E-11
8.128506497E-5	1.1567449807E-11
8.426283628E-5	1.337366403E-11
8.519103225E-5	1.2289523581E-11
9.126525698E-5	1.4206086511E-11
9.378105471E-5	1.4264247525E-11
9.532157815E-5	1.3704634846E-11
1.047405524E-4	1.4469426659E-11
1.054240436E-4	1.65770656033E-11
1.099668987E-4	1.6869746621E-11
1.129146818E-4	1.6866987378E-11
1.186399133E-4	1.9177282771E-11
1.216105026E-4	1.7340503738E-11
1.278106314E-4	2.0389050607E-11
1.296959986E-4	1.9885230096E-11
1.36115748E-4	2.0890639059E-11
1.38138088E-4	2.2369872834E-11
1.435775355E-4	2.1646871839E-11
1.503475004E-4	2.4687120062E-11
1.530678171E-4	2.3893235032E-11
1.59010381E-4	2.5403448661E-11
1.656512675E-4	2.779079267E-11
1.726885842E-4	2.738917465E-11
1.753118844E-4	2.934711931E-11
1.83461517E-4	3.032944676E-11
1.874809625E-4	3.142758192E-11
1.940679055E-4	3.234696214E-11
1.999697803E-4	3.535215524E-11
2.062740334E-4	3.479422488E-11
2.126350384E-4	3.762094407E-11
2.181000084E-4	3.864975665E-11
2.240193053E-4	3.949669356E-11
2.297498837E-4	4.253710918E-11
2.348320071E-4	4.199605055E-11
2.40557974E-4	4.486018161E-11
2.49537326E-4	4.718934024E-11
2.556061811E-4	4.802834276E-11
2.610790925E-4	5.121243568E-11
2.696785125E-4	5.260537405E-11
2.753762368E-4	5.447289024E-11
2.832031859E-4	5.799715661E-11
2.896041823E-4	5.986502027E-11
2.968709564E-4	6.090526157E-11
3.049628422E-4	6.499992093E-11
3.094843367E-4	6.620434758E-11
3.163758605E-4	6.835396379E-11
3.237520392E-4	7.277111242E-11
3.306874909E-4	7.355419263E-11
3.382523165E-4	7.811042403E-11
3.476492431E-4	8.184918234E-11
3.548111688E-4	8.413507251E-11
3.604242138E-4	8.876338105E-11
3.689760919E-4	9.121735389E-11
3.752854089E-4	9.508373968E-11
3.826020472E-4	9.968085264E-11
3.883024484E-4	1.0116408816E-10
3.952578853E-4	1.0744353517E-10
4.021847775E-4	1.1035489964E-10
4.089837817E-4	1.1523232893E-10
4.174736951E-4	1.2022248201E-10
4.233541157E-4	1.2602495591E-10
4.292024534E-4	1.2993894521E-10
4.36410946E-4	1.3512477711E-10
4.430505282E-4	1.4058263101E-10
4.497747156E-4	1.4769205741E-10
4.550525412E-4	1.5186484161E-10
4.615765685E-4	1.5870183571E-10
4.660073547E-4	1.6409786791E-10
4.729028389E-4	1.7091555301E-10
4.785067336E-4	1.7948742771E-10
4.838940547E-4	1.8506043621E-10
4.893473595E-4	1.9334427421E-10
4.937041599E-4	2.0029480831E-10
4.99331864E-4	2.0828123591E-10
5.044528061E-4	2.1841850361E-10
5.091589198E-4	2.2550574471E-10
5.13650322E-4	2.3513290021E-10
5.179203244E-4	2.4377382871E-10
5.225168825E-4	2.5433518181E-10
5.266884354E-4	2.6305189641E-10
5.317875301E-4	2.7532235331E-10
5.354040627E-4	2.8484602711E-10
5.394029565E-4	2.9784834121E-10
5.426756244E-4	3.0788712331E-10
5.464721085E-4	3.2137114171E-10
5.503988765E-4	3.3391428951E-10
5.536467368E-4	3.4817203071E-10
5.571060191E-4	3.6108492011E-10
5.604909352E-4	3.7639374401E-10
5.635415426E-4	3.9099036561E-10
5.66523867E-4	4.0562770171E-10
5.69924714E-4	4.2301040911E-10
5.72647568E-4	4.3944993921E-10
5.756663495E-4	4.5683163921E-10
5.785476168E-4	4.7630740921E-10
5.809441725E-4	4.9362059421E-10
5.839292807E-4	5.1532636351E-10
5.861107942E-4	5.3472974721E-10
5.887094769E-4	5.5649060421E-10
5.913406382E-4	5.8011921861E-10
5.935700119E-4	6.0188387901E-10
5.957947035E-4	6.2631563671E-10
5.979459768E-4	6.5159695511E-10
6.001282238E-4	6.7746198231E-10
6.022607353E-4	7.0584420151E-10
6.041368217E-4	7.3170040401E-10
6.060246805E-4	7.6171378571E-10
6.080916231E-4	7.9297493131E-10
6.097449616E-4	8.2458097461E-10
6.115968106E-4	8.5699100871E-10
6.133244772E-4	8.9036680141E-10
6.1506504E-4	9.2807388671E-10
6.164868696E-4	9.6438219621E-10
6.180430607E-4	1.00222738001E-9
6.195719685E-4	1.04306582181E-9
6.210944623E-4	1.08519581981E-9
6.224635694E-4	1.12726334781E-9
6.238333183E-4	1.17230340681E-9
6.253345858E-4	1.21905596181E-9
6.265914216E-4	1.26970246281E-9
6.279207864E-4	1.31922109181E-9
6.29374097E-4	1.37305608881E-9
6.306842481E-4	1.42706693081E-9
6.31808916E-4	1.48513851481E-9
6.331052327E-4	1.54377295781E-9
6.342132099E-4	1.60547883381E-9
6.353292722E-4	1.67004131381E-9
6.361493804E-4	1.73583965881E-9
6.370649999E-4	1.80662955381E-9
6.380368366E-4	1.87810453781E-9
6.386291205E-4	1.95363208781E-9
6.395185457E-4	2.03156797281E-9
6.404614833E-4	2.11381017081E-9
6.413973468E-4	2.19812674681E-9
6.423126232E-4	2.28457739581E-9
6.431870287E-4	2.37763149781E-9
6.441096639E-4	2.47156361681E-9
6.448646897E-4	2.57131215481E-9
6.45798408E-4	2.67377154081E-9
6.466513946E-4	2.78124008181E-9
6.4756796E-4	2.89235866581E-9
6.483581791E-4	3.00729748581E-9
6.489425216E-4	3.12817053281E-9
6.49840587E-4	3.25205284981E-9
6.504310446E-4	3.38318738481E-9
6.511421797E-4	3.51794494381E-9
6.519553765E-4	3.65957349381E-9
6.527276355E-4	3.80559987881E-9
6.533023789E-4	3.95730997181E-9
6.539593821E-4	4.11751789681E-9
6.547387773E-4	4.28102194881E-9
6.554417299E-4	4.45168737381E-9
6.560305778E-4	4.63089251781E-9
6.567787507E-4	4.81494165781E-9
6.574654213E-4	5.00508451581E-9
6.582411999E-4	5.19245303281E-9
6.589949689E-4	5.38213697281E-9
6.596895922E-4	5.57277452881E-9
6.603523902E-4	5.76084305281E-9
6.609208647E-4	5.95078122081E-9
6.617231438E-4	6.13944403081E-9
6.619979875E-4	6.32885949581E-9
6.62752787E-4	6.51656348481E-9
6.63278804E-4	6.70681806481E-9
6.640368981E-4	6.89488154781E-9
6.646690201E-4	7.08459140581E-9
6.653439445E-4	7.27260476381E-9
6.657774373E-4	7.46157655981E-9
6.665919268E-4	7.65171455181E-9
6.67057008E-4	7.84068083281E-9
6.679415014E-4	8.03022195981E-9
6.68575401E-4	8.21872326081E-9
6.691948183E-4	8.40907739581E-9
6.699185629E-4	8.59747991981E-9
6.705258299E-4	8.78676945181E-9
6.713096583E-4	8.97496442281E-9
6.71946083E-4	9.16509626581E-9
6.726431465E-4	9.35264436181E-9
6.732596944E-4	9.54253316481E-9
6.738965954E-4	9.73159585281E-9
6.745647861E-4	9.91982101781E-9
6.752213378E-4	1.010992880481E-8
6.758614841E-4	1.029817986481E-8
6.764738599E-4	1.048741735481E-8
6.771234781E-4	1.067849065481E-8
6.778004632E-4	1.086629089481E-8
6.78509749E-4	1.105616920481E-8
6.792541044E-4	1.124459379481E-8
6.799317539E-4	1.143370314481E-8
6.805828535E-4	1.162317633481E-8
6.814330093E-4	1.181106486481E-8
6.821567188E-4	1.200125024481E-8
6.831163093E-4	1.218988218481E-8
6.838527978E-4	1.237884969481E-8
6.846997158E-4	1.256834105481E-8
6.854207474E-4	1.275617054481E-8
6.861244496E-4	1.294587581481E-8
6.869034403E-4	1.313476477481E-8
6.876231907E-4	1.332501588481E-8
6.883739716E-4	1.351504147481E-8
6.892447985E-4	1.370268836481E-8
6.89883856E-4	1.389290371481E-8
6.907408034E-4	1.408096269481E-8
6.915774459E-4	1.427034856481E-8
6.925039345E-4	1.445902264481E-8
6.931693862E-4	1.464873151481E-8
6.94059794E-4	1.483643907481E-8
6.947934597E-4	1.502642106481E-8
6.957392671E-4	1.521516231481E-8
6.965532006E-4	1.540364935481E-8
6.972724055E-4	1.559367588481E-8
6.982659684E-4	1.578151855481E-8
6.990385006E-4	1.597236269481E-8
7.000108002E-4	1.616165227481E-8
7.008244715E-4	1.634987283481E-8
7.016225707E-4	1.654013042481E-8
7.024753077E-4	1.672804744481E-8
7.034369975E-4	1.691745427481E-8
7.041792456E-4	1.710557089481E-8
7.051453085E-4	1.729479748481E-8
7.058680597E-4	1.748488989481E-8
7.069435011E-4	1.767256368481E-8
7.077850279E-4	1.786271386481E-8
7.08636605E-4	1.805127983481E-8
7.094928174E-4	1.823998580481E-8
7.102893248E-4	1.842980122481E-8
7.110795418E-4	1.861896853481E-8
7.120285751E-4	1.880763488481E-8
7.129789089E-4	1.899742425481E-8
7.138187167E-4	1.918599704481E-8
7.145921962E-4	1.937623578481E-8
7.157730216E-4	1.956392263481E-8
7.166478665E-4	1.975396778481E-8
7.175613766E-4	1.994223743481E-8
7.185166657E-4	2.013142594481E-8
7.194264306E-4	2.032084426481E-8
7.204894496E-4	2.050885005481E-8
7.213370689E-4	2.069852081481E-8
7.222714495E-4	2.088735833481E-8
7.232314931E-4	2.107598037481E-8
7.241757945E-4	2.126731435481E-8
7.250762425E-4	2.145497493481E-8
7.260940674E-4	2.164462721481E-8
7.270402542E-4	2.183356650481E-8
7.280690666E-4	2.202195915481E-8
7.290270816E-4	2.221213959481E-8
7.300082245E-4	2.239949625481E-8
7.309389413E-4	2.259031519481E-8
7.320691912E-4	2.277828626481E-8
7.330533316E-4	2.296774045481E-8
7.34006025E-4	2.315665417481E-8
7.350498324E-4	2.334399117481E-8
7.359840473E-4	2.353508972481E-8
7.370022183E-4	2.372321981481E-8
7.380026306E-4	2.391418187481E-8
7.391081906E-4	2.410296178481E-8
7.40262039E-4	2.429068511481E-8
7.411148842E-4	2.448161433481E-8
7.422173272E-4	2.466942262481E-8
7.433038521E-4	2.485880322481E-8
7.442940367E-4	2.504786195481E-8
7.452694284E-4	2.523670226481E-8
7.462114437E-4	2.542606983481E-8
7.473985736E-4	2.561456939481E-8
7.483372939E-4	2.580472203481E-8
7.495364797E-4	2.599243459481E-8
7.505470037E-4	2.618196177481E-8
7.514702082E-4	2.637071986481E-8
7.526392983E-4	2.656085013481E-8
7.537218402E-4	2.675090996481E-8
7.548107827E-4	2.693852703481E-8
7.55811481E-4	2.712661126481E-8
7.568481401E-4	2.731704782481E-8
7.579101412E-4	2.750576882481E-8
7.589666066E-4	2.769532191481E-8
7.600712657E-4	2.788324832481E-8
7.610591871E-4	2.807354580481E-8
7.623947381E-4	2.826220139481E-8
7.63340949E-4	2.845056076481E-8
7.644078098E-4	2.864073415481E-8
7.655005448E-4	2.882858400481E-8
7.665765798E-4	2.901791005481E-8
7.677304259E-4	2.920857978481E-8
7.688878313E-4	2.939662290481E-8
7.69925618E-4	2.958639358481E-8
7.70992301E-4	2.977511304481E-8
7.720897394E-4	2.996392375481E-8
7.732730541E-4	3.015365729481E-8
7.7448708E-4	3.034141628481E-8
7.755699183E-4	3.053142561481E-8
7.768016521E-4	3.072001299481E-8
7.779062035E-4	3.090893374481E-8
7.791081862E-4	3.109897509481E-8
7.802755231E-4	3.128655241481E-8
7.814848428E-4	3.147673030481E-8
7.825826621E-4	3.166504870481E-8
7.836574417E-4	3.185545140481E-8
7.848721182E-4	3.204478458481E-8
7.859766824E-4	3.223293679481E-8
7.871765303E-4	3.242314030481E-8
7.883961397E-4	3.261084954481E-8
7.895529629E-4	3.280060984481E-8
7.906997221E-4	3.298916900481E-8
7.918531659E-4	3.317822358481E-8
7.931101472E-4	3.336710552481E-8
7.943100788E-4	3.355551074481E-8
7.955047618E-4	3.374538345481E-8
7.965945439E-4	3.393426099481E-8
7.979969588E-4	3.412349337481E-8
7.992236906E-4	3.431297184481E-8
8.003799438E-4	3.450335571481E-8
8.015460112E-4	3.469182967481E-8
8.027313192E-4	3.488059723481E-8
8.039520507E-4	3.506918986481E-8
8.050569487E-4	3.525922602481E-8
8.063481119E-4	3.544695501481E-8
8.07451609E-4	3.563718826481E-8
8.087361702E-4	3.582578648481E-8
8.100370876E-4	3.601440243481E-8
8.113012272E-4	3.620359952481E-8
8.12346327E-4	3.639309699481E-8
8.137720189E-4	3.658097214481E-8
8.149183875E-4	3.677107824481E-8
8.161264984E-4	3.696137184481E-8
8.173486553E-4	3.714993087481E-8
8.185444272E-4	3.733970486481E-8
8.197691417E-4	3.752777280481E-8
8.210104881E-4	3.771730718481E-8
8.222695186E-4	3.790602666481E-8
8.235089451E-4	3.809490038481E-8
8.248323714E-4	3.828454403481E-8
8.261182963E-4	3.847231975481E-8
8.2723911E-4	3.866225940481E-8
8.285115098E-4	3.885085483481E-8
8.299014799E-4	3.903929970481E-8
8.31112088E-4	3.922960024481E-8
8.323561748E-4	3.941718497481E-8
8.334912359E-4	3.960838754481E-8
8.349118903E-4	3.979516829481E-8
8.361455451E-4	3.998626150481E-8
8.374245116E-4	4.017553239481E-8
8.388616533E-4	4.036348020481E-8
8.400377382E-4	4.055379523481E-8
8.413062992E-4	4.074177792481E-8
8.425810703E-4	4.093112065481E-8
8.438621453E-4	4.112014148481E-8
8.451941645E-4	4.130820920481E-8
8.464663054E-4	4.149824482481E-8
8.478038352E-4	4.168703679481E-8
8.491121853E-4	4.187566596481E-8
8.502085958E-4	4.206549482481E-8
8.51591606E-4	4.225457558481E-8
8.529305838E-4	4.244462978481E-8