-7.910613891e-05	-2.337430016e-06
-7.892005721e-05	-2.313940228e-06
-7.866815070e-05	-2.290628773e-06
-7.862613193e-05	-2.267138683e-06
-7.824003885e-05	-2.243917832e-06
-7.811451261e-05	-2.220576197e-06
-7.784695832e-05	-2.197090154e-06
-7.759059558e-05	-2.173715150e-06
-7.743709749e-05	-2.150291785e-06
-7.715165856e-05	-2.126982403e-06
-7.698163072e-05	-2.103652981e-06
-7.673985024e-05	-2.080345572e-06
-7.648317890e-05	-2.056865074e-06
-7.626554626e-05	-2.033538540e-06
-7.591670818e-05	-2.010085879e-06
-7.563533258e-05	-1.986730386e-06
-7.537070057e-05	-1.963448035e-06
-7.511166389e-05	-1.940071940e-06
-7.477532904e-05	-1.916691524e-06
-7.455032711e-05	-1.893247000e-06
-7.428091894e-05	-1.869874915e-06
-7.397161671e-05	-1.846442855e-06
-7.371905831e-05	-1.823273063e-06
-7.344951868e-05	-1.799804826e-06
-7.305757928e-05	-1.776470284e-06
-7.276950067e-05	-1.753021823e-06
-7.247278263e-05	-1.729665918e-06
-7.220584668e-05	-1.706215850e-06
-7.180467199e-05	-1.682886497e-06
-7.152651656e-05	-1.659494345e-06
-7.123341405e-05	-1.636245596e-06
-7.086551359e-05	-1.612806692e-06
-7.047340760e-05	-1.589403307e-06
-7.000661254e-05	-1.566020730e-06
-6.965814409e-05	-1.542588845e-06
-6.939096865e-05	-1.519411232e-06
-6.901016293e-05	-1.495931950e-06
-6.847458793e-05	-1.472615217e-06
-6.817832410e-05	-1.449138788e-06
-6.778731040e-05	-1.425807570e-06
-6.730851638e-05	-1.402357776e-06
-6.685430719e-05	-1.379163087e-06
-6.640554176e-05	-1.355751214e-06
-6.596131537e-05	-1.332359774e-06
-6.548765449e-05	-1.308930769e-06
-6.492644566e-05	-1.285536974e-06
-6.450260035e-05	-1.262174208e-06
-6.390488711e-05	-1.238869649e-06
-6.332890790e-05	-1.215538205e-06
-6.270132161e-05	-1.192084006e-06
-6.210371498e-05	-1.168715096e-06
-6.153234797e-05	-1.145286801e-06
-6.092967785e-05	-1.121881600e-06
-6.021819645e-05	-1.098511285e-06
-5.963720090e-05	-1.075231257e-06
-5.900318428e-05	-1.051905267e-06
-5.833192566e-05	-1.028429750e-06
-5.758072584e-05	-1.005093348e-06
-5.679971162e-05	-9.816096358e-07
-5.612971224e-05	-9.582961486e-07
-5.540032918e-05	-9.349832545e-07
-5.458775339e-05	-9.116505751e-07
-5.377576907e-05	-8.882026567e-07
-5.292175588e-05	-8.648566968e-07
-5.214393690e-05	-8.414184051e-07
-5.111114825e-05	-8.180615672e-07
-5.012983847e-05	-7.947403772e-07
-4.932004200e-05	-7.713600685e-07
-4.840854501e-05	-7.479818801e-07
-4.736083239e-05	-7.245590279e-07
-4.620062824e-05	-7.011527351e-07
-4.520733934e-05	-6.778071668e-07
-4.409845116e-05	-6.545172083e-07
-4.303923163e-05	-6.311867150e-07
-4.179797098e-05	-6.077301813e-07
-4.063016156e-05	-5.844042766e-07
-3.942753494e-05	-5.609255214e-07
-3.809786280e-05	-5.376193284e-07
-3.687043417e-05	-5.141371641e-07
-3.545791014e-05	-4.909524276e-07
-3.402066859e-05	-4.675171826e-07
-3.264514910e-05	-4.441482636e-07
-3.119104382e-05	-4.207310493e-07
-2.975994595e-05	-3.973018639e-07
-2.823345985e-05	-3.739655730e-07
-2.669462870e-05	-3.506476058e-07
-2.503155225e-05	-3.273369033e-07
-2.346290459e-05	-3.038564574e-07
-2.177760759e-05	-2.805366467e-07
-2.003972580e-05	-2.570773077e-07
-1.830766917e-05	-2.337270777e-07
-1.658610479e-05	-2.104539141e-07
-1.478198483e-05	-1.870572186e-07
-1.286684958e-05	-1.636867896e-07
-1.106306412e-05	-1.402285334e-07
-9.310520763e-06	-1.168892813e-07
-7.371238646e-06	-9.342836652e-08
-5.393217203e-06	-7.026712350e-08
-3.503239808e-06	-4.678522575e-08
-1.657611388e-06	-2.346562077e-08
2.942884712e-07	-2.582743140e-11
2.069139139e-06	2.342501245e-08
4.146611953e-06	4.674004038e-08
6.012881311e-06	7.022526661e-08
7.866827123e-06	9.338992521e-08
9.793441091e-06	1.168518308e-07
1.152318156e-05	1.401865372e-07
1.339220837e-05	1.636440463e-07
1.515257232e-05	1.870649481e-07
1.689818829e-05	2.103890510e-07
1.863179168e-05	2.337096192e-07
2.040829406e-05	2.570428940e-07
2.216586771e-05	2.804869703e-07
2.383971761e-05	3.038447233e-07
2.544901888e-05	3.272451414e-07
2.700384875e-05	3.506758119e-07
2.856698371e-05	3.738550161e-07
3.021973126e-05	3.973207070e-07
3.166975908e-05	4.206573648e-07
3.312416058e-05	4.441252595e-07
3.440160606e-05	4.674915271e-07
3.569231344e-05	4.908840463e-07
3.711017242e-05	5.141582055e-07
3.838973418e-05	5.375019366e-07
3.968576509e-05	5.609613358e-07
4.085166030e-05	5.842714195e-07
4.209044761e-05	6.077574732e-07
4.317368290e-05	6.310762501e-07
4.434585325e-05	6.545371435e-07
4.543283001e-05	6.777368297e-07
4.654385932e-05	7.011594198e-07
4.751421308e-05	7.245456794e-07
4.848446057e-05	7.479473007e-07
4.961231576e-05	7.713680926e-07
5.045253417e-05	7.947617058e-07
5.135928934e-05	8.179936084e-07
5.218637607e-05	8.414026132e-07
5.301774033e-05	8.647510796e-07
5.389173054e-05	8.882259712e-07
5.466130178e-05	9.115544351e-07
5.547948844e-05	9.350169055e-07
5.623062776e-05	9.582169430e-07
5.704328758e-05	9.816105316e-07
5.762157126e-05	1.005023397e-06
5.827551863e-05	1.028416152e-06
5.893787630e-05	1.051856807e-06
5.968955069e-05	1.075201732e-06
6.027854143e-05	1.098497775e-06
6.080653496e-05	1.121836074e-06
6.138593545e-05	1.145291756e-06
6.206640423e-05	1.168643051e-06
6.263464531e-05	1.192106038e-06
6.319119461e-05	1.215432603e-06
6.373159433e-05	1.238905546e-06
6.414833275e-05	1.262069381e-06
6.473787156e-05	1.285535235e-06
6.535699697e-05	1.308874258e-06
6.585459290e-05	1.332343884e-06
6.635299554e-05	1.355608694e-06
6.676030003e-05	1.379106568e-06
6.719298825e-05	1.402265460e-06
6.752439282e-05	1.425687938e-06
6.802588680e-05	1.449121220e-06
6.837755267e-05	1.472551302e-06
6.880845744e-05	1.495922712e-06
6.910619814e-05	1.519335282e-06
6.944071521e-05	1.542621941e-06
6.979726622e-05	1.565932706e-06
7.016291955e-05	1.589409538e-06
7.053868426e-05	1.612767107e-06
7.095896673e-05	1.636214511e-06
7.125937837e-05	1.659550465e-06
7.156182496e-05	1.682852839e-06
7.179210204e-05	1.706256105e-06
7.230010643e-05	1.729570767e-06
7.247136910e-05	1.753041317e-06
7.282322791e-05	1.776364527e-06
7.302986695e-05	1.799833576e-06
7.335691207e-05	1.823158256e-06
7.362260134e-05	1.846476917e-06
7.387966418e-05	1.869800886e-06
7.407577690e-05	1.893254710e-06
7.431880573e-05	1.916613140e-06
7.457220799e-05	1.940069383e-06
7.482139113e-05	1.963409162e-06
7.506716292e-05	1.986682006e-06
7.521152320e-05	2.010075009e-06
7.538596003e-05	2.033433079e-06
7.562526926e-05	2.056911062e-06
7.583056782e-05	2.080216584e-06
7.598735896e-05	2.103708946e-06
7.609541551e-05	2.126866982e-06
7.626621529e-05	2.150351428e-06
7.648522678e-05	2.173655193e-06
7.663013295e-05	2.197158552e-06
7.681091685e-05	2.220472817e-06
7.691477694e-05	2.243944830e-06
7.707610686e-05	2.267112140e-06
7.727484679e-05	2.290584469e-06
7.744656033e-05	2.313889426e-06
7.751201516e-05	2.337302620e-06