-8.818361861e-05	-2.337327103e-06
-8.815690477e-05	-2.313993718e-06
-8.797177337e-05	-2.290535344e-06
-8.789816651e-05	-2.267202685e-06
-8.784169703e-05	-2.243882743e-06
-8.776150871e-05	-2.220491101e-06
-8.761042135e-05	-2.197166355e-06
-8.752931769e-05	-2.173674832e-06
-8.731274204e-05	-2.150357655e-06
-8.725376347e-05	-2.126877363e-06
-8.717503804e-05	-2.103587777e-06
-8.697424253e-05	-2.080218892e-06
-8.686978623e-05	-2.056913436e-06
-8.674935915e-05	-2.033453699e-06
-8.654452534e-05	-2.010132406e-06
-8.653621919e-05	-1.986659953e-06
-8.641945339e-05	-1.963488152e-06
-8.632993310e-05	-1.940017603e-06
-8.616835526e-05	-1.916696864e-06
-8.596763316e-05	-1.893201792e-06
-8.589172051e-05	-1.869881854e-06
-8.572342754e-05	-1.846424285e-06
-8.554182640e-05	-1.823256070e-06
-8.532703182e-05	-1.799781970e-06
-8.523932202e-05	-1.776463062e-06
-8.501606620e-05	-1.753004042e-06
-8.484360154e-05	-1.729671305e-06
-8.464878540e-05	-1.706200849e-06
-8.450264378e-05	-1.682876094e-06
-8.417903468e-05	-1.659561841e-06
-8.383982023e-05	-1.636244317e-06
-8.359730338e-05	-1.612776486e-06
-8.326644575e-05	-1.589423707e-06
-8.300431976e-05	-1.565960326e-06
-8.262925454e-05	-1.542626123e-06
-8.244888972e-05	-1.519318799e-06
-8.219556983e-05	-1.495994339e-06
-8.196804994e-05	-1.472524824e-06
-8.173714100e-05	-1.449196422e-06
-8.145830935e-05	-1.425738713e-06
-8.107927627e-05	-1.402401182e-06
-8.068752726e-05	-1.379095333e-06
-8.034568805e-05	-1.355759800e-06
-8.008886293e-05	-1.332307004e-06
-7.961284840e-05	-1.308955612e-06
-7.928145542e-05	-1.285493417e-06
-7.883544436e-05	-1.262164211e-06
-7.847945276e-05	-1.238853131e-06
-7.800395048e-05	-1.215517208e-06
-7.762051887e-05	-1.192070506e-06
-7.710287733e-05	-1.168722088e-06
-7.663905453e-05	-1.145257907e-06
-7.612009350e-05	-1.121922459e-06
-7.568285404e-05	-1.098467513e-06
-7.503779700e-05	-1.075276368e-06
-7.450670308e-05	-1.051830220e-06
-7.388407122e-05	-1.028485409e-06
-7.325472431e-05	-1.005015008e-06
-7.266047090e-05	-9.816698674e-07
-7.201656501e-05	-9.582116297e-07
-7.129788126e-05	-9.350330534e-07
-7.048593392e-05	-9.116041809e-07
-6.978556829e-05	-8.882197120e-07
-6.883232775e-05	-8.648138280e-07
-6.823775196e-05	-8.414244720e-07
-6.732599775e-05	-8.180085174e-07
-6.644089537e-05	-7.947448868e-07
-6.543528275e-05	-7.714180877e-07
-6.458623638e-05	-7.479507947e-07
-6.349518365e-05	-7.245943982e-07
-6.254322432e-05	-7.011473201e-07
-6.143429820e-05	-6.778175701e-07
-6.017887304e-05	-6.545157915e-07
-5.906698687e-05	-6.311753141e-07
-5.774066716e-05	-6.077279898e-07
-5.636290107e-05	-5.843948199e-07
-5.510773673e-05	-5.609324079e-07
-5.361606803e-05	-5.375312446e-07
-5.213220754e-05	-5.142116174e-07
-5.055817724e-05	-4.908780726e-07
-4.902112496e-05	-4.675686008e-07
-4.729296524e-05	-4.441065772e-07
-4.552364071e-05	-4.207440715e-07
-4.371458958e-05	-3.972911352e-07
-4.176362746e-05	-3.739532704e-07
-3.972695027e-05	-3.506598816e-07
-3.754679116e-05	-3.273111788e-07
-3.539346585e-05	-3.038641455e-07
-3.303456913e-05	-2.805092243e-07
-3.067119238e-05	-2.570802800e-07
-2.808404985e-05	-2.337150960e-07
-2.564236026e-05	-2.104559958e-07
-2.293974719e-05	-1.870524089e-07
-2.030693795e-05	-1.636654949e-07
-1.749232295e-05	-1.402411811e-07
-1.475750503e-05	-1.168537772e-07
-1.171774670e-05	-9.345584536e-08
-8.813899192e-06	-7.021576479e-08
-5.784455892e-06	-4.679737804e-08
-2.760192718e-06	-2.344525229e-08
1.865783707e-07	1.137645366e-11
3.190269545e-06	2.337809332e-08
6.296857692e-06	4.680547337e-08
9.169963697e-06	7.017117373e-08
1.206858384e-05	9.345110522e-08
1.497019643e-05	1.168047681e-07
1.793308118e-05	1.402555067e-07
2.060015226e-05	1.636010504e-07
2.345282941e-05	1.870511322e-07
2.604043388e-05	2.104126484e-07
2.851171305e-05	2.336909961e-07
3.102452517e-05	2.570666719e-07
3.346749676e-05	2.804718082e-07
3.567183866e-05	3.038611936e-07
3.782354905e-05	3.272334446e-07
3.991960695e-05	3.506873741e-07
4.202315225e-05	3.738749671e-07
4.399771597e-05	3.973218487e-07
4.585687915e-05	4.206625379e-07
4.766755818e-05	4.441384848e-07
4.940255097e-05	4.674659622e-07
5.095009479e-05	4.909289844e-07
5.260285464e-05	5.141071397e-07
5.413519803e-05	5.375703664e-07
5.543095548e-05	5.609587292e-07
5.691696764e-05	5.842916319e-07
5.814187620e-05	6.077523498e-07
5.940122277e-05	6.310883330e-07
6.057743563e-05	6.545449759e-07
6.158967555e-05	6.777315007e-07
6.267813831e-05	7.011819803e-07
6.380837358e-05	7.245141078e-07
6.472677135e-05	7.479999945e-07
6.578603777e-05	7.713426867e-07
6.667791183e-05	7.947889313e-07
6.752660368e-05	8.179781595e-07
6.836194959e-05	8.414191990e-07
6.922894225e-05	8.647762381e-07
6.996542877e-05	8.881945598e-07
7.082195018e-05	9.115830711e-07
7.154402358e-05	9.349915623e-07
7.220689289e-05	9.582558946e-07
7.279553805e-05	9.815995690e-07
7.346407681e-05	1.005053718e-06
7.408887220e-05	1.028403455e-06
7.468792811e-05	1.051877646e-06
7.514398828e-05	1.075185359e-06
7.580412727e-05	1.098497506e-06
7.629173891e-05	1.121847213e-06
7.670021008e-05	1.145290786e-06
7.722814337e-05	1.168693066e-06
7.777553072e-05	1.192077830e-06
7.804517556e-05	1.215484793e-06
7.848378114e-05	1.238831327e-06
7.888381496e-05	1.262155557e-06
7.934587830e-05	1.285462752e-06
7.963533436e-05	1.308945556e-06
8.002520675e-05	1.332277434e-06
8.030488278e-05	1.355759349e-06
8.072276365e-05	1.379066951e-06
8.105193418e-05	1.402399949e-06
8.137112402e-05	1.425724254e-06
8.168246946e-05	1.449177075e-06
8.204871575e-05	1.472512003e-06
8.223899523e-05	1.495965082e-06
8.264311459e-05	1.519308239e-06
8.285238127e-05	1.542612099e-06
8.314743460e-05	1.565942415e-06
8.340373701e-05	1.589397756e-06
8.364759785e-05	1.612752568e-06
8.392030882e-05	1.636209431e-06
8.417680233e-05	1.659540595e-06
8.431320027e-05	1.682837959e-06
8.444747000e-05	1.706189910e-06
8.459666660e-05	1.729628694e-06
8.485457295e-05	1.752973189e-06
8.506848599e-05	1.776419459e-06
8.514073849e-05	1.799828394e-06
8.535343989e-05	1.823157028e-06
8.561351037e-05	1.846461339e-06
8.571914091e-05	1.869795986e-06
8.594572377e-05	1.893254837e-06
8.603673699e-05	1.916609433e-06
8.619765074e-05	1.940002758e-06
8.635509500e-05	1.963318879e-06
8.644524259e-05	1.986675701e-06
8.658210467e-05	2.010079684e-06
8.669299919e-05	2.033460216e-06
8.683775274e-05	2.056888128e-06
8.689886849e-05	2.080240898e-06
8.690742405e-05	2.103670567e-06
8.715468210e-05	2.126880033e-06
8.706564095e-05	2.150331448e-06
8.722045738e-05	2.173669705e-06
8.733513210e-05	2.197148354e-06
8.745500293e-05	2.220494661e-06
8.759672072e-05	2.243939809e-06
8.771991781e-05	2.267132797e-06
8.772942542e-05	2.290580170e-06
8.787629076e-05	2.313913403e-06
8.788861369e-05	2.337363960e-06