0.000000000e+00	2.472461892e-12
1.000000000e-05	1.700057564e-11
2.000000000e-05	2.310021100e-11
3.000000000e-05	3.219306618e-11
4.000000000e-05	3.010891360e-11
5.000000000e-05	3.294397229e-11
6.000000000e-05	3.837674794e-11
7.000000000e-05	3.847324533e-11
8.000000000e-05	4.716043859e-11
9.000000000e-05	5.246824967e-11
1.000000000e-04	6.149674900e-11
1.100000000e-04	6.288954919e-11
1.200000000e-04	5.832763291e-11
1.300000000e-04	6.714465653e-11
1.400000000e-04	6.532009193e-11
1.500000000e-04	8.436402877e-11
1.600000000e-04	8.425771794e-11
1.700000000e-04	9.746095257e-11
1.800000000e-04	8.832102194e-11
1.900000000e-04	9.923334856e-11
2.000000000e-04	1.067565250e-10
2.100000000e-04	1.111463831e-10
2.200000000e-04	1.057398009e-10
2.300000000e-04	1.048577911e-10
2.400000000e-04	1.238969167e-10
2.500000000e-04	1.213598995e-10
2.600000000e-04	1.306407290e-10
2.700000000e-04	1.454690851e-10
2.800000000e-04	1.371135664e-10
2.900000000e-04	1.507521762e-10
3.000000000e-04	1.521189375e-10
3.100000000e-04	1.505665665e-10
3.200000000e-04	1.575541233e-10
3.300000000e-04	1.621841062e-10
3.400000000e-04	1.656389310e-10
3.500000000e-04	1.796228576e-10
3.600000000e-04	1.760181936e-10
3.700000000e-04	1.758525201e-10
3.800000000e-04	1.857668400e-10
3.900000000e-04	1.838754821e-10
4.000000000e-04	1.929236902e-10
4.100000000e-04	1.965951475e-10
4.200000000e-04	2.027058332e-10
4.300000000e-04	2.122489519e-10
4.400000000e-04	2.157967998e-10
4.500000000e-04	2.148022491e-10
4.600000000e-04	2.275243611e-10
4.700000000e-04	2.136468453e-10
4.800000000e-04	2.269393832e-10
4.900000000e-04	2.388577201e-10
5.000000000e-04	2.326466989e-10
5.100000000e-04	2.451539427e-10
5.200000000e-04	2.416914418e-10
5.300000000e-04	2.515552393e-10
5.400000000e-04	2.564177072e-10
5.500000000e-04	2.586096440e-10
5.600000000e-04	2.718328693e-10
5.700000000e-04	2.704017794e-10
5.800000000e-04	2.691226933e-10
5.900000000e-04	2.757492899e-10
6.000000000e-04	2.757131284e-10
6.100000000e-04	2.930840043e-10
6.200000000e-04	2.906223204e-10
6.300000000e-04	2.910504014e-10
6.400000000e-04	3.113921963e-10
6.500000000e-04	3.129531984e-10
6.600000000e-04	3.156558074e-10
6.700000000e-04	3.168843346e-10
6.800000000e-04	3.196438871e-10
6.900000000e-04	3.311721144e-10
7.000000000e-04	3.303125055e-10
7.100000000e-04	3.359305907e-10
7.200000000e-04	3.410342384e-10
7.300000000e-04	3.401859345e-10
7.400000000e-04	3.504659622e-10
7.500000000e-04	3.542844121e-10
7.600000000e-04	3.664299771e-10
7.700000000e-04	3.631261194e-10
7.800000000e-04	3.763874071e-10
7.900000000e-04	3.718675185e-10
8.000000000e-04	3.741015104e-10
8.100000000e-04	3.855369874e-10
8.200000000e-04	3.935845785e-10
8.300000000e-04	3.991088130e-10
8.400000000e-04	4.041147082e-10
8.500000000e-04	4.038489084e-10
8.600000000e-04	4.127127801e-10
8.700000000e-04	4.200023164e-10
8.800000000e-04	4.240953700e-10
8.900000000e-04	4.291507235e-10
9.000000000e-04	4.348506996e-10
9.100000000e-04	4.230116161e-10
9.200000000e-04	4.397528670e-10
9.300000000e-04	4.374892802e-10
9.400000000e-04	4.476868076e-10
9.500000000e-04	4.494704996e-10
9.600000000e-04	4.464164436e-10
9.700000000e-04	4.574749442e-10
9.800000000e-04	4.653842194e-10
9.900000000e-04	4.636858381e-10
1.000000000e-03	4.736792658e-10
1.010000000e-03	4.793472277e-10
1.020000000e-03	4.864152384e-10
1.030000000e-03	4.937085492e-10
1.040000000e-03	4.979565261e-10
1.050000000e-03	5.051479735e-10
1.060000000e-03	5.012761909e-10
1.070000000e-03	5.047485052e-10
1.080000000e-03	5.142027572e-10
1.090000000e-03	5.157230049e-10
1.100000000e-03	5.189354039e-10
1.110000000e-03	5.279404109e-10
1.120000000e-03	5.359212269e-10
1.130000000e-03	5.364322720e-10
1.140000000e-03	5.398055242e-10
1.150000000e-03	5.429361596e-10
1.160000000e-03	5.511889873e-10
1.170000000e-03	5.502206664e-10
1.180000000e-03	5.639283978e-10
1.190000000e-03	5.698287992e-10
1.200000000e-03	5.706623602e-10
1.210000000e-03	5.726589285e-10
1.220000000e-03	5.812022669e-10
1.230000000e-03	5.877544487e-10
1.240000000e-03	5.905190033e-10
1.250000000e-03	5.931636502e-10
1.260000000e-03	5.914975742e-10
1.270000000e-03	5.938626333e-10
1.280000000e-03	6.092749032e-10
1.290000000e-03	6.046920049e-10
1.300000000e-03	6.237569420e-10
1.310000000e-03	6.265203598e-10
1.320000000e-03	6.290187872e-10
1.330000000e-03	6.299675357e-10
1.340000000e-03	6.421563563e-10
1.350000000e-03	6.468779435e-10
1.360000000e-03	6.525247232e-10
1.370000000e-03	6.556342947e-10
1.380000000e-03	6.610694623e-10
1.390000000e-03	6.587562808e-10
1.400000000e-03	6.653692259e-10
1.410000000e-03	6.707438666e-10
1.420000000e-03	6.785737156e-10
1.430000000e-03	6.870258590e-10
1.440000000e-03	6.925564327e-10
1.450000000e-03	6.968400709e-10
1.460000000e-03	7.079256471e-10
1.470000000e-03	7.060133981e-10
1.480000000e-03	7.175828528e-10
1.490000000e-03	7.188296155e-10
1.500000000e-03	7.187641228e-10
1.510000000e-03	7.304066008e-10
1.520000000e-03	7.305574132e-10
1.530000000e-03	7.332328829e-10
1.540000000e-03	7.483093492e-10
1.550000000e-03	7.481930521e-10
1.560000000e-03	7.565810489e-10
1.570000000e-03	7.590882984e-10
1.580000000e-03	7.663494403e-10
1.590000000e-03	7.782168183e-10
1.600000000e-03	7.780596485e-10
1.610000000e-03	7.866838774e-10
1.620000000e-03	7.869027382e-10
1.630000000e-03	7.976048806e-10
1.640000000e-03	7.977644151e-10
1.650000000e-03	8.011302276e-10
1.660000000e-03	8.173800421e-10
1.670000000e-03	8.134748810e-10
1.680000000e-03	8.216254269e-10
1.690000000e-03	8.263342539e-10
1.700000000e-03	8.282578170e-10
1.710000000e-03	8.391020679e-10
1.720000000e-03	8.383377013e-10
1.730000000e-03	8.443443499e-10
1.740000000e-03	8.507070384e-10
1.750000000e-03	8.645857184e-10
1.760000000e-03	8.605171939e-10
1.770000000e-03	8.694616286e-10
1.780000000e-03	8.734507088e-10
1.790000000e-03	8.787993016e-10
1.800000000e-03	8.919704311e-10
1.810000000e-03	8.900358358e-10
1.820000000e-03	9.010037234e-10
1.830000000e-03	9.095671890e-10
1.840000000e-03	9.182469699e-10
1.850000000e-03	9.117640917e-10
1.860000000e-03	9.237117871e-10
1.870000000e-03	9.317172959e-10
1.880000000e-03	9.408301054e-10
1.890000000e-03	9.455010337e-10
1.900000000e-03	9.491969928e-10
1.910000000e-03	9.505180247e-10
1.920000000e-03	9.591188524e-10
1.930000000e-03	9.679755663e-10
1.940000000e-03	9.716927076e-10
1.950000000e-03	9.878252791e-10
1.960000000e-03	9.897995466e-10
1.970000000e-03	1.001727570e-09
1.980000000e-03	9.966388194e-10
1.990000000e-03	1.012485737e-09
2.000000000e-03	1.017475479e-09
2.010000000e-03	1.019076308e-09
2.020000000e-03	1.020016344e-09
2.030000000e-03	1.023558971e-09
2.040000000e-03	1.037013472e-09
2.050000000e-03	1.036746162e-09
2.060000000e-03	1.047881370e-09
2.070000000e-03	1.058647913e-09
2.080000000e-03	1.066270980e-09
2.090000000e-03	1.076185200e-09
2.100000000e-03	1.076081235e-09
2.110000000e-03	1.080147095e-09
2.120000000e-03	1.085781396e-09
2.130000000e-03	1.099609299e-09
2.140000000e-03	1.099127986e-09
2.150000000e-03	1.104220547e-09
2.160000000e-03	1.113774652e-09
2.170000000e-03	1.118034798e-09
2.180000000e-03	1.137616801e-09
2.190000000e-03	1.138116577e-09
2.200000000e-03	1.151638854e-09
2.210000000e-03	1.152411860e-09
2.220000000e-03	1.162553690e-09
2.230000000e-03	1.167183864e-09
2.240000000e-03	1.167897618e-09
2.250000000e-03	1.181283797e-09
2.260000000e-03	1.194724883e-09
2.270000000e-03	1.194537963e-09
2.280000000e-03	1.210310684e-09
2.290000000e-03	1.214353252e-09
2.300000000e-03	1.221108160e-09
2.310000000e-03	1.223243235e-09
2.320000000e-03	1.229755872e-09
2.330000000e-03	1.241503506e-09
2.340000000e-03	1.248859945e-09
2.350000000e-03	1.252534867e-09
2.360000000e-03	1.262982360e-09
2.370000000e-03	1.262283232e-09
2.380000000e-03	1.276082949e-09
2.390000000e-03	1.277426409e-09
2.400000000e-03	1.283749780e-09
2.410000000e-03	1.293863134e-09
2.420000000e-03	1.311482311e-09
2.430000000e-03	1.318884170e-09
2.440000000e-03	1.318602099e-09
2.450000000e-03	1.329275802e-09
2.460000000e-03	1.335022517e-09
2.470000000e-03	1.340550398e-09
2.480000000e-03	1.360532115e-09
2.490000000e-03	1.365451245e-09
2.500000000e-03	1.373126570e-09
2.510000000e-03	1.373931855e-09
2.520000000e-03	1.383946192e-09
2.530000000e-03	1.404224686e-09
2.540000000e-03	1.404929718e-09
2.550000000e-03	1.406237262e-09
2.560000000e-03	1.419467799e-09
2.570000000e-03	1.429351042e-09
2.580000000e-03	1.444997525e-09
2.590000000e-03	1.452716270e-09
2.600000000e-03	1.460356935e-09
2.610000000e-03	1.469148283e-09
2.620000000e-03	1.480053380e-09
2.630000000e-03	1.484615387e-09
2.640000000e-03	1.489315865e-09
2.650000000e-03	1.490677797e-09
2.660000000e-03	1.500918834e-09
2.670000000e-03	1.518531881e-09
2.680000000e-03	1.526369243e-09
2.690000000e-03	1.538698189e-09
2.700000000e-03	1.543449308e-09
2.710000000e-03	1.549046584e-09
2.720000000e-03	1.568621220e-09
2.730000000e-03	1.573482378e-09
2.740000000e-03	1.585186292e-09
2.750000000e-03	1.596569955e-09
2.760000000e-03	1.607166951e-09
2.770000000e-03	1.619406249e-09
2.780000000e-03	1.622784667e-09
2.790000000e-03	1.637361839e-09
2.800000000e-03	1.640623851e-09
2.810000000e-03	1.653913433e-09
2.820000000e-03	1.666597391e-09
2.830000000e-03	1.674079713e-09
2.840000000e-03	1.694064104e-09
2.850000000e-03	1.700560834e-09
2.860000000e-03	1.702647469e-09
2.870000000e-03	1.718541326e-09
2.880000000e-03	1.719618795e-09
2.890000000e-03	1.748363875e-09
2.900000000e-03	1.759171155e-09
2.910000000e-03	1.762286966e-09
2.920000000e-03	1.776261034e-09
2.930000000e-03	1.791117029e-09
2.940000000e-03	1.798275217e-09
2.950000000e-03	1.805873927e-09
2.960000000e-03	1.815764445e-09
2.970000000e-03	1.829319017e-09
2.980000000e-03	1.841495314e-09
2.990000000e-03	1.852835686e-09
3.000000000e-03	1.861684651e-09
3.010000000e-03	1.881902600e-09
3.020000000e-03	1.888488196e-09
3.030000000e-03	1.899540185e-09
3.040000000e-03	1.912810440e-09
3.050000000e-03	1.924892968e-09
3.060000000e-03	1.938322740e-09
3.070000000e-03	1.955223498e-09
3.080000000e-03	1.977114289e-09
3.090000000e-03	1.980976231e-09
3.100000000e-03	1.989677140e-09
3.110000000e-03	2.002467145e-09
3.120000000e-03	2.009933769e-09
3.130000000e-03	2.028237168e-09
3.140000000e-03	2.049546266e-09
3.150000000e-03	2.061236592e-09
3.160000000e-03	2.080375808e-09
3.170000000e-03	2.077188220e-09
3.180000000e-03	2.098248233e-09
3.190000000e-03	2.119451929e-09
3.200000000e-03	2.129538062e-09
3.210000000e-03	2.146877787e-09
3.220000000e-03	2.166906343e-09
3.230000000e-03	2.178444884e-09
3.240000000e-03	2.201592188e-09
3.250000000e-03	2.201502103e-09
3.260000000e-03	2.227796541e-09
3.270000000e-03	2.249838090e-09
3.280000000e-03	2.249669834e-09
3.290000000e-03	2.274949875e-09
3.300000000e-03	2.288814913e-09
3.310000000e-03	2.309744096e-09
3.320000000e-03	2.322776564e-09
3.330000000e-03	2.344722362e-09
3.340000000e-03	2.355775715e-09
3.350000000e-03	2.378516811e-09
3.360000000e-03	2.401474940e-09
3.370000000e-03	2.411043707e-09
3.380000000e-03	2.430799378e-09
3.390000000e-03	2.444842776e-09
3.400000000e-03	2.466995930e-09
3.410000000e-03	2.485886953e-09
3.420000000e-03	2.502245853e-09
3.430000000e-03	2.534867136e-09
3.440000000e-03	2.538989830e-09
3.450000000e-03	2.561055754e-09
3.460000000e-03	2.577205260e-09
3.470000000e-03	2.600472308e-09
3.480000000e-03	2.616013226e-09
3.490000000e-03	2.649243843e-09
3.500000000e-03	2.658287204e-09
3.510000000e-03	2.690475431e-09
3.520000000e-03	2.716912314e-09
3.530000000e-03	2.728087039e-09
3.540000000e-03	2.755055612e-09
3.550000000e-03	2.775291233e-09
3.560000000e-03	2.806065459e-09
3.570000000e-03	2.822790139e-09
3.580000000e-03	2.849062722e-09
3.590000000e-03	2.875706387e-09
3.600000000e-03	2.897553450e-09
3.610000000e-03	2.921147298e-09
3.620000000e-03	2.943842010e-09
3.630000000e-03	2.974892432e-09
3.640000000e-03	2.994918059e-09
3.650000000e-03	3.019903416e-09
3.660000000e-03	3.052921457e-09
3.670000000e-03	3.078653672e-09
3.680000000e-03	3.108132533e-09
3.690000000e-03	3.134051631e-09
3.700000000e-03	3.161854602e-09
3.710000000e-03	3.187270323e-09
3.720000000e-03	3.224216535e-09
3.730000000e-03	3.246832094e-09
3.740000000e-03	3.280597530e-09
3.750000000e-03	3.318991222e-09
3.760000000e-03	3.345860060e-09
3.770000000e-03	3.367689770e-09
3.780000000e-03	3.398577692e-09
3.790000000e-03	3.429202434e-09
3.800000000e-03	3.466159624e-09
3.810000000e-03	3.504531624e-09
3.820000000e-03	3.533533509e-09
3.830000000e-03	3.583767166e-09
3.840000000e-03	3.614647422e-09
3.850000000e-03	3.644034824e-09
3.860000000e-03	3.675532844e-09
3.870000000e-03	3.720625655e-09
3.880000000e-03	3.764588747e-09
3.890000000e-03	3.802521160e-09
3.900000000e-03	3.840332138e-09
3.910000000e-03	3.877010013e-09
3.920000000e-03	3.919358551e-09
3.930000000e-03	3.966583845e-09
3.940000000e-03	4.006906557e-09
3.950000000e-03	4.044558346e-09
3.960000000e-03	4.103049687e-09
3.970000000e-03	4.150513815e-09
3.980000000e-03	4.191216440e-09
3.990000000e-03	4.241367070e-09
4.000000000e-03	4.284342768e-09
4.010000000e-03	4.342139028e-09
4.020000000e-03	4.390033810e-09
4.030000000e-03	4.439853929e-09
4.040000000e-03	4.490721931e-09
4.050000000e-03	4.536907691e-09
4.060000000e-03	4.595989004e-09
4.070000000e-03	4.649390640e-09
4.080000000e-03	4.712885694e-09
4.090000000e-03	4.769822327e-09
4.100000000e-03	4.834327775e-09
4.110000000e-03	4.898200132e-09
4.120000000e-03	4.962433614e-09
4.130000000e-03	5.017534286e-09
4.140000000e-03	5.091070880e-09
4.150000000e-03	5.153625989e-09
4.160000000e-03	5.231112537e-09
4.170000000e-03	5.294734293e-09
4.180000000e-03	5.368427674e-09
4.190000000e-03	5.452571104e-09
4.200000000e-03	5.519097695e-09
4.210000000e-03	5.604877506e-09
4.220000000e-03	5.690841318e-09
4.230000000e-03	5.762077408e-09
4.240000000e-03	5.849295767e-09
4.250000000e-03	5.933192652e-09
4.260000000e-03	6.037822578e-09
4.270000000e-03	6.130223729e-09
4.280000000e-03	6.218892359e-09
4.290000000e-03	6.334685914e-09
4.300000000e-03	6.431606726e-09
4.310000000e-03	6.520696953e-09
4.320000000e-03	6.638933092e-09
4.330000000e-03	6.753088183e-09
4.340000000e-03	6.877636452e-09
4.350000000e-03	7.007205241e-09
4.360000000e-03	7.099277319e-09
4.370000000e-03	7.258569377e-09
4.380000000e-03	7.361463277e-09
4.390000000e-03	7.512887833e-09
4.400000000e-03	7.643874661e-09
4.410000000e-03	7.791245435e-09
4.420000000e-03	7.958694005e-09
4.430000000e-03	8.101103031e-09
4.440000000e-03	8.275858964e-09
4.450000000e-03	8.429180799e-09
4.460000000e-03	8.616323703e-09
4.470000000e-03	8.796844878e-09
4.480000000e-03	8.987562288e-09
4.490000000e-03	9.165940865e-09
4.500000000e-03	9.389304496e-09
4.510000000e-03	9.587685618e-09
4.520000000e-03	9.825693760e-09
4.530000000e-03	1.003107908e-08
4.540000000e-03	1.027840929e-08
4.550000000e-03	1.053858349e-08
4.560000000e-03	1.079669717e-08
4.570000000e-03	1.111145933e-08
4.580000000e-03	1.139335526e-08
4.590000000e-03	1.167367916e-08
4.600000000e-03	1.199066530e-08
4.610000000e-03	1.232091132e-08
4.620000000e-03	1.269236856e-08
4.630000000e-03	1.302684185e-08
4.640000000e-03	1.340646215e-08
4.650000000e-03	1.380740963e-08
4.660000000e-03	1.424668057e-08
4.670000000e-03	1.465862110e-08
4.680000000e-03	1.516147736e-08
4.690000000e-03	1.561433745e-08
4.700000000e-03	1.615013046e-08
4.710000000e-03	1.668322555e-08
4.720000000e-03	1.719935785e-08
4.730000000e-03	1.784821017e-08
4.740000000e-03	1.845958666e-08
4.750000000e-03	1.914559044e-08
4.760000000e-03	1.982685103e-08
4.770000000e-03	2.050833285e-08
4.780000000e-03	2.133086485e-08
4.790000000e-03	2.206636316e-08
4.800000000e-03	2.292203198e-08
4.810000000e-03	2.373663548e-08
4.820000000e-03	2.455787470e-08
4.830000000e-03	2.551577829e-08
4.840000000e-03	2.636508166e-08
4.850000000e-03	2.728549463e-08
4.860000000e-03	2.838769294e-08
4.870000000e-03	2.929188706e-08
4.880000000e-03	3.038872909e-08
4.890000000e-03	3.138244137e-08
4.900000000e-03	3.245089755e-08
4.910000000e-03	3.354470516e-08
4.920000000e-03	3.461046940e-08
4.930000000e-03	3.579600298e-08
4.940000000e-03	3.688291502e-08
4.950000000e-03	3.793376108e-08
4.960000000e-03	3.913886862e-08
4.970000000e-03	4.017303540e-08
4.980000000e-03	4.136842704e-08
4.990000000e-03	4.262473320e-08
5.000000000e-03	4.366583703e-08
5.010000000e-03	4.494478355e-08
5.020000000e-03	4.602258766e-08
5.030000000e-03	4.728624404e-08
5.040000000e-03	4.858303452e-08
5.050000000e-03	4.980100781e-08
5.060000000e-03	5.111489164e-08
5.070000000e-03	5.231067768e-08
5.080000000e-03	5.351924784e-08
5.090000000e-03	5.497799246e-08
5.100000000e-03	5.620837975e-08
5.110000000e-03	5.759238289e-08
5.120000000e-03	5.896509041e-08
5.130000000e-03	6.019690509e-08
5.140000000e-03	6.159848784e-08
5.150000000e-03	6.293879575e-08
5.160000000e-03	6.442193695e-08
5.170000000e-03	6.574881610e-08
5.180000000e-03	6.698469041e-08
5.190000000e-03	6.848075286e-08
5.200000000e-03	6.990351399e-08
5.210000000e-03	7.123022463e-08
5.220000000e-03	7.268962172e-08
5.230000000e-03	7.399105321e-08
5.240000000e-03	7.552931246e-08
5.250000000e-03	7.686191378e-08
5.260000000e-03	7.821672831e-08
5.270000000e-03	7.963888434e-08
5.280000000e-03	8.107682595e-08
5.290000000e-03	8.254993086e-08
5.300000000e-03	8.389088273e-08
5.310000000e-03	8.514227825e-08
5.320000000e-03	8.672524146e-08
5.330000000e-03	8.800970511e-08
5.340000000e-03	8.949674152e-08
5.350000000e-03	9.080924401e-08
5.360000000e-03	9.213446683e-08
5.370000000e-03	9.353055786e-08
5.380000000e-03	9.481454697e-08
5.390000000e-03	9.604464736e-08
5.400000000e-03	9.749995970e-08
5.410000000e-03	9.876954859e-08
5.420000000e-03	1.001640247e-07
5.430000000e-03	1.013190554e-07
5.440000000e-03	1.025861952e-07
5.450000000e-03	1.039619939e-07
5.460000000e-03	1.051796951e-07
5.470000000e-03	1.066194199e-07
5.480000000e-03	1.077625836e-07
5.490000000e-03	1.089441871e-07
5.500000000e-03	1.102853419e-07
5.510000000e-03	1.114775480e-07
5.520000000e-03	1.128177726e-07
5.530000000e-03	1.140039108e-07
5.540000000e-03	1.151712409e-07
5.550000000e-03	1.165804531e-07
5.560000000e-03	1.176756291e-07
5.570000000e-03	1.188464869e-07
5.580000000e-03	1.202359732e-07
5.590000000e-03	1.213252936e-07
5.600000000e-03	1.225917801e-07
5.610000000e-03	1.238323747e-07
5.620000000e-03	1.249753649e-07
5.630000000e-03	1.262477797e-07
5.640000000e-03	1.274053203e-07
5.650000000e-03	1.286990734e-07
5.660000000e-03	1.298255516e-07
5.670000000e-03	1.309356823e-07
5.680000000e-03	1.322331321e-07
5.690000000e-03	1.333322055e-07
5.700000000e-03	1.346195284e-07
5.710000000e-03	1.357887313e-07
5.720000000e-03	1.368037935e-07
5.730000000e-03	1.380439613e-07
5.740000000e-03	1.391880511e-07
5.750000000e-03	1.402583855e-07
5.760000000e-03	1.415080332e-07
5.770000000e-03	1.426547844e-07
5.780000000e-03	1.439226384e-07
5.790000000e-03	1.450341877e-07
5.800000000e-03	1.460944473e-07
5.810000000e-03	1.473076503e-07
5.820000000e-03	1.484288768e-07
5.830000000e-03	1.496691351e-07
5.840000000e-03	1.507927357e-07
5.850000000e-03	1.518587566e-07
5.860000000e-03	1.531333231e-07
5.870000000e-03	1.541507593e-07
5.880000000e-03	1.553891011e-07
5.890000000e-03	1.564863461e-07
5.900000000e-03	1.575609995e-07
5.910000000e-03	1.587799891e-07
5.920000000e-03	1.598174990e-07
5.930000000e-03	1.609861908e-07
5.940000000e-03	1.621400034e-07
5.950000000e-03	1.632546776e-07
5.960000000e-03	1.644361082e-07
5.970000000e-03	1.654821713e-07
5.980000000e-03	1.665980094e-07
5.990000000e-03	1.677542454e-07
6.000000000e-03	1.688545330e-07