0.000000000e+00	9.642181431e-12
1.000000000e-05	1.094330455e-11
2.000000000e-05	2.748152892e-11
3.000000000e-05	3.233286461e-11
4.000000000e-05	2.478247607e-11
5.000000000e-05	4.189828414e-11
6.000000000e-05	3.878736661e-11
7.000000000e-05	4.657288682e-11
8.000000000e-05	6.058624476e-11
9.000000000e-05	5.604559246e-11
1.000000000e-04	6.322359750e-11
1.100000000e-04	6.655199340e-11
1.200000000e-04	7.444880848e-11
1.300000000e-04	8.195575047e-11
1.400000000e-04	8.333621790e-11
1.500000000e-04	9.636744890e-11
1.600000000e-04	9.871753773e-11
1.700000000e-04	9.993107651e-11
1.800000000e-04	1.048368818e-10
1.900000000e-04	1.133555821e-10
2.000000000e-04	1.116361642e-10
2.100000000e-04	1.174362120e-10
2.200000000e-04	1.218089716e-10
2.300000000e-04	1.291414361e-10
2.400000000e-04	1.246204380e-10
2.500000000e-04	1.387327035e-10
2.600000000e-04	1.402432741e-10
2.700000000e-04	1.471364982e-10
2.800000000e-04	1.529403113e-10
2.900000000e-04	1.625922056e-10
3.000000000e-04	1.667360635e-10
3.100000000e-04	1.676663765e-10
3.200000000e-04	1.706288645e-10
3.300000000e-04	1.785577575e-10
3.400000000e-04	1.882506336e-10
3.500000000e-04	1.906898166e-10
3.600000000e-04	1.929672822e-10
3.700000000e-04	1.946284925e-10
3.800000000e-04	2.039267207e-10
3.900000000e-04	2.115872490e-10
4.000000000e-04	2.156828674e-10
4.100000000e-04	2.231380864e-10
4.200000000e-04	2.214448255e-10
4.300000000e-04	2.404720914e-10
4.400000000e-04	2.391086678e-10
4.500000000e-04	2.452949508e-10
4.600000000e-04	2.511099416e-10
4.700000000e-04	2.530806165e-10
4.800000000e-04	2.609006429e-10
4.900000000e-04	2.633806167e-10
5.000000000e-04	2.637283256e-10
5.100000000e-04	2.770145698e-10
5.200000000e-04	2.825315101e-10
5.300000000e-04	2.860505907e-10
5.400000000e-04	2.889302783e-10
5.500000000e-04	2.925843097e-10
5.600000000e-04	3.021718299e-10
5.700000000e-04	3.067509448e-10
5.800000000e-04	3.085433769e-10
5.900000000e-04	3.128132999e-10
6.000000000e-04	3.267611197e-10
6.100000000e-04	3.256554561e-10
6.200000000e-04	3.334308809e-10
6.300000000e-04	3.355756240e-10
6.400000000e-04	3.301195016e-10
6.500000000e-04	3.469468180e-10
6.600000000e-04	3.430369548e-10
6.700000000e-04	3.503039903e-10
6.800000000e-04	3.546443446e-10
6.900000000e-04	3.601130180e-10
7.000000000e-04	3.639040920e-10
7.100000000e-04	3.768487937e-10
7.200000000e-04	3.792126159e-10
7.300000000e-04	3.794178252e-10
7.400000000e-04	3.898280562e-10
7.500000000e-04	4.004707085e-10
7.600000000e-04	3.979968193e-10
7.700000000e-04	4.014776920e-10
7.800000000e-04	4.169606569e-10
7.900000000e-04	4.205204646e-10
8.000000000e-04	4.155245466e-10
8.100000000e-04	4.281005846e-10
8.200000000e-04	4.328197707e-10
8.300000000e-04	4.342471408e-10
8.400000000e-04	4.287858434e-10
8.500000000e-04	4.469854417e-10
8.600000000e-04	4.472525876e-10
8.700000000e-04	4.527273728e-10
8.800000000e-04	4.562986675e-10
8.900000000e-04	4.650253146e-10
9.000000000e-04	4.664764498e-10
9.100000000e-04	4.803082362e-10
9.200000000e-04	4.747134068e-10
9.300000000e-04	4.857707159e-10
9.400000000e-04	4.896487650e-10
9.500000000e-04	5.030995186e-10
9.600000000e-04	5.052073908e-10
9.700000000e-04	5.133441578e-10
9.800000000e-04	5.131401400e-10
9.900000000e-04	5.215651077e-10
1.000000000e-03	5.210753630e-10
1.010000000e-03	5.317180699e-10
1.020000000e-03	5.357506603e-10
1.030000000e-03	5.315846380e-10
1.040000000e-03	5.478221015e-10
1.050000000e-03	5.462796258e-10
1.060000000e-03	5.513683032e-10
1.070000000e-03	5.637318287e-10
1.080000000e-03	5.634881478e-10
1.090000000e-03	5.645456355e-10
1.100000000e-03	5.639594479e-10
1.110000000e-03	5.771514503e-10
1.120000000e-03	5.874553341e-10
1.130000000e-03	5.848773531e-10
1.140000000e-03	5.992555549e-10
1.150000000e-03	6.100416800e-10
1.160000000e-03	6.070878140e-10
1.170000000e-03	6.021426549e-10
1.180000000e-03	6.141632190e-10
1.190000000e-03	6.226611100e-10
1.200000000e-03	6.362327536e-10
1.210000000e-03	6.398521151e-10
1.220000000e-03	6.406819835e-10
1.230000000e-03	6.496994143e-10
1.240000000e-03	6.546176161e-10
1.250000000e-03	6.679530366e-10
1.260000000e-03	6.732361913e-10
1.270000000e-03	6.804835089e-10
1.280000000e-03	6.800668240e-10
1.290000000e-03	6.806940115e-10
1.300000000e-03	6.829699038e-10
1.310000000e-03	7.013450255e-10
1.320000000e-03	6.978877087e-10
1.330000000e-03	7.068333894e-10
1.340000000e-03	7.152906534e-10
1.350000000e-03	7.150766856e-10
1.360000000e-03	7.161551826e-10
1.370000000e-03	7.206159631e-10
1.380000000e-03	7.334927801e-10
1.390000000e-03	7.317869955e-10
1.400000000e-03	7.438029212e-10
1.410000000e-03	7.743104748e-10
1.420000000e-03	7.530184854e-10
1.430000000e-03	7.571722841e-10
1.440000000e-03	7.604972603e-10
1.450000000e-03	7.735867353e-10
1.460000000e-03	7.736906815e-10
1.470000000e-03	7.834985541e-10
1.480000000e-03	7.846094655e-10
1.490000000e-03	7.936911885e-10
1.500000000e-03	7.903020929e-10
1.510000000e-03	8.058035115e-10
1.520000000e-03	8.075661577e-10
1.530000000e-03	7.993525111e-10
1.540000000e-03	8.119919590e-10
1.550000000e-03	8.224465006e-10
1.560000000e-03	8.265187449e-10
1.570000000e-03	8.322877698e-10
1.580000000e-03	8.308999992e-10
1.590000000e-03	8.533688748e-10
1.600000000e-03	8.578949297e-10
1.610000000e-03	8.638792866e-10
1.620000000e-03	8.625582092e-10
1.630000000e-03	8.765467743e-10
1.640000000e-03	8.719045314e-10
1.650000000e-03	8.725539379e-10
1.660000000e-03	8.904834345e-10
1.670000000e-03	8.954807441e-10
1.680000000e-03	9.001601398e-10
1.690000000e-03	9.077055443e-10
1.700000000e-03	9.058649181e-10
1.710000000e-03	9.281203353e-10
1.720000000e-03	9.237773162e-10
1.730000000e-03	9.309443982e-10
1.740000000e-03	9.401821722e-10
1.750000000e-03	9.430145297e-10
1.760000000e-03	9.584174501e-10
1.770000000e-03	9.570667959e-10
1.780000000e-03	9.643362597e-10
1.790000000e-03	9.667929868e-10
1.800000000e-03	9.751426393e-10
1.810000000e-03	9.823976057e-10
1.820000000e-03	9.840166154e-10
1.830000000e-03	9.968514411e-10
1.840000000e-03	1.009299122e-09
1.850000000e-03	1.017675987e-09
1.860000000e-03	1.023001060e-09
1.870000000e-03	1.026025548e-09
1.880000000e-03	1.029302103e-09
1.890000000e-03	1.034159814e-09
1.900000000e-03	1.048867144e-09
1.910000000e-03	1.050904403e-09
1.920000000e-03	1.062880684e-09
1.930000000e-03	1.065433544e-09
1.940000000e-03	1.067093545e-09
1.950000000e-03	1.074913726e-09
1.960000000e-03	1.078425203e-09
1.970000000e-03	1.091175764e-09
1.980000000e-03	1.097012819e-09
1.990000000e-03	1.108345733e-09
2.000000000e-03	1.110048952e-09
2.010000000e-03	1.114561383e-09
2.020000000e-03	1.122968925e-09
2.030000000e-03	1.129210542e-09
2.040000000e-03	1.141794010e-09
2.050000000e-03	1.145449233e-09
2.060000000e-03	1.150891758e-09
2.070000000e-03	1.158313426e-09
2.080000000e-03	1.164818551e-09
2.090000000e-03	1.166620851e-09
2.100000000e-03	1.178946041e-09
2.110000000e-03	1.183702089e-09
2.120000000e-03	1.189238883e-09
2.130000000e-03	1.195614068e-09
2.140000000e-03	1.198662022e-09
2.150000000e-03	1.210468927e-09
2.160000000e-03	1.228520205e-09
2.170000000e-03	1.235460732e-09
2.180000000e-03	1.245199510e-09
2.190000000e-03	1.243890757e-09
2.200000000e-03	1.247282681e-09
2.210000000e-03	1.261958051e-09
2.220000000e-03	1.266002765e-09
2.230000000e-03	1.285842664e-09
2.240000000e-03	1.287803071e-09
2.250000000e-03	1.289758830e-09
2.260000000e-03	1.297612299e-09
2.270000000e-03	1.299804181e-09
2.280000000e-03	1.316852986e-09
2.290000000e-03	1.322855979e-09
2.300000000e-03	1.331895492e-09
2.310000000e-03	1.341945781e-09
2.320000000e-03	1.357014153e-09
2.330000000e-03	1.356202593e-09
2.340000000e-03	1.362278463e-09
2.350000000e-03	1.371614972e-09
2.360000000e-03	1.383409227e-09
2.370000000e-03	1.390045537e-09
2.380000000e-03	1.398822897e-09
2.390000000e-03	1.404489458e-09
2.400000000e-03	1.412803095e-09
2.410000000e-03	1.422535361e-09
2.420000000e-03	1.430990015e-09
2.430000000e-03	1.434260521e-09
2.440000000e-03	1.438364935e-09
2.450000000e-03	1.444672144e-09
2.460000000e-03	1.464646812e-09
2.470000000e-03	1.470870157e-09
2.480000000e-03	1.484928371e-09
2.490000000e-03	1.488389290e-09
2.500000000e-03	1.500297722e-09
2.510000000e-03	1.507592124e-09
2.520000000e-03	1.513059761e-09
2.530000000e-03	1.523709698e-09
2.540000000e-03	1.535938518e-09
2.550000000e-03	1.548884439e-09
2.560000000e-03	1.548406909e-09
2.570000000e-03	1.563527458e-09
2.580000000e-03	1.581287498e-09
2.590000000e-03	1.581562111e-09
2.600000000e-03	1.597850233e-09
2.610000000e-03	1.599480484e-09
2.620000000e-03	1.612193783e-09
2.630000000e-03	1.615916900e-09
2.640000000e-03	1.624382658e-09
2.650000000e-03	1.634035771e-09
2.660000000e-03	1.655190054e-09
2.670000000e-03	1.657588664e-09
2.680000000e-03	1.661694114e-09
2.690000000e-03	1.674814576e-09
2.700000000e-03	1.690026712e-09
2.710000000e-03	1.695312495e-09
2.720000000e-03	1.695527590e-09
2.730000000e-03	1.719435759e-09
2.740000000e-03	1.730603145e-09
2.750000000e-03	1.737292806e-09
2.760000000e-03	1.743323183e-09
2.770000000e-03	1.761431250e-09
2.780000000e-03	1.765727230e-09
2.790000000e-03	1.775853999e-09
2.800000000e-03	1.785535797e-09
2.810000000e-03	1.798057502e-09
2.820000000e-03	1.823367903e-09
2.830000000e-03	1.829469675e-09
2.840000000e-03	1.833455127e-09
2.850000000e-03	1.854770272e-09
2.860000000e-03	1.861684669e-09
2.870000000e-03	1.878277163e-09
2.880000000e-03	1.886397650e-09
2.890000000e-03	1.900892267e-09
2.900000000e-03	1.908430241e-09
2.910000000e-03	1.916173624e-09
2.920000000e-03	1.936374502e-09
2.930000000e-03	1.948689797e-09
2.940000000e-03	1.957765481e-09
2.950000000e-03	1.971513294e-09
2.960000000e-03	1.985437885e-09
2.970000000e-03	1.999508541e-09
2.980000000e-03	2.011089028e-09
2.990000000e-03	2.028073850e-09
3.000000000e-03	2.042042689e-09
3.010000000e-03	2.051992770e-09
3.020000000e-03	2.067050155e-09
3.030000000e-03	2.078572380e-09
3.040000000e-03	2.092417472e-09
3.050000000e-03	2.101747723e-09
3.060000000e-03	2.117545874e-09
3.070000000e-03	2.133453054e-09
3.080000000e-03	2.150474803e-09
3.090000000e-03	2.162220845e-09
3.100000000e-03	2.181534938e-09
3.110000000e-03	2.193335441e-09
3.120000000e-03	2.206170366e-09
3.130000000e-03	2.226383859e-09
3.140000000e-03	2.226958914e-09
3.150000000e-03	2.244339703e-09
3.160000000e-03	2.269658135e-09
3.170000000e-03	2.275730358e-09
3.180000000e-03	2.300542374e-09
3.190000000e-03	2.303744832e-09
3.200000000e-03	2.330430744e-09
3.210000000e-03	2.350820505e-09
3.220000000e-03	2.359313376e-09
3.230000000e-03	2.377414740e-09
3.240000000e-03	2.403468607e-09
3.250000000e-03	2.407850052e-09
3.260000000e-03	2.434850404e-09
3.270000000e-03	2.435457955e-09
3.280000000e-03	2.470164828e-09
3.290000000e-03	2.480597487e-09
3.300000000e-03	2.499940284e-09
3.310000000e-03	2.516436344e-09
3.320000000e-03	2.536292096e-09
3.330000000e-03	2.558089564e-09
3.340000000e-03	2.568216469e-09
3.350000000e-03	2.593017180e-09
3.360000000e-03	2.618318868e-09
3.370000000e-03	2.632480683e-09
3.380000000e-03	2.642743612e-09
3.390000000e-03	2.667660984e-09
3.400000000e-03	2.694619580e-09
3.410000000e-03	2.709797109e-09
3.420000000e-03	2.733595330e-09
3.430000000e-03	2.754683256e-09
3.440000000e-03	2.765958280e-09
3.450000000e-03	2.801764559e-09
3.460000000e-03	2.820832006e-09
3.470000000e-03	2.841732558e-09
3.480000000e-03	2.861351687e-09
3.490000000e-03	2.887202527e-09
3.500000000e-03	2.906575929e-09
3.510000000e-03	2.924707351e-09
3.520000000e-03	2.954424290e-09
3.530000000e-03	2.974086120e-09
3.540000000e-03	3.000180014e-09
3.550000000e-03	3.016148058e-09
3.560000000e-03	3.042089630e-09
3.570000000e-03	3.069757523e-09
3.580000000e-03	3.095075272e-09
3.590000000e-03	3.125352051e-09
3.600000000e-03	3.145729589e-09
3.610000000e-03	3.167184632e-09
3.620000000e-03	3.201749251e-09
3.630000000e-03	3.223244267e-09
3.640000000e-03	3.255993179e-09
3.650000000e-03	3.290819760e-09
3.660000000e-03	3.309571940e-09
3.670000000e-03	3.341410857e-09
3.680000000e-03	3.368733606e-09
3.690000000e-03	3.396054172e-09
3.700000000e-03	3.425224241e-09
3.710000000e-03	3.459517039e-09
3.720000000e-03	3.498777260e-09
3.730000000e-03	3.523833284e-09
3.740000000e-03	3.550077745e-09
3.750000000e-03	3.586523163e-09
3.760000000e-03	3.616937038e-09
3.770000000e-03	3.649918991e-09
3.780000000e-03	3.685742832e-09
3.790000000e-03	3.721231797e-09
3.800000000e-03	3.755802646e-09
3.810000000e-03	3.789179519e-09
3.820000000e-03	3.828675281e-09
3.830000000e-03	3.871266873e-09
3.840000000e-03	3.899990180e-09
3.850000000e-03	3.940614679e-09
3.860000000e-03	3.978760552e-09
3.870000000e-03	4.010982275e-09
3.880000000e-03	4.056703929e-09
3.890000000e-03	4.109944367e-09
3.900000000e-03	4.145731874e-09
3.910000000e-03	4.198557845e-09
3.920000000e-03	4.234227327e-09
3.930000000e-03	4.288606579e-09
3.940000000e-03	4.333290145e-09
3.950000000e-03	4.379504808e-09
3.960000000e-03	4.424937088e-09
3.970000000e-03	4.475011320e-09
3.980000000e-03	4.521939264e-09
3.990000000e-03	4.578989656e-09
4.000000000e-03	4.623554396e-09
4.010000000e-03	4.673655004e-09
4.020000000e-03	4.725106037e-09
4.030000000e-03	4.776955657e-09
4.040000000e-03	4.835669816e-09
4.050000000e-03	4.900690138e-09
4.060000000e-03	4.958895716e-09
4.070000000e-03	5.012105412e-09
4.080000000e-03	5.076004955e-09
4.090000000e-03	5.139367495e-09
4.100000000e-03	5.198155678e-09
4.110000000e-03	5.280274382e-09
4.120000000e-03	5.334394328e-09
4.130000000e-03	5.405295224e-09
4.140000000e-03	5.482496127e-09
4.150000000e-03	5.554649024e-09
4.160000000e-03	5.627728834e-09
4.170000000e-03	5.705161948e-09
4.180000000e-03	5.776119352e-09
4.190000000e-03	5.871369131e-09
4.200000000e-03	5.937941278e-09
4.210000000e-03	6.034620265e-09
4.220000000e-03	6.122482819e-09
4.230000000e-03	6.199494065e-09
4.240000000e-03	6.299961424e-09
4.250000000e-03	6.390570143e-09
4.260000000e-03	6.485655004e-09
4.270000000e-03	6.586691598e-09
4.280000000e-03	6.666678365e-09
4.290000000e-03	6.785992546e-09
4.300000000e-03	6.889240549e-09
4.310000000e-03	6.990965331e-09
4.320000000e-03	7.096124582e-09
4.330000000e-03	7.221303177e-09
4.340000000e-03	7.347673855e-09
4.350000000e-03	7.472814169e-09
4.360000000e-03	7.580720767e-09
4.370000000e-03	7.747103655e-09
4.380000000e-03	7.862695339e-09
4.390000000e-03	8.011464106e-09
4.400000000e-03	8.158995361e-09
4.410000000e-03	8.319805166e-09
4.420000000e-03	8.482297654e-09
4.430000000e-03	8.635999876e-09
4.440000000e-03	8.836563193e-09
4.450000000e-03	8.994706714e-09
4.460000000e-03	9.173999561e-09
4.470000000e-03	9.370376311e-09
4.480000000e-03	9.571542178e-09
4.490000000e-03	9.767062784e-09
4.500000000e-03	9.985856159e-09
4.510000000e-03	1.019211758e-08
4.520000000e-03	1.045036761e-08
4.530000000e-03	1.068338940e-08
4.540000000e-03	1.093250307e-08
4.550000000e-03	1.119332601e-08
4.560000000e-03	1.144344420e-08
4.570000000e-03	1.177647797e-08
4.580000000e-03	1.204696347e-08
4.590000000e-03	1.235968975e-08
4.600000000e-03	1.271782772e-08
4.610000000e-03	1.301446388e-08
4.620000000e-03	1.340711639e-08
4.630000000e-03	1.375682741e-08
4.640000000e-03	1.411419770e-08
4.650000000e-03	1.456257304e-08
4.660000000e-03	1.496559151e-08
4.670000000e-03	1.540010263e-08
4.680000000e-03	1.591046595e-08
4.690000000e-03	1.636642210e-08
4.700000000e-03	1.695865051e-08
4.710000000e-03	1.750811225e-08
4.720000000e-03	1.804987151e-08
4.730000000e-03	1.873032335e-08
4.740000000e-03	1.930033694e-08
4.750000000e-03	2.002473126e-08
4.760000000e-03	2.063189447e-08
4.770000000e-03	2.142803872e-08
4.780000000e-03	2.220560590e-08
4.790000000e-03	2.294736951e-08
4.800000000e-03	2.380110555e-08
4.810000000e-03	2.461737091e-08
4.820000000e-03	2.538226440e-08
4.830000000e-03	2.639405375e-08
4.840000000e-03	2.726244119e-08
4.850000000e-03	2.810977787e-08
4.860000000e-03	2.920970592e-08
4.870000000e-03	3.016824444e-08
4.880000000e-03	3.122693002e-08
4.890000000e-03	3.219796542e-08
4.900000000e-03	3.324496953e-08
4.910000000e-03	3.436519395e-08
4.920000000e-03	3.541596670e-08
4.930000000e-03	3.660276168e-08
4.940000000e-03	3.763432445e-08
4.950000000e-03	3.862399823e-08
4.960000000e-03	3.988299854e-08
4.970000000e-03	4.093555527e-08
4.980000000e-03	4.215364458e-08
4.990000000e-03	4.328036071e-08
5.000000000e-03	4.439093255e-08
5.010000000e-03	4.569673235e-08
5.020000000e-03	4.673986551e-08
5.030000000e-03	4.800448686e-08
5.040000000e-03	4.933485443e-08
5.050000000e-03	5.053274594e-08
5.060000000e-03	5.182086030e-08
5.070000000e-03	5.306301584e-08
5.080000000e-03	5.421835264e-08
5.090000000e-03	5.567186717e-08
5.100000000e-03	5.696879063e-08
5.110000000e-03	5.836545775e-08
5.120000000e-03	5.960804127e-08
5.130000000e-03	6.092513998e-08
5.140000000e-03	6.237912818e-08
5.150000000e-03	6.366836290e-08
5.160000000e-03	6.514283901e-08
5.170000000e-03	6.648524969e-08
5.180000000e-03	6.775429658e-08
5.190000000e-03	6.921433166e-08
5.200000000e-03	7.057889948e-08
5.210000000e-03	7.186663001e-08
5.220000000e-03	7.335010749e-08
5.230000000e-03	7.467178549e-08
5.240000000e-03	7.610913274e-08
5.250000000e-03	7.748242846e-08
5.260000000e-03	7.885501373e-08
5.270000000e-03	8.034843891e-08
5.280000000e-03	8.168519633e-08
5.290000000e-03	8.318043615e-08
5.300000000e-03	8.448897881e-08
5.310000000e-03	8.578553018e-08
5.320000000e-03	8.732646548e-08
5.330000000e-03	8.861176577e-08
5.340000000e-03	8.996776528e-08
5.350000000e-03	9.127202878e-08
5.360000000e-03	9.256408179e-08
5.370000000e-03	9.404287298e-08
5.380000000e-03	9.537623983e-08
5.390000000e-03	9.658972526e-08
5.400000000e-03	9.804445129e-08
5.410000000e-03	9.927506009e-08
5.420000000e-03	1.006425012e-07
5.430000000e-03	1.018578776e-07
5.440000000e-03	1.030463997e-07
5.450000000e-03	1.044537397e-07
5.460000000e-03	1.057133697e-07
5.470000000e-03	1.070591002e-07
5.480000000e-03	1.082096991e-07
5.490000000e-03	1.094734443e-07
5.500000000e-03	1.107668616e-07
5.510000000e-03	1.119741093e-07
5.520000000e-03	1.133478409e-07
5.530000000e-03	1.145417049e-07
5.540000000e-03	1.156440577e-07
5.550000000e-03	1.169930078e-07
5.560000000e-03	1.182054008e-07
5.570000000e-03	1.192817526e-07
5.580000000e-03	1.206972736e-07
5.590000000e-03	1.217921219e-07
5.600000000e-03	1.231128577e-07
5.610000000e-03	1.242250912e-07
5.620000000e-03	1.253301466e-07
5.630000000e-03	1.266283211e-07
5.640000000e-03	1.277495297e-07
5.650000000e-03	1.290819932e-07
5.660000000e-03	1.302032838e-07
5.670000000e-03	1.313260722e-07
5.680000000e-03	1.325954774e-07
5.690000000e-03	1.337552906e-07
5.700000000e-03	1.349971298e-07
5.710000000e-03	1.361109188e-07
5.720000000e-03	1.372917367e-07
5.730000000e-03	1.384981990e-07
5.740000000e-03	1.396571549e-07
5.750000000e-03	1.407759377e-07
5.760000000e-03	1.419631987e-07
5.770000000e-03	1.430983935e-07
5.780000000e-03	1.442994227e-07
5.790000000e-03	1.454368348e-07
5.800000000e-03	1.465594731e-07
5.810000000e-03	1.477692008e-07
5.820000000e-03	1.488821022e-07
5.830000000e-03	1.500862123e-07
5.840000000e-03	1.512159520e-07
5.850000000e-03	1.523335444e-07
5.860000000e-03	1.535534282e-07
5.870000000e-03	1.546060663e-07
5.880000000e-03	1.557952672e-07
5.890000000e-03	1.568841297e-07
5.900000000e-03	1.579242325e-07
5.910000000e-03	1.591473417e-07
5.920000000e-03	1.603013564e-07
5.930000000e-03	1.613412623e-07
5.940000000e-03	1.625377861e-07
5.950000000e-03	1.635804280e-07
5.960000000e-03	1.648176478e-07
5.970000000e-03	1.659206980e-07
5.980000000e-03	1.669933434e-07
5.990000000e-03	1.681560613e-07
6.000000000e-03	1.692775016e-07